3291 5866 3448 6144
7877 7781 9363 8704
1631 5896 2453 6329
150 5843 1061 7104
0 3191 1395 5231
8123 4188 8409 5197
8845 1161 9865 1549
6126 4066 6264 8035
1993 0 5508 639
7329 6246 8361 6619
8991 4115 9347 4719
5616 8400 6264 10000
8985 4732 10000 6400
5036 5483 5360 5877
8445 6401 9198 6618
7885 8704 9107 9971
4165 3061 5112 5469
6796 659 7541 1440
2600 639 3472 3078
7252 7876 7877 9918
0 5516 3583 5826
7860 766 8198 3557
0 0 1993 492
1132 8415 1607 9888
4056 9067 4533 9762
5247 6146 6126 7084
9035 1961 9457 3870
8198 1917 8911 3391
0 3079 3845 3189
4818 2108 6067 2427
4917 9519 5375 9863
8874 0 10000 1159
8619 3395 8985 6399
6726 5200 8619 6245
1843 641 2600 3079
6778 7964 7245 9672
3489 2108 4689 2963
1395 3189 2950 4476
9246 6574 9448 7700
7593 3101 7646 4954
6540 4230 7442 5148
3591 4383 4165 5824
8327 1549 9688 1917
4842 642 6796 1533
5990 3088 7592 4065
6099 1533 7541 3088
9187 8944 9985 9983
3220 4386 3591 5516
4013 2963 4135 4127
4207 5469 5034 7636
3472 640 4842 1533
9349 3870 10000 4732
1075 6679 2204 7622
7541 645 7860 3088
1195 6350 2196 6679
5131 4460 5892 5209
7669 6619 9228 7781
829 494 1818 2563
3472 1533 6099 2108
7349 7337 7668 7651
5508 0 8874 642
67 7139 695 7500
5070 7482 5613 9418
9580 3286 9947 3851
1666 9097 2544 9950
14 8610 1077 9920
2950 3189 4013 4383
4730 2975 4884 3055
8911 2653 9030 2941
7795 3641 8618 3948
6272 8458 6766 9400
802 2566 1843 2965
400 5231 1321 5484
2763 8996 4043 10000
3481 5826 4186 7621
9448 6516 10000 8882
2207 6345 2660 8618
1 7648 2203 8409
6264 5647 6726 6183
401 758 812 1227
3175 7636 5038 8959
2679 5845 3138 8622
19 1829 782 2890
5112 2427 5990 4460
1395 4476 3220 5516
