133
1947 5160 3586153
8477 6130 193941
8971 5102 388590
9709 1248 322938
2125 1463 1178942
7278 1807 1615150
8195 382 1871499
6020 5683 280572
944 4727 1183534
344 5698 104716
1587 2257 87271
7478 4369 116311
7648 6293 726407
6790 6974 253979
8290 5777 141583
9329 3052 945340
9005 9856 1872598
3942 6599 748058
6459 7843 601266
6818 2012 83668
784 3636 638198
2123 2812 796481
3655 251 112361
6181 3880 5161
7551 7003 207982
7948 3100 1594586
2202 9276 1711417
5794 2854 3009489
5182 804 1146557
8191 339 346419
8538 2931 87108
5018 7706 3015767
974 1840 400658
576 566 560531
5959 7788 1600171
2986 6278 473458
8713 1062 2503007
8112 9631 933545
3248 5 1112466
7204 6871 304364
3991 3371 68953
2199 2676 721832
5162 484 676519
7011 7086 1469328
5243 1674 1277673
2084 8366 369245
3027 2842 928210
791 1966 1014606
1326 1799 751018
586 3873 1921908
428 1683 794584
7505 8485 702943
9314 7753 584089
8055 6887 122294
2788 507 1710897
4092 3432 1872624
8270 8525 1338414
5607 6162 87039
6135 6485 47378
233 5595 1853048
8919 985 185298
2381 7972 1677621
1246 7497 37616
7110 4339 489181
230 9651 782702
5498 6713 105774
4306 3850 393390
1543 4006 469035
5177 7653 124401
3639 7239 1066522
8061 5558 114383
5472 55 595339
9689 9135 327816
18 3011 604900
2600 7358 21516
4761 8966 1967978
9856 1945 1925713
4493 3413 399237
4106 6192 16574
1114 1768 461945
6093 7447 105040
6723 6553 179105
9489 5032 523855
4762 298 97707
2127 5550 620773
963 1209 254854
4297 2806 632670
9014 1781 963634
3591 9265 541907
3098 7739 320663
8380 3420 2058041
2269 2887 1076784
8363 7100 1012722
2289 7054 168448
9721 7823 80942
7392 5815 80749
6032 391 69274
9595 5054 472540
4171 6567 114955
6992 1380 74275
9801 4367 1095153
5355 9694 677363
7822 7943 356637
4247 7736 294299
529 7149 134101
4974 8892 263384
8289 3590 779881
8347 5301 562857
41 9921 1706450
4684 991 1320486
1119 4204 545099
799 2874 42194
4605 1770 1196933
9922 3112 841778
2908 2795 876033
6614 6103 189214
639 5236 177860
4689 991 421330
2112 1856 54292
5935 4595 837060
5142 7074 753123
422 7688 440407
5547 9552 473877
8757 721 1437097
1611 9214 113447
1946 4405 535691
3705 5625 2047422
2615 5681 562038
2689 9545 947601
1891 2544 283062
2225 8907 1032569
5534 460 1483322
1193 3704 1127217
