192
1624 6019 150680
1029 4326 506124
9365 6474 323721
2327 6823 1442317
5062 3658 550246
3682 9487 41693
4766 1532 1083397
3232 9476 1541498
723 344 178456
8876 1107 450609
5270 8135 500184
4441 2389 82865
2539 3142 454806
4412 7367 565948
1903 920 371315
3235 8570 885708
4192 5236 105214
8855 9821 159050
9516 5559 49052
6947 3702 79540
6303 9817 364628
3668 3417 35849
608 6721 3395
3235 8008 1019810
8192 7700 1023081
1613 4102 444314
8525 706 365079
4037 293 51447
6816 3930 54180
6830 5043 80776
7982 1074 266771
4759 9743 650799
1627 1095 38192
1505 4746 184657
3191 2583 186442
6557 5189 176749
1776 2958 395561
7477 353 130133
5634 7352 386038
4871 7148 994088
8831 9162 534838
7001 6848 71178
2305 9004 450098
5050 8510 320499
9721 3464 351629
1063 6103 405176
9225 2892 369920
202 3490 366799
3457 1436 675021
8459 7350 85859
2436 1575 185519
7984 4202 200553
2389 8418 339658
2854 627 678600
5716 1066 333955
2782 4954 282508
7070 948 524937
7331 6081 1807701
3873 3498 375117
6693 970 121967
9963 1603 250243
170 3486 84419
804 3797 638918
5638 6978 1160648
9733 5294 627667
6386 4776 552598
5 9403 376029
964 9727 315893
9766 9026 590044
395 6520 250262
5742 3015 787446
6872 5559 1304908
3229 5498 1532470
9428 2943 316876
2627 9976 56877
897 3533 162183
7774 8299 812018
7347 8951 392765
3333 6303 289111
6072 1464 168860
491 617 1206926
6982 9991 45184
5077 1101 365495
3306 6226 243991
1213 1041 1501895
9803 8961 891845
5451 1918 619013
4641 2683 93381
1693 1892 608243
109 387 635910
3684 7451 185968
3854 6858 317216
3743 8297 709293
8130 6248 510930
9896 451 989425
603 5690 541162
9031 5899 738070
4643 2239 801726
2883 4510 2893356
908 8754 432551
3075 5320 361430
2311 9436 117967
2790 2177 190271
8657 9238 1349547
4574 888 1466560
7256 2373 447614
1304 8266 203981
3898 3154 190684
1755 9845 125607
6797 3867 178110
1785 8157 73755
7401 2612 1537351
6984 6 82720
5628 4124 452363
626 3330 291914
32 2771 235976
7085 6299 41958
7635 26 304656
1524 1375 1056794
8066 9348 169573
3603 8465 122827
980 5692 331510
5191 2445 660899
2123 8294 35972
5530 2546 66760
7876 3583 142814
5767 1865 641604
8432 32 17882
3684 8128 317965
8811 7610 146516
7431 1207 229944
8940 330 361739
2561 7223 383301
2161 4753 1902657
5974 9215 2562501
5791 8520 562001
9380 6348 1169341
5341 7245 914231
810 322 202330
4308 7797 370561
2872 2586 1793347
6119 7886 1034693
5254 3073 354123
8279 8967 326695
6942 3512 878175
9201 13 1272279
2724 1206 152407
6001 9282 475701
2493 3538 353855
4522 8528 585511
818 6482 122804
5779 250 4763
192 5099 508284
2105 2431 595463
6766 111 772038
7454 160 216001
2473 8913 121517
1069 8662 568533
1125 7052 597053
3755 882 165472
851 1517 1345643
1334 2493 795516
8355 4772 586395
6459 9431 765927
5023 500 332508
2481 7903 495595
7386 4220 72745
6145 1675 473838
9209 4492 1130059
6368 2669 204414
2224 6036 1434855
3439 9842 531995
3578 571 325196
8917 2560 449145
1854 3041 46736
8287 991 405225
4643 918 962859
709 9718 104092
7330 839 535411
4582 2234 565725
4830 4921 111676
3622 5184 1287522
2971 5464 583811
3269 2533 417925
8868 4904 832234
2643 9127 688017
8601 8748 221087
9223 1286 121160
9061 6546 356809
4008 9275 428492
1091 6194 1895436
7545 2755 713293
