91
4704 528 2648950
5920 146 275871
7985 5594 90328
8360 6096 2005763
1983 4863 1401391
2936 3459 785161
7699 4129 475278
6341 6360 4261051
5821 1668 1268669
9934 2853 289278
2658 8399 1753653
1533 8774 1536780
9927 9522 241295
9842 2719 1343468
4925 8649 1023236
5698 7522 1374224
5037 6897 1336716
1877 6711 2041483
2387 6915 335906
2734 4209 230352
491 9750 232245
9307 7698 386011
3450 7159 2008986
1081 1912 1809989
8509 3533 386472
6942 4597 372346
5546 1916 1567210
6585 8797 86856
5203 2639 2358284
4300 9608 27483
5264 6711 1634063
5962 8151 693579
5349 7683 24712
2474 8018 148316
1429 5909 1012319
3957 306 411331
2953 4179 324978
7182 7367 1200124
4181 636 1257071
7747 3701 1782823
3020 1859 1968383
3903 2871 1354501
4963 4988 1585324
169 427 4604323
4629 8335 1739367
843 2624 2184607
4488 6381 1798396
5517 5539 1839501
5128 9621 1418809
3597 8002 2548594
6795 7036 1435882
4619 9734 848171
4431 4924 4170
974 7353 3362997
287 5230 125468
4486 1922 2132395
1688 5530 986953
9205 6086 525181
5346 8441 1588164
9953 4978 2914852
9924 7095 30862
9071 5397 177932
6353 752 1550371
2740 433 363382
4143 811 570369
1468 9597 1062128
9752 7290 244258
5021 6557 812732
2277 899 522350
1089 1889 220364
7246 6284 351539
2815 5694 763247
7476 1423 44438
6033 171 1162176
5745 5560 3032742
2543 2420 326949
8735 7988 798778
8347 5606 76324
5159 973 1015416
4280 7219 932829
9762 5268 160767
5969 9879 186098
5623 5452 1599152
8960 2495 1209527
3398 3462 3373550
5684 9818 30469
2985 650 42944
5802 2176 331504
5285 2635 15198
6696 5855 903048
3566 4390 678468
