196
5948 5376 2175286
5022 5248 283737
3872 2526 146327
6089 4745 461571
3063 1555 50985
2806 9863 139431
8050 5286 829031
5745 982 848435
7794 1525 2312444
8801 8898 63277
4667 4072 130259
9990 8232 148567
7070 3303 183154
6838 3420 1070895
6611 7796 25592
1321 5872 172898
7674 1765 919767
8678 9190 412777
4331 9900 100772
7319 3457 465295
1614 8833 462889
6589 7856 1134454
9334 1114 226745
1819 4020 576058
6578 3416 986608
314 324 1013621
9713 4781 529246
4468 298 1099740
2514 3367 420793
5909 9816 610782
5448 5143 33570
6440 4853 84467
3150 2262 250629
9265 3878 308492
8251 8803 316625
2870 8227 16209
2121 9458 175723
3898 8087 359982
924 4366 5357
6923 9598 266402
5944 7557 619685
2086 3903 91617
5554 414 1034505
5627 6805 681804
1303 1477 1573828
2151 2089 341822
6486 6173 577043
7417 3586 154754
6064 5259 1176798
1909 4639 44047
9018 8166 653871
6348 5921 506013
9799 3795 1486596
2899 1711 206305
6335 3932 1477415
9226 8786 578362
3481 8379 39391
6915 9496 784690
7426 8006 243129
3168 2031 695706
7450 2924 244201
2388 8445 982868
5361 8775 550250
2031 3225 387016
1079 228 487797
7757 5190 33840
3877 5379 548221
8998 9377 1086206
6007 9594 119977
1076 8191 61094
8873 2065 164820
453 9670 520452
1222 8106 432376
6549 8633 34179
8124 4606 1510701
4155 4921 219242
3802 6159 324164
3324 2767 80265
179 3940 44986
5017 3425 325478
4909 519 288378
6453 8185 531786
7589 1717 23296
6308 7736 706351
9096 5835 208695
9085 6726 41563
1115 267 131152
7245 8264 82399
6797 864 691039
5566 4683 1505824
6817 18 335056
1353 6330 411128
3453 6735 97218
8642 628 1053141
3381 7884 277120
9747 4729 27364
3654 8198 13988
5703 6142 359338
9334 4251 292278
810 4438 355676
1050 5300 16548
9945 7100 83373
1795 3735 70936
802 7923 81380
1518 7455 2708499
717 1121 693938
3068 9468 1004672
1878 8572 449768
5492 2188 6493
4464 5223 172508
966 6139 165552
9348 3852 246918
7736 2175 301087
2764 5300 51051
8355 1234 310163
8793 2777 816693
2773 173 427826
7523 8007 103305
9076 1369 245027
2631 8873 1041075
8039 7592 327154
602 8489 434094
7279 6549 394045
1435 8626 702965
8661 8758 156735
2082 8378 1368188
2886 9651 1323264
9506 3125 812238
2126 1560 77632
8037 6583 71686
4684 1099 603995
413 9656 292100
9399 4260 16892
9811 5352 775806
8051 5199 18880
5 6834 827207
1019 4549 136003
8529 7571 500740
9256 8322 744176
3992 2871 281388
6685 1644 1033204
4346 4541 1588640
6483 2861 89682
6596 7166 776899
1446 9525 133966
3192 205 250867
4688 5283 171293
9148 4331 58767
8551 7132 66536
8580 1605 568716
7202 9451 476734
1800 2818 337430
3810 3033 118446
8668 1483 391126
5004 8730 634056
9519 3270 1164407
6482 92 254401
8219 21 1442118
6324 6663 276136
8199 8110 641869
1142 8060 213245
4183 3799 263135
8591 2259 114238
7638 2345 338231
3536 9657 825965
1352 3093 654299
6557 6781 339525
71 1891 107325
1910 24 113099
3297 8108 180379
9880 5201 488750
8648 2164 1413007
6170 3191 70063
9243 6993 445060
9818 7686 877446
9981 1827 661363
1145 2376 1068602
1741 9911 1492971
9709 1755 496853
7617 4459 1437895
6526 470 318967
3952 6137 1023807
1614 5792 573611
9639 6759 59800
4313 1073 418576
2710 6384 1361219
6946 2429 311530
560 7454 100243
7559 5158 997500
5148 4349 1138784
1391 6526 65896
5597 9176 792050
3606 392 104741
9889 3376 911907
7114 7483 896008
3010 4845 1609421
