102
7546 2970 273474
2284 7687 3114565
2573 7097 1222626
8876 1600 893625
9678 2156 2134346
2537 5069 414018
8765 7527 2277712
6643 7854 1033024
5735 9736 325984
6399 958 1172490
4601 9970 279494
7616 519 1018548
9980 6134 443914
9340 3923 1376879
6071 8653 830294
5749 5716 161351
6030 4394 1212223
1368 4214 802024
9319 7185 181169
658 5513 1643446
4622 3684 755107
4153 5213 711587
7795 1734 224997
3865 8832 1151450
946 7927 551820
8180 2170 579592
4811 3268 541698
9015 2853 764752
1441 1231 329145
7037 9161 679038
587 3227 572853
2879 6743 2895981
6242 3479 532272
9246 3264 505240
2814 6713 120995
4287 1311 2689675
4412 9765 77864
2654 9376 719554
7437 9366 748766
1950 5778 1409432
248 7330 2168239
367 4731 215453
8430 4775 972714
9076 2748 1302156
4872 1301 121110
7602 6068 553613
6702 6329 1684485
417 866 684962
3966 6507 464013
8204 4370 853541
5733 7630 130486
9701 2915 1330299
2863 8435 686604
385 5149 1429537
3270 2745 703409
5796 7907 179624
9935 7533 273953
3764 4323 215334
2745 7920 998010
5519 840 1182944
4864 3940 869954
9545 2162 377698
8729 2304 756300
4897 4949 495075
4662 7499 643227
1915 2418 3328178
9826 8048 201684
5723 3948 55800
5929 7620 1844818
1861 1712 2813388
8028 2856 2214944
8667 2590 589541
7446 6051 1571618
4795 4973 163604
4345 3141 857463
4458 814 379869
1323 8821 675915
4014 6901 1529747
1416 9881 1888591
32 6899 2363711
8855 1869 7775
3451 469 464819
6254 4197 1261597
8752 73 2393245
6858 7854 395130
3096 4422 340473
3528 1041 309696
7906 1333 642469
9579 1355 1569492
3132 2785 1886204
1743 1668 2697529
1105 3433 133319
8172 6467 303963
6712 2312 948022
687 2734 821895
6340 9766 2550299
5831 6441 850131
4802 4916 3716494
8731 1476 336378
3005 1947 231133
1599 2918 31547
2082 3032 963755
