65
4262 1506 1562303
2878 1450 89351
5106 788 596389
5143 8985 1772059
5642 8210 1051894
3182 6631 321593
1064 8862 2210039
1609 3538 1954250
5668 6379 1818823
9379 2993 944850
3230 60 924928
660 3054 1042097
2564 5326 277754
4682 2920 2295477
4451 5570 47405
9548 6596 1187536
3627 4821 4932981
3540 793 1347908
6603 2959 3608585
1838 726 1498286
7232 9470 4503285
522 3369 425844
2023 9699 303340
5335 4947 326936
7578 775 1864511
382 4694 1799265
4942 9616 44391
8389 9421 997134
9614 7303 5390454
5446 9513 4425778
493 2289 1524871
1946 6491 1407068
3161 916 1135547
7561 12 812264
3824 2405 390449
7790 6055 189335
9515 2314 61139
8614 3249 1854664
2168 3199 2510378
2137 1245 145769
5993 925 696779
1995 2062 1527346
1482 9978 1148032
2078 9895 172734
8550 8082 443169
8185 810 2166576
6847 7434 769838
7450 6564 417859
334 8198 176474
906 2785 3006235
9183 7610 4639869
6060 3207 174676
582 7131 55317
318 8545 1368907
3802 281 3928883
4069 9170 1396149
8220 1381 4319515
2100 2719 6014212
6774 1165 1631235
568 578 274564
5749 2312 185264
8326 6021 977441
1651 9160 2461399
6160 3263 2037306
1376 2817 413291
