122
7727 1012 67913
9375 1592 492624
1855 8205 453868
6571 4380 980003
8704 390 243573
8498 914 447570
8044 89 151229
2234 1976 1921447
7392 4492 220693
7808 2231 114692
1861 5857 28161
2282 4899 804427
1727 3559 554264
9242 8346 1344875
4817 8549 692787
7221 2907 683498
5383 5657 2633824
7152 4807 223667
5423 9893 405663
6707 4768 404355
6043 33 2120342
4100 8503 427827
5409 5968 352212
7955 7603 240909
3934 8162 462948
3952 9457 153464
1877 6195 535884
8014 5302 1552452
940 8734 596135
7963 5999 978222
2101 6020 674242
4782 6541 1593622
7613 6185 246919
6044 2550 694783
3324 2489 53476
7626 7547 809656
7430 3535 1174144
4350 1788 1423237
9844 1697 83597
4208 4188 789024
3963 8384 699815
7598 1127 590886
8352 6504 2144380
8813 3784 602188
1345 8710 641312
5765 1243 745937
4949 9082 1008607
9332 3872 1312074
4436 6275 966948
5110 5402 1387427
4659 8999 621295
720 469 928599
4362 7663 709100
1253 1402 1027791
5964 8360 366570
6967 5721 46885
323 7122 53675
7131 1936 146971
6318 9042 417912
4067 7057 1508025
7237 8250 1818173
3700 4141 1184182
9107 9277 234163
8561 6001 462017
5873 6313 280949
5387 617 1466190
1116 4458 1398331
6824 2483 503180
5102 2799 416861
2356 8635 155211
3830 817 64640
2634 5343 1584728
2428 5453 1229097
9590 2026 646297
7653 8590 365545
3040 4322 134135
563 7599 1453011
3673 9261 250932
6722 9597 1723392
2560 6549 270192
1460 7871 251702
1624 1664 60129
4208 5136 579880
4946 1431 922162
5474 6431 127208
6727 7461 516455
5314 4551 1950414
275 1844 398325
6675 1103 130211
4919 5063 686734
5338 4939 2928377
8469 5987 1124793
9608 3393 941423
5740 8629 497805
5042 3696 2791460
1605 160 948931
3106 3467 225920
6681 6677 249399
1522 2275 148383
8205 7929 2643750
6891 7510 585070
1324 8892 396085
472 6646 3006354
6635 4892 1166491
1592 2823 1325554
9275 9862 2841906
7716 7056 1505358
6877 4954 97653
4032 2244 606161
3543 2267 495978
5435 9059 1522764
9111 3716 1415653
4628 2088 300825
3040 8806 1551474
3737 9958 282796
9415 7671 1313488
8040 3769 252204
5851 6072 54080
1829 9445 392742
1085 9301 270717
2296 5387 1403925
2416 6777 1689410
