51
1380 7960 2068051
6517 2975 374820
4447 9295 2384091
6762 3764 353735
4534 5917 148008
6267 2542 346553
7576 6219 360931
2102 3842 1798159
6174 1452 354862
1881 7785 4817335
1318 9198 552935
7954 95 2279761
1388 2918 13213
7038 1968 658168
3677 7035 1118027
6295 9787 1371428
460 369 5410933
7421 3637 3343701
2190 6240 2864890
4393 3284 862421
3205 6436 5222315
596 408 471439
1022 917 2031787
788 5283 411007
9621 1274 7383327
2876 3186 1762345
2333 8782 3394413
9987 5162 6210106
4499 1652 20563
4192 7023 5233565
4274 2616 3610064
6180 6 42470
5906 8742 3460321
2204 2482 928380
4605 9813 362223
9963 108 1623974
7128 235 3887187
4420 7322 93707
6493 3934 5188724
1812 1714 291141
5562 6288 1296182
555 4496 589036
5528 936 140832
9779 7976 889978
3135 7715 1348552
7081 8652 1371622
5355 9898 1363162
1822 8042 6089822
7513 6221 591768
5513 9136 3019175
6721 2615 188791
