55
2815 920 2258314
5028 785 399323
6426 7019 1361161
1628 9698 2056315
4525 8857 1271804
3856 3376 28853
9713 7285 8119403
8048 4305 2898805
2936 6010 1412930
6029 2908 3498989
2817 3612 1655923
9481 5213 1123905
1813 1276 991524
9998 9814 1459088
2773 6880 3047961
1589 563 3178607
9074 3781 1273407
320 1919 69044
8232 3908 480730
8268 1032 176600
4587 8214 1616609
8323 4883 7536829
345 1025 2266019
6542 6250 199639
3498 9361 806093
8059 7326 1427267
2409 6003 176578
4586 9713 716810
4293 1989 1244193
791 6219 6633828
7093 9053 168637
9944 9605 523814
5623 1458 2305566
2032 7675 834960
3449 3511 773651
2204 7317 3380698
5655 2316 3297683
4766 5440 495304
1800 937 1930714
9503 5610 1903312
6536 5315 177155
7909 13 721798
9111 3193 2560636
6490 8479 658210
4415 2613 132630
3762 9127 132906
8416 3463 2596158
2520 3726 2115565
2027 5941 2219396
9901 2503 974207
9705 804 1352188
5660 1089 866302
5121 3486 1203486
8102 9648 6275778
9334 9779 3012695
