80
7092 9107 461152
1075 7066 76510
7227 977 202029
6867 8357 248563
8678 951 230426
3054 1500 88440
9789 9261 3499789
256 7729 6762
563 2090 454256
721 6474 853840
4124 5752 2224014
5196 993 255520
4735 4923 199220
7952 1786 4839480
605 5498 858774
7315 6115 1937087
9937 6847 1192347
1077 1451 7573
8869 9449 1423676
9267 5974 1820890
4400 8056 3303948
194 5301 849233
7635 5569 107908
6648 9668 1898492
3080 2879 1412329
2016 8159 262116
5416 380 78629
7676 7285 842352
7282 3324 2889584
7390 6278 1312605
6618 7451 2252873
5630 4613 1789031
3662 4290 361347
1982 3075 1834564
1552 4302 503123
7710 8322 295630
7458 3273 2829737
7919 6966 147039
558 867 664070
875 3698 408476
4167 8360 1285845
5593 5901 377964
8166 9402 6325724
7762 5280 4959950
1859 9337 674362
2869 9621 267885
2769 8343 318814
3057 390 543987
5791 8037 930868
115 5515 1509963
8684 884 256622
2681 9428 389631
6965 8024 542688
4756 1762 6218008
505 2182 2423597
1297 1134 47126
3435 1151 1855561
8141 7550 1616561
1948 3029 4424685
4113 2922 1455531
3025 3093 32590
3442 2273 495616
6533 6800 2640145
9603 6038 563385
4438 5802 1040914
796 7686 1677135
5878 2444 388209
8707 6274 397481
8565 6754 885707
2922 3342 2844082
9967 1804 905922
5051 5207 484921
548 1944 366956
6421 9229 498712
9796 6737 517064
5270 325 580995
9486 7469 734927
1450 8570 1387363
6678 2629 328026
6821 533 1881044
