171
5947 3386 913028
1643 1536 279060
2498 231 105401
2153 971 1128070
6650 2870 124928
7689 5990 84353
1274 5072 539897
7207 9853 215621
2714 8125 84989
7793 8033 661958
738 9496 717277
3579 6144 57448
9825 8734 236224
4515 6917 116873
5847 3742 327180
3694 764 154697
7169 1990 20667
121 1800 56515
2172 194 912309
929 5373 672826
4505 1806 81830
8935 6532 1232228
7970 8171 1198339
6440 3052 1449839
950 735 612939
9018 2203 1424682
1077 5317 83884
5431 6410 653888
9391 2951 547274
9471 2515 544737
565 4656 957675
7518 2002 15
2046 1025 140647
812 8968 96033
9017 1231 118696
5797 7549 1578599
6114 9600 785589
3653 2839 250884
6001 564 870213
2524 851 114459
8542 2503 461458
6157 9790 696143
5419 7063 315896
7025 2503 83926
8038 19 156006
9734 283 216533
5680 5915 243499
6917 8569 1184273
9221 6325 774486
5690 360 116270
6568 6210 876417
8598 1342 269392
866 1192 20474
8618 8867 1213003
3704 913 1065248
9063 6813 144105
2606 7620 7076
1781 8140 991056
1076 9723 643844
4709 8347 3526533
2768 432 350989
5124 556 168073
3740 4394 1319830
6595 3455 927088
9872 3345 245724
8349 7212 586021
501 5147 461458
7289 61 104629
7986 9536 77969
2819 8264 368889
3123 9475 2079794
2775 6793 482206
9157 3115 997551
1342 3923 431652
1891 5255 36568
1767 9101 1235071
8030 384 50802
8 2883 171366
2801 6467 1021451
1509 3202 34594
1024 9776 620245
8847 4850 311387
636 7837 506085
6760 1607 407629
5598 9830 22084
7673 6092 400271
9613 9032 140494
4539 5208 1322941
2561 8555 801069
1259 940 795424
5685 8260 227487
7653 9844 618320
8223 7976 459295
1468 6304 166528
4797 5455 131969
7207 6573 16751
6264 2435 971519
1883 5046 1073721
7613 8672 306403
9439 7544 350667
901 2631 1969759
2708 4566 244387
6640 4634 2574191
2074 2455 1053990
9804 4806 165059
9034 6940 82147
5132 3896 107129
920 2858 1012310
2700 6570 601495
3648 4332 1248640
3367 4572 52292
99 8063 997778
9391 7918 624857
3914 5279 444664
3242 545 233631
1767 2859 972789
3391 5532 33671
5657 3102 1995673
7535 135 617697
9149 5636 192561
4506 740 155366
9960 794 175057
806 7194 166077
3643 1100 271177
1551 2028 993297
758 1278 352122
5444 6164 1400196
9279 6613 66086
7801 7896 151719
4767 4310 78947
1419 9242 450367
7784 1685 1318105
8813 1951 180166
4903 4980 5304783
2409 6393 105652
108 5826 227782
2 3026 382282
4171 8702 335114
260 7532 124175
8758 5252 118057
5494 7924 369029
7416 6098 267232
1259 5011 664521
1413 7666 493323
5499 1804 79666
7108 8710 718839
2898 750 1066301
4149 9771 87439
9705 8604 1194521
6301 3496 456159
5046 1071 147413
8461 6728 49266
4370 6645 704811
4441 47 2643633
6816 890 522858
103 4315 195408
5217 3139 370021
8742 2122 3783491
8930 4932 39932
6386 2134 165304
5332 2873 341718
3881 2498 58304
9869 2293 22642
5457 6262 1425965
9800 5167 304862
5161 2306 162613
9437 9987 154746
2964 4200 26172
2304 3230 469329
5160 5545 1375303
2126 246 98509
