67
8140 5111 405408
5495 9135 769129
6984 8964 1092293
4791 1329 12100
2684 5214 1082136
1959 4149 527807
2908 4024 989115
5220 3172 701155
7360 1616 665202
691 5141 716677
1060 8628 5342419
2833 9226 1020442
7347 5884 1524234
6436 7647 3102360
2080 4660 1183774
3389 2437 1791525
6403 7864 417895
8276 7335 1363635
5483 9023 1641943
423 4767 2929817
3185 9811 241187
1793 1233 503445
2400 6027 249713
4076 6858 465744
9173 5327 7412143
3829 4013 516276
6802 4673 951573
5273 4173 2144068
4774 8925 992351
2484 821 4127134
305 6442 1059773
8922 6814 409604
7461 700 1144083
5820 8703 310401
8243 5381 1887687
3100 1470 512865
5743 4005 625122
292 3863 4233129
2039 1527 1491676
8272 7697 1062012
950 2512 284786
4083 3410 368507
2658 312 135784
885 4305 4252283
7621 7262 4062038
352 9454 244273
5308 1944 1841905
9763 878 1485898
5618 1727 2568941
3289 8301 235425
9600 1960 2981226
329 5244 4110387
9917 7190 173188
3539 8304 1096524
445 3286 1322268
433 6418 152425
1079 1146 2041883
595 3806 962160
6928 3636 634824
6434 374 2237713
2061 6063 3267204
6680 1168 1994055
399 3796 1606269
4768 2688 334721
431 201 1681832
8038 9568 420181
376 2704 1884248
