158
8151 4290 1315796
5382 9715 618236
6777 3354 42709
8012 3120 634533
4374 9415 1638430
7608 4124 1906854
4509 4522 1034805
3874 2085 191607
5166 5720 243243
1488 5911 273986
1506 5479 48026
5776 1241 261471
3393 8062 683916
7654 5612 199405
9597 7274 376642
5170 5969 470281
4891 1760 608473
2673 1025 241065
5432 7503 2170667
8485 5301 350590
898 5042 63223
6767 7738 397043
4843 2204 649479
5688 2065 238739
8483 9181 690190
8582 3124 597660
7051 4665 402645
7258 8124 1697549
2842 6588 199789
4438 4992 46321
4052 6959 300445
4942 4162 405098
9519 8115 2490332
4939 5786 356838
973 4170 1272579
2045 2910 80388
6208 9789 363744
1013 6080 482476
1291 935 544894
8455 2448 220604
5077 6260 6885
114 219 233979
740 7872 355008
2649 4283 735702
8330 923 1357565
1659 2322 480513
50 8364 1565228
1360 5491 135199
1866 7258 781193
2214 7489 1329415
9881 8390 442509
8898 369 353051
9138 3649 383859
6891 7300 158017
2770 4717 1230135
7808 1288 1759042
4385 2607 801359
1053 729 24773
8043 7133 521304
123 562 512165
7233 8096 530225
1408 459 1362526
8908 7284 235772
9697 3788 1529071
268 451 216761
997 4176 1964203
9791 6395 1050210
7366 7605 139821
4575 8146 1678064
9099 4625 308153
1449 6514 1253250
8741 5565 248901
9889 6494 137876
8945 9951 701108
7641 4103 19924
3717 3007 1710926
8319 4289 100014
8247 2147 368496
2837 3658 325004
3852 3379 803084
4080 8789 1336680
1653 351 909008
5630 3344 426991
6658 8167 220606
6796 370 555513
6343 1365 66332
811 6033 162649
9415 3604 1773317
985 2545 1391727
7896 2829 320372
3576 4246 312595
2167 8813 3226
7066 1087 330075
3755 1706 2392906
4530 9317 947273
8012 3207 256193
711 5365 158411
4300 8905 26921
1692 6806 1132583
4646 1142 117593
7697 5302 4582933
4105 7992 1198898
5475 2767 720605
9158 5322 718778
6660 165 245660
6934 4726 507348
7744 9867 88816
8437 8650 107655
6469 1628 302937
6845 2196 120139
3469 9005 313903
907 2207 314695
1277 9493 244608
9832 8846 562608
4210 4401 1182332
4060 9944 2461220
5366 1601 31614
291 7636 52917
1488 8190 949037
6533 23 487569
8473 615 314874
8803 4676 525953
3699 826 125656
185 771 377029
9281 1310 1257464
3898 9407 453993
8767 9713 137057
3371 2522 986943
2548 2308 42749
7336 7424 78016
2853 7211 12755
8048 1259 495918
9215 4336 116570
7616 3686 323103
2974 5142 440557
5379 9523 126467
5309 4846 979178
5784 1157 31098
5127 950 397314
8341 3164 265655
2368 5955 802426
4071 7589 437699
125 5457 108864
6357 9278 420964
5678 4191 104500
2235 8322 3492
1419 789 13932
6564 9128 592901
4664 6250 4163850
5907 1542 213345
5419 9813 511491
5574 5936 379925
6821 5354 353329
4578 4353 662044
6679 1234 858115
4205 8534 1446210
7078 5512 258213
3425 6696 484047
