198
1295 7425 214271
5650 9685 717008
7856 3358 2105080
2901 2533 12198
2814 7483 115145
3883 9620 412543
7909 6638 618195
7633 3287 446951
5275 6112 255854
9861 5184 125544
2302 614 89369
7433 5149 551878
7630 3814 156444
4234 2955 651592
5179 2369 1123496
4882 91 411705
4489 6986 247997
5431 9024 228217
6904 5956 335079
3766 4557 336598
6318 2804 137841
1194 5723 549861
3629 412 1928532
2815 6866 11258
2886 2870 1228964
1745 5083 50322
5591 7135 1200972
5125 8415 672666
8195 5335 837568
1777 2108 633585
6407 9510 361329
9555 7248 490016
4620 9221 126268
3833 6793 32063
7736 4003 557820
126 7036 61224
337 3811 55862
4315 3896 319742
9496 659 1138380
9262 1904 401548
4623 651 398342
6303 3222 677438
5486 4207 2215595
2723 7559 199268
155 8835 329204
58 7943 1213436
730 5209 17861
6787 9085 626445
3245 7146 101215
5101 5437 437426
2717 7687 170752
9420 1288 1043617
5512 8266 633526
2752 2843 1405901
4417 9694 29608
2223 8487 10761
5323 9483 15707
9433 2033 335253
5573 1408 770062
7033 797 910006
3986 2300 548489
6669 1345 842780
9180 9967 390502
6835 7236 2004897
8574 7195 34163
2116 6733 268379
9302 2792 703638
5961 4424 136676
9291 1803 672
6689 1262 379907
9005 5233 334791
6591 2820 368631
4690 6313 1201065
6048 9865 677252
5554 9087 1668349
4372 1833 158300
1258 3161 133318
2369 6273 377282
3010 5997 79132
6764 8627 215497
6391 4490 13028
2844 7798 163665
3718 2128 462725
8445 2892 1580139
3000 1485 370654
5950 9797 643493
7801 1906 55227
5918 3197 1296658
3998 7453 209623
4873 2601 91620
6175 1307 44598
7087 8676 796242
3965 3752 205096
2357 4534 147242
3079 2548 1046972
1361 1835 30484
771 2003 894269
242 4424 430168
5467 9684 26474
1511 1710 3144
5190 9558 146942
1790 1384 163480
4373 4230 44407
4908 5930 15760
1502 7011 839969
6997 4204 65258
6698 3488 101598
7704 2898 1129742
2518 9882 1054180
6966 412 315918
8469 4615 1173318
1516 7488 257370
5167 7998 1783066
7175 7774 2052980
5271 955 9725
1324 9402 261414
7377 4677 641937
1817 641 564380
1445 1277 1946862
9265 8037 172433
5292 3403 178559
1244 8712 640389
9288 8582 21073
5130 6898 254051
4812 1612 295956
3155 325 117616
2207 3489 126745
2948 962 608918
5756 3990 81637
1821 3593 125764
6312 1860 139631
2872 3805 2876736
6740 7101 28141
9022 6934 135220
605 7300 377755
2070 2757 30402
1021 429 163124
6997 2818 1016120
7008 7247 121546
3942 4536 1248753
374 460 679018
7793 374 918554
1927 5962 602415
7296 1584 91178
9096 8998 457361
4904 7610 186649
8146 7124 275925
1228 681 34757
1463 4993 851869
5984 2432 12355
308 2413 320961
5849 7526 1078571
9102 4765 379987
3272 2893 379409
2041 8107 181365
7119 5721 998190
5979 4336 153296
7780 748 885236
9257 1415 771879
6049 684 655499
947 7162 201946
9417 3004 545278
9391 4290 361195
6658 5390 349503
2207 6151 633194
1680 3977 800410
2573 5920 334238
6326 2651 966423
174 6804 340420
6838 5321 81284
3636 7545 728661
8913 6571 1142144
1090 7316 12353
6012 1410 348573
3742 2874 825066
1537 2150 241157
8493 2844 163233
9223 8692 556618
7568 9524 389605
8286 8505 532483
9908 2073 231816
3275 298 67485
2649 3637 722012
6550 4034 119083
2749 231 565761
2036 3329 276075
9288 5468 278712
2857 9887 341448
755 7894 89094
6961 5191 92022
577 8462 1161843
9119 4838 1165790
4615 3250 531015
9184 9264 24847
1379 2679 812325
5971 546 415537
1480 4021 1600321
8417 3797 180032
