158
3862 4092 306475
5433 6936 1923666
4762 5541 1088418
1289 8994 369986
9071 5861 845681
9304 4817 446198
1611 5165 1490735
1988 7148 63905
795 7460 312677
5956 4948 1205757
3976 1221 688602
6399 6440 1369485
9126 6453 721696
5288 3570 671967
8049 2529 1247666
3579 8712 441430
9629 9005 182464
8520 2539 344687
1529 2455 2791296
5503 5745 350223
9529 7583 1163296
9840 3823 340681
6841 9327 834976
9427 3416 162238
1879 9655 129445
9155 416 1505845
9974 2819 39217
5259 4088 720641
1563 4288 265518
6186 5832 508783
2382 7900 1342291
214 5358 1592476
7952 5066 764115
1126 3186 188290
1848 4098 974441
1181 1009 172062
5041 2806 467373
7103 5635 124458
6269 576 73260
5848 2048 1274219
4371 4585 742698
3400 4428 947516
5346 5490 930862
3854 6554 862740
6919 9933 122050
4691 6604 228667
8973 6936 484038
5042 7696 370395
9143 2979 1606062
8174 4832 630239
204 6741 17723
7839 4070 92973
2533 4320 1434010
9877 7269 158131
8525 9665 1398518
4664 7982 168761
9048 3037 32488
1170 8472 246063
9274 9590 679174
9692 9247 52630
3894 9460 1714738
3529 7198 141654
9518 1848 46368
5051 8636 939567
7896 9441 326106
3777 2188 132450
7980 8253 716105
725 5198 230192
4052 5604 1036479
2357 7690 983785
3011 4100 1936
4167 352 42247
4567 462 255136
6638 9985 158407
9373 5192 904400
9206 79 170354
9344 8309 511125
6319 7798 1077755
6408 8131 540960
5638 8619 720852
9354 9184 2296681
3497 2144 592961
2074 970 1047896
5145 2525 131798
5256 4850 706605
1619 7203 1769359
6480 8660 2062812
5677 8787 2009342
8980 3748 663258
1105 912 378088
9200 5240 491272
3497 716 484483
5766 1474 2059082
9787 9299 40708
9934 9707 125873
4872 6476 359368
8634 9531 20605
6859 8931 116439
133 9323 245947
2401 4480 63583
6020 451 205672
1526 1413 102833
8471 4802 438684
2683 6694 18193
249 4619 134974
7327 5375 181986
1407 4371 346074
5096 2427 1018870
6804 7986 102709
273 873 260314
8318 6432 100546
6490 9793 81218
1143 6242 329434
5691 7659 459061
8187 6153 397573
7651 4537 927015
2709 8453 891337
7764 8412 902343
9399 3914 2304850
3316 2174 917177
7433 9210 623259
7243 4625 281140
3535 3443 575406
5162 6208 104571
8595 2953 170858
9315 4759 935019
9166 2210 1970319
6774 1662 130008
7682 6950 970546
3156 4293 1391889
2786 1904 104373
6869 410 1670793
2678 2633 120386
7638 4659 76853
3535 1613 511653
7462 6263 528629
2866 6104 564431
6051 1740 66350
8028 2503 746559
3955 7317 572122
4003 1239 1126790
9269 1399 1001020
4458 664 272448
1948 5398 859518
1142 2221 405071
5981 8236 458384
8854 1480 14345
5894 5626 394338
427 7434 309919
4360 2927 1213618
368 8036 266565
3422 4903 16392
8931 9278 1503953
823 6743 709819
4262 7071 222088
8616 1700 1240971
36 6594 279253
1390 3917 440328
