153
5428 3605 177483
4634 9591 361771
8366 2008 529411
2155 1212 429161
5695 2029 879689
464 8063 799657
5782 9273 95720
2388 9607 962499
4159 2079 166289
3655 7636 793836
8806 5329 2923602
8975 5163 1013251
2736 8101 52280
8994 8127 45424
6397 9032 513291
9943 2128 1371421
5616 4152 1539560
921 2912 137847
5591 2131 455386
6986 8435 827257
103 807 85858
9124 9766 1746771
7400 2040 246163
3822 2064 508981
634 5689 565864
5285 7612 325841
3901 3278 715467
3537 7197 417791
403 846 451283
6731 9950 84515
641 5625 104890
400 7791 67707
739 6757 228748
811 8447 342999
4816 2077 1302012
2274 7499 277155
4743 8957 229759
102 1194 1487083
5831 3210 260076
7127 617 57732
8448 2125 853546
1706 106 58486
6017 4686 365898
9601 9794 398701
3240 3019 375076
5231 529 865863
7147 6692 624254
9720 5885 52283
9091 210 392591
8480 5075 131677
7344 161 181550
5358 9915 880534
503 7058 512949
8339 6282 349397
9537 4886 185723
2147 804 559328
4604 8023 4501
1305 3031 381765
5628 6040 149641
1692 4553 946671
9993 9814 405381
6431 7351 140477
2346 6939 854023
2127 8846 201170
8600 1893 1040239
9536 6464 59104
4240 5006 328209
3632 1103 1032664
6984 2940 432394
2291 146 963964
7744 8190 1320639
8095 5343 208407
3517 3681 227681
9838 5701 37390
4452 1775 4829
3272 4270 33625
3268 3364 653529
7001 1876 1391103
7401 5454 711370
2877 342 442015
6255 5158 392523
8789 7980 1633463
6210 6144 1916742
1591 410 801580
9865 9587 1386106
9260 6981 1425149
7818 1236 288644
7606 9758 588982
7786 2548 20721
9013 3382 141165
2691 7910 925471
929 6868 991142
9065 4684 446933
6404 1663 1915224
2054 621 2176072
7761 7815 53368
7931 4182 598400
2523 6880 795488
6795 7534 3193161
6330 9507 1003936
9109 150 625657
6626 2078 141845
4447 5208 80283
7770 7327 690649
6703 1214 614134
6315 2574 74895
4532 4431 108290
4847 8577 41857
4260 8139 241117
3615 7375 470097
1964 4493 977417
8424 3501 924842
6950 2086 1093577
5642 969 528358
9530 4333 1240277
4008 569 150579
9230 8152 879646
6278 2089 272849
8337 6369 528968
9029 1826 401325
6687 9060 280582
7357 9542 5965
7164 8767 241075
5098 4524 990705
9274 87 732470
9602 6608 732785
2416 9629 859687
7256 3662 672458
8274 123 795721
1295 7808 132150
9312 2823 477458
4561 9156 778715
5375 3791 340969
5563 9251 1074143
299 1285 1238860
673 7511 46529
5556 2836 1910499
6575 829 1263039
6526 4184 852463
5578 8308 717318
5276 8264 821304
3792 3081 153173
8428 5259 2081577
3992 7749 2698175
5452 9636 1001867
6518 6398 644382
2095 2909 615438
1843 267 1484862
7718 9381 34467
2231 3150 226594
8568 4354 181472
9480 9537 880530
1491 1213 1911459
