79
7158 450 2150345
1859 7263 215502
3486 6780 3353792
7114 5019 2543425
1078 8424 2074955
5396 1141 383802
7682 700 1508516
1751 1210 4243591
4456 4430 1962490
2839 6149 5206325
7 6493 850306
3077 8543 125370
8153 6624 11419
127 1208 1032139
9156 789 3372110
7289 4008 6437
4533 2972 1475345
6175 906 532002
4919 9760 3379809
8677 5859 83672
1948 6389 3455916
8175 2876 2434700
2477 9452 2426702
2512 5133 305925
5495 6103 1093793
7805 5075 809181
2752 1325 1774982
9364 8664 2237358
6672 1997 524929
7861 4205 932336
8321 2447 1152177
4659 3526 1861913
9994 9738 798947
7895 5686 175564
8520 2784 997872
2488 7165 143057
2913 7899 2025259
8760 4330 1468411
9724 172 642402
1232 7728 246924
2439 5402 389726
4200 6456 2104037
6040 9609 275933
2720 3113 475173
6595 6832 2695190
4659 5217 255931
7995 423 709103
7639 6702 36270
3148 8831 150802
1204 6937 74821
702 9928 804281
9212 5465 673526
1645 9019 2407241
6725 2435 3523206
9551 2079 44586
843 3290 1327707
2653 1335 1392544
3095 6429 1848648
7894 2991 99813
8111 1145 2188044
6558 1110 666314
2286 6334 617461
6667 6964 717290
1583 4183 720431
207 2115 4207652
1123 4711 2759395
8748 4780 2546
6109 6996 192353
4510 4497 1366673
2057 141 130984
4722 1983 265257
2032 4644 2202141
6694 3743 1117319
6877 1258 75033
8369 4684 569809
6282 7983 624566
3519 2374 269365
2484 369 1510064
492 5199 489065
