83
8650 1984 767345
2480 4610 401425
4374 9323 1357871
6595 2300 641649
2178 6260 188767
6033 9321 1004136
3166 3423 6738832
5440 9119 2946025
3753 4906 831740
4682 3474 203141
7859 5272 631784
4413 9601 460021
7872 8256 515025
4609 9636 1179526
6572 1031 23530
4583 9937 929423
8636 7935 3336197
1389 859 2674032
871 2789 1113743
246 4398 3078854
9919 9114 1167224
717 809 682025
1928 5821 239982
7731 6845 2743999
1887 9432 1917179
2961 2804 2282856
5432 3535 1948598
6898 7755 67801
8999 7797 2887109
4569 9524 14529
2626 1885 147055
5413 907 160568
3818 9337 931697
8461 1472 116507
7896 9238 277575
7581 6267 3475
3537 6800 60134
7628 1721 1281247
9608 149 1378738
1996 6744 4821735
2786 6495 248871
9407 3804 602478
629 8483 523779
5359 5438 120670
2624 8341 728515
404 4408 234735
9793 6249 1404804
1518 8306 581649
3841 1468 720488
1498 5317 142176
3986 562 3083762
5694 9912 1823612
9616 970 2636366
7252 7808 133727
6189 8841 1770590
1757 1268 618375
5602 6068 672134
5826 9362 734401
9345 3322 539792
6618 4755 371219
548 9269 847846
6651 3703 1711339
2241 3266 2551303
9105 8861 229405
2713 8738 94128
5870 1082 1132664
9567 3169 251073
7544 5506 359802
5839 3868 588551
3044 6820 116047
9705 7872 61559
3150 761 519830
5748 7298 1644385
383 2407 7166454
627 1715 3921262
7115 8891 1581950
3287 6017 399605
7014 4696 553006
588 8833 1373049
7842 1234 313565
7292 6173 2358142
5591 726 2013346
5804 7642 366447
