57
1752 3837 776462
2209 2717 1634025
2041 3071 82243
6131 3222 499164
9732 4128 1503659
7940 5873 1846195
5814 8756 1780200
265 484 1418086
2867 3934 399232
4185 2559 685683
8200 1736 2425658
6589 7952 3470826
754 5939 451631
1664 7405 10008622
3667 4300 269984
9083 4525 1186144
2719 730 545209
501 3438 271878
77 635 200174
1885 8767 570035
9045 6490 2914381
8494 4991 795545
2763 5140 1164687
2546 2329 5650080
1861 7104 1092977
2638 6016 2036161
8043 9888 719745
5610 6176 7126658
417 4622 1404944
3465 2309 2817997
4881 5095 946834
3039 8177 991359
1505 8739 451409
9080 6937 1354711
4268 4137 2312202
7925 6230 2441030
6377 6235 1716701
2893 3439 261825
3652 3264 74743
2504 6093 1812659
1869 2295 358023
7793 1402 3707747
7345 3960 1525244
9107 6122 2892892
4234 4852 126556
4528 5009 2552335
6901 27 1375642
8382 7603 488389
2754 9576 1688358
5328 855 2094101
3764 6698 2117523
1432 1698 1689830
8326 9191 1127273
1479 7963 1689534
7485 5434 2246550
9475 900 1764407
9963 8617 4443838
