85
8339 1418 202575
3101 1213 727024
4783 6974 3727561
5859 58 348690
4935 1068 1592615
2542 3443 524276
1681 8112 261812
5417 7598 445110
2868 3893 1923500
8405 4262 606039
8981 3278 787510
2381 6601 159302
3511 2605 1084556
6424 6636 424538
9471 6049 642706
7624 4124 329042
233 9492 564873
9164 2900 1740746
1839 7414 66479
1482 5843 3402929
1411 7015 387431
3086 9751 1946314
880 8722 2648816
8846 9362 676900
4375 1669 882804
8340 9749 1207125
7770 3930 52578
224 8669 572496
7056 90 1143450
348 5612 220250
7953 5899 1245720
2905 2162 2625780
5696 4707 904922
1510 4162 2442812
317 1357 3175133
1079 3720 149875
3777 288 805455
5620 4064 896408
4664 7770 1461655
608 7854 643529
7195 1144 563182
4342 82 833071
6718 975 1690854
3406 6963 456903
2242 8796 6138748
6035 7899 394333
6570 8557 1169481
8638 3762 1623635
9824 6747 141551
9578 793 838300
851 2125 3441162
4199 9983 2037117
1266 8508 619035
7076 6439 2961929
3498 6040 137154
8473 1688 894264
7699 6006 2809986
1649 3139 1457037
4076 9601 544651
4059 2062 719764
3401 7960 293149
3843 8950 207584
134 5852 121223
8424 4190 725385
7601 3562 1420064
3389 5990 107746
9719 6449 4352275
110 3208 254589
5742 9119 1357478
3784 9252 74160
6582 1427 2309111
175 7111 476229
1298 3958 88005
1372 5182 1470678
2542 3070 2160110
3165 3692 694458
6966 9294 3842036
3601 6994 368549
2256 6304 1113161
6818 4884 862011
9595 9958 20214
5849 4269 1571707
1399 9264 1656267
8525 749 912709
7772 6340 417609
