83
4428 1510 2207994
8064 7204 448465
8671 6042 129107
1281 3505 2187368
84 2838 12392
5946 3391 831695
8429 7389 1601431
3748 801 139442
5904 531 892398
6647 2590 3540925
4643 4847 2829447
3781 8097 265577
7414 4384 404594
7967 9033 2776902
2849 5406 939676
3069 8004 606331
2798 6385 1002204
9234 3660 339773
911 1999 1569393
7272 8969 2830044
4905 8846 1624646
3313 7125 308262
318 3035 1404933
3926 4280 2580032
9482 6987 2116288
8600 4816 556364
7830 1665 13337
127 9584 1613538
6289 3878 270248
656 8809 555934
498 982 135632
7619 7316 1079369
5826 8858 6132305
7101 8740 751872
159 6695 232766
78 5382 1280315
1786 4100 339613
9758 2234 2140807
7075 9552 505921
6292 1656 1285352
3412 3130 275066
1497 2549 1754973
9937 6441 1702580
7029 955 38935
2290 1075 869241
5398 3102 441896
2041 5828 2513247
778 5568 3247762
1044 6095 186850
8280 1569 1015175
7225 1503 2165472
6086 5438 517759
5439 5711 55051
3477 3941 2713576
5105 3661 1183227
6976 2551 316718
5658 3604 664403
3613 3903 273995
2577 8594 278607
1143 2680 2551246
609 5622 1033400
9146 2039 848123
4578 6479 603788
3492 3382 103235
4524 9017 173295
5771 8951 54952
4356 5188 1681489
9639 65 461062
364 4810 333354
7799 3079 523913
8804 7079 1647426
2651 6096 1010057
9984 8811 928220
1210 1917 577401
5273 9031 3474673
159 2 2618085
1401 6114 2211190
8197 247 1330513
2593 7492 1287147
6202 4452 2721373
9687 5912 1363392
314 5522 810524
7140 6362 954917
