83
2326 5623 712177
4175 6712 1267569
2575 6529 3142174
9449 3738 301022
5364 1585 588022
6178 4637 989492
71 1036 932406
1216 5770 1912161
7883 2592 1962519
1823 8226 1328010
8134 6395 132409
7795 7341 135901
5187 7063 1847679
2615 7267 310007
7225 7467 31834
4084 874 3942381
5402 672 78339
5533 977 474180
2845 3200 3091981
7908 3617 3146272
2107 4340 2373967
7465 7396 3120407
277 2618 1817114
3828 9856 751565
3701 9777 244107
6885 8953 68336
7256 2645 307552
4241 7741 311018
4775 9351 385584
3224 1807 2071537
8490 2747 1006633
2147 4390 1497962
3624 9608 564113
3597 8041 274206
3555 9376 353135
664 6052 1213716
4840 6174 1133993
9857 4684 1704916
511 7309 475268
8304 622 2165683
7767 5377 1747531
9699 4323 879882
7726 4169 3271224
5808 6545 6148731
2171 3986 568397
5203 8127 1247701
4931 1641 287326
3832 584 484172
9774 4432 2975364
8518 5971 298166
14 6535 2695723
1213 212 1460788
162 7074 148593
9642 8970 1334932
5514 4238 50142
1659 8895 1497900
963 8085 208569
9564 9215 338390
6335 5773 1161803
925 2298 174451
5140 188 215465
6890 3343 1366410
4663 6360 3850633
7603 974 432615
2515 1484 566061
4470 2218 1191527
4572 2289 677620
6513 9484 1434733
5344 4066 239650
4279 5757 554564
1541 8803 1704325
4615 8064 136903
6978 7636 1518301
8064 6285 592203
8088 7042 272593
3225 1610 52725
2982 9258 2803039
2570 9796 1954579
1447 8327 640302
8558 6536 331690
3186 7683 1229881
9532 6981 1118855
4737 8248 1968194
