169
4499 6765 463166
9143 9632 4450
9605 2340 1109781
2016 2465 557643
3923 3252 112749
9575 9598 1375345
6151 6710 509812
1238 4194 1198013
273 2286 241457
3162 6216 508122
1356 1086 220353
2161 3365 1082445
6 6623 214139
61 4506 1478672
4126 7579 166222
704 7855 561655
1774 9744 107129
704 6279 332586
3217 1001 240190
8968 8662 1126842
1582 6759 1318529
7654 8487 160951
2869 2522 139991
3411 2747 103656
9821 6666 223354
3417 2205 61690
963 6048 652204
8721 681 688043
9842 3058 1236382
8265 3079 1675180
1282 9200 153387
9506 7619 232811
5630 6624 243385
5014 2599 264786
7735 5233 124918
1066 5352 989427
1888 8721 122820
3940 6911 516866
22 3580 116358
3484 6026 991828
3773 4162 610857
6095 7506 2054459
7677 4580 370102
825 514 147437
7947 6074 438751
4207 3111 1401906
983 6414 335262
414 8680 505776
3890 1622 552655
9821 1735 1744402
4749 5417 1106528
2013 474 988528
2917 6218 238381
9984 5314 1081324
1694 8737 76376
7177 1766 935433
3495 5157 67259
3937 7746 502952
2110 8990 281074
4783 1319 412265
8351 3694 653416
121 4103 495061
1329 4422 2196438
8958 2997 41354
4503 542 154665
9076 7726 188309
3751 5777 13798
8681 5897 425300
7856 3798 311328
1847 7235 422379
3159 4952 254136
2049 3947 784904
8585 7724 242827
6798 8122 1236081
8026 6538 1287778
2892 9778 614554
1472 2778 316479
4343 3542 991156
8674 4963 165640
5959 6302 11687
6662 2659 1241087
8589 8337 292213
834 4864 297609
624 2296 328639
3944 9213 359667
1173 1074 504132
3814 1692 127723
9885 4025 2500809
4798 3732 354625
892 5610 195546
2942 3169 652361
6697 3670 1212249
3371 306 255720
4173 7199 2499996
5923 6799 428976
8231 1324 330666
8407 9035 242206
8756 7742 1013981
1033 2370 193114
4539 9858 140491
5678 2820 1116491
7781 713 96487
2589 6942 382565
1315 328 1299188
3784 1521 15542
2396 8808 3659
4115 8505 1657637
2060 7320 327832
4344 4003 955367
4343 1087 395382
5915 6659 478628
2976 1151 1358675
94 4806 290984
8758 7446 1430379
8829 5779 80059
1422 3110 155726
6772 5620 66325
5809 2161 702824
2702 5825 303379
4555 8879 1177963
454 4887 1604196
9871 4751 147868
2828 6729 25593
1141 2265 143009
7408 4769 989413
6933 6080 766520
667 4341 786601
3969 4771 1314617
6256 3355 815254
7918 3120 80592
2344 5344 115573
7575 2263 1093241
9615 9769 341092
707 8157 1035943
7565 3638 152672
6399 7800 48306
4066 5854 87766
9012 4601 544744
9712 6147 1495429
7554 248 933963
5697 1078 641421
8487 6876 89356
8945 9709 412763
8088 8338 290727
7293 997 1227801
5236 1811 66397
3185 3684 151650
4214 3363 1714894
761 6509 125248
4325 5302 737340
3258 7410 213323
1187 5117 590153
8564 2900 293338
4075 9065 1557912
1020 4189 143048
1193 8202 185133
9066 7126 650884
7535 6721 654142
329 9934 14428
1146 1364 1494044
8546 950 623316
11 8985 80099
9273 5653 175463
778 2983 1172041
9602 4829 104802
277 6902 527203
6827 5715 360966
853 3598 947369
9030 9882 479091
