70
3239 8391 1593798
7344 5598 303570
6123 2519 1719876
290 302 4836996
7455 9365 147039
3180 2180 615960
3522 285 851589
8782 2165 1131231
2081 2397 1303909
8316 5427 718452
495 5437 2616388
3488 1576 2395429
6058 5853 3115103
7333 498 3717374
8272 1514 580354
7294 877 1595011
4338 3443 2303870
3019 252 2886028
4232 3130 90906
1566 4537 394429
2805 6637 4055754
2199 1549 3467534
4549 3416 1977198
827 7300 988960
9208 992 1692247
6722 2758 2855902
3071 1526 25465
2457 7493 355341
655 395 764318
4860 3466 2581058
4884 3830 501448
3586 2979 4304288
2305 8914 2066316
5845 6934 1293825
8407 2615 216058
4348 5055 1482712
6860 4834 21530
1077 4011 1833010
7698 3419 317887
5161 9714 2945030
3368 9302 5666093
9849 239 277084
3934 6359 903231
7690 1006 886802
4992 4438 219124
8317 6623 3564013
3110 3079 858033
9283 5643 270343
1178 5255 1759527
372 1339 120724
6057 8111 932137
7235 7730 215365
1532 4931 1227648
9989 7226 2184447
1112 1081 2925051
5761 2645 54084
4602 6936 808339
902 9165 77698
9925 4534 1764685
3897 7279 856776
4377 9501 351660
3793 121 170996
9718 9378 73098
1387 5965 624211
4517 545 3055960
5572 7191 674658
7636 6144 792318
8214 4871 481767
3242 7744 1221944
6599 5868 318991
