184
5807 2709 1453980
8307 353 1013809
7385 8450 10752
3133 3644 247294
7396 4429 897335
2211 5077 113812
4684 6935 570924
1285 3593 878744
2889 6440 536341
8661 4942 128637
5616 4233 381700
4505 7968 597186
5470 3058 915059
4593 5494 268683
8097 3900 331072
3420 8090 123645
9658 4608 296595
9489 7524 220488
4688 4900 832731
8333 3717 432663
6230 3149 343239
3702 8219 1116297
1317 1614 55629
119 7287 82497
9288 6631 1031452
2972 5278 64268
5706 9387 379397
9641 3440 1439099
6156 7997 637588
2592 7832 106719
6732 3185 239752
4060 9537 10756
3948 9530 441983
9823 1816 148359
6695 7300 58785
205 4216 56057
8907 9285 202674
1499 2388 91873
3556 45 457024
862 463 113143
1039 5824 760946
8242 7298 182976
1322 3803 869122
4027 9226 438587
9068 8724 430774
7443 3925 48306
5459 6798 377160
6406 7130 322794
4997 794 301063
862 4627 1713530
302 8108 146434
3439 3195 53689
3142 2686 766513
1341 5131 215294
3026 3412 462753
2157 8559 355038
7088 8596 130138
3734 6552 123120
2328 1839 801644
9015 4915 468667
8049 5146 767381
2903 1293 1472669
1299 656 163700
4029 306 369474
1714 7596 604815
1227 9156 1089263
3674 9283 1007723
2683 7253 45767
7091 1108 268676
2966 8747 1811566
8948 1374 748298
1145 9944 1933583
3086 3889 448725
5317 2652 2358105
9548 1129 61322
1013 2839 1013663
3733 1036 90788
968 1716 609271
284 8855 146033
676 6536 3003
221 1164 329595
1420 5116 678665
6501 1069 404176
1490 1204 785257
7189 7479 364139
2210 1321 981160
8496 7111 398495
9376 2096 608200
7549 7649 51092
6607 131 111820
16 4920 138570
2433 5427 384316
3083 420 1451223
2530 2077 512443
5608 3642 1562244
9270 8609 51303
6896 4463 74813
9742 8840 1013023
7343 4965 715306
3894 3104 145885
5075 4385 517260
5337 4607 795442
9413 9005 1669947
9967 7645 1040405
1709 8049 41542
907 4712 67122
9438 3421 88011
7176 7483 454781
8005 9567 664752
2061 9213 1592934
2829 5072 827701
8999 9651 194179
6327 8723 348229
914 282 573071
4918 8506 143057
3508 7083 1074478
9384 2483 267438
3969 6263 162289
2322 9257 741980
3618 5068 797920
6072 6198 136210
9108 9650 698017
6361 5696 103515
410 8665 498120
9115 8193 581756
7251 7577 883664
3168 8155 133818
5679 5101 267376
2359 1126 1474230
768 3058 619699
7801 1581 221291
3385 6118 228739
5128 8908 2499714
1438 5532 155968
8960 4552 622635
9132 1827 385886
2225 8442 822523
8267 3820 36511
192 9122 353524
3121 7689 2548012
8329 2699 177205
7956 5086 234401
7067 4591 270836
8258 7374 311710
7577 3256 113812
9399 8782 1537602
3003 26 42800
6066 1723 60523
1431 5744 1187781
2869 263 533087
944 1816 1270651
2739 6257 445979
2499 7271 844048
9636 9409 177711
7293 8454 253160
1113 2867 915897
4889 6684 589321
2165 9897 149125
7336 624 32446
3597 7146 221524
5468 1197 720608
6416 7899 1131632
4741 2064 387619
2899 419 1027872
5539 1476 550415
2809 3714 863954
1151 2384 208099
9079 5551 205588
699 1478 197479
6569 5202 713498
9765 3198 6604
9576 2183 1323123
1119 235 933898
1541 9663 530125
7120 6480 93530
4984 3116 717887
3667 5917 43990
2616 9781 333616
18 7250 357088
3211 4465 127465
3107 3463 503957
9480 3926 236859
6634 7483 469456
9079 7525 1540134
