147
6321 2277 881128
6080 8854 347473
1227 7402 43363
1900 7069 480291
5675 2790 2817845
367 3667 312041
6484 1474 413003
4043 4440 329978
6862 2791 855852
8071 7167 113901
5786 4706 11582
5308 6689 203704
1523 7522 774203
2219 4934 95718
6137 152 148712
5513 6253 1527592
2328 2044 1882889
2806 2204 1168233
7749 5584 496303
1838 9868 672609
9737 7888 218236
3026 9131 2213981
7875 3179 755303
2917 936 154052
9076 783 1145184
6959 4289 33322
3496 3238 33295
5774 587 131265
3928 8556 68439
9033 6437 384001
4546 309 25569
1318 5348 1697136
3359 629 562988
9703 7758 575221
8012 8652 60107
1175 7468 888628
2012 881 114340
5866 6659 434864
5359 1562 1450544
4861 8806 509312
4296 1706 1385634
8162 3793 639133
1089 5957 855761
6493 3267 1039762
761 7944 3150
7731 1931 1148771
3860 4553 156068
4590 5868 70395
8916 4973 1584456
7511 5294 583530
9682 5102 211800
9854 9940 1685467
8695 6745 1899696
6722 974 876366
8538 6559 20910
8049 360 407825
5097 2882 1363621
5474 2933 933408
1603 7519 796354
2657 3140 353765
6368 2442 1101902
4369 4088 1564938
3157 5201 3114457
5220 8745 440020
1000 2211 119381
2977 1775 427369
5833 8491 1684113
8319 9396 2146378
7486 1308 402247
8915 3293 1020005
532 6620 314730
5145 9903 924137
528 1846 710
5488 1840 1518748
1994 2378 519973
4162 4520 411806
4995 1990 199404
515 503 227890
4239 3939 1167373
829 3942 974098
5486 6840 139161
4473 7032 236523
6972 1844 130714
8732 3486 505105
2932 5024 744775
1907 3065 492469
1331 3735 164007
2048 340 175565
3088 4391 379229
3823 1652 111889
5429 8439 854993
1090 8214 822812
9766 9003 284253
5594 3224 20176
1001 4112 204706
9590 7112 126640
4259 6309 334889
6257 100 666961
9848 4177 1013958
8502 5794 127849
8923 5267 447369
7173 6255 861143
1639 6656 346654
5494 1153 1067835
4891 8448 715862
9069 6861 469669
6336 7539 1017184
2988 1878 326619
9883 8936 1751075
608 7007 360991
9198 6356 614201
5808 4907 537459
7131 521 962606
6645 5791 352515
6268 1254 307452
6655 6741 1902303
4856 7920 399907
9966 7791 1019406
8205 9880 1590819
894 3495 247288
6799 9519 1951025
6264 5183 195302
1179 6058 676395
5869 3710 477268
720 818 879601
7817 2016 670643
5416 8726 903613
8496 3456 543806
1078 7157 417409
8457 2618 121397
8459 640 188691
7948 7120 51819
42 9240 188571
4122 7246 1316081
8857 3702 958801
8560 3539 1096382
9218 7837 860597
4094 7509 305939
501 6385 14847
765 2141 49592
9065 8428 503471
5348 5579 1608601
2245 9762 807553
9132 6764 997273
4163 3058 634030
1067 7377 968510
7433 38 449994
