103
5530 1928 988049
3608 3523 1503771
4196 1576 43522
9199 5257 195743
3382 2669 576715
1252 2180 476368
5754 801 750120
8571 267 1105336
6334 6555 331377
8983 5221 364055
1167 8623 601441
4224 4652 46561
3679 762 145462
3455 9968 775364
8821 3244 1008256
2734 3014 425959
8982 9837 1265060
6636 7839 1374462
7845 3875 736183
519 888 1206676
410 5562 1177719
2402 3582 1827725
7866 2650 83992
7154 9648 495156
9842 9348 1427137
430 7565 2856249
797 668 124547
9907 8549 1345839
8111 4063 116738
7884 8887 126381
8586 982 448031
9464 3903 698944
7650 9923 419054
7792 364 364421
8285 7414 333635
503 4829 1584730
4458 4579 1518317
7887 4273 395090
7910 5775 175743
1361 2694 366451
8436 3776 367153
2216 4403 196647
519 2498 257877
7205 7995 1310332
2270 9157 1360422
9318 2012 809644
6031 5723 4503078
8914 7124 534151
5208 3264 1249864
7303 7920 1623970
5598 8453 958667
2594 5205 672524
4129 3373 167700
108 3856 1679899
1668 1594 200668
9384 6418 1690174
9081 889 2613267
1827 8588 1880663
6297 7629 1390997
3289 822 183138
5621 2599 1445819
538 9953 179959
7423 5513 92772
396 8625 64174
4343 1138 2285679
4241 7216 559078
1431 873 474127
5886 3048 1706257
9897 2537 1469534
3341 4706 1043506
4992 3761 457512
5406 5841 1280248
3689 5106 753384
1059 3445 2599608
1209 5429 150265
641 3791 1626887
6048 7785 954246
4101 7335 593982
5043 2516 1103168
1434 8469 414649
4247 2713 1485351
439 9227 151976
1073 5706 1217496
5820 5209 389845
9798 3964 882836
2035 1415 1131533
8356 5871 778032
9693 708 894294
9627 4000 36670
7725 9983 1700458
1502 8859 1318661
2112 5689 4481888
8736 2953 554842
9189 372 2511734
2521 2532 281769
8681 79 3585430
4481 9823 845424
543 5458 89195
8927 8232 933634
474 541 408906
7727 4261 160665
5528 3941 2782418
8661 5684 664875
