105
3487 1823 1809020
5423 6362 2665642
9959 3732 1158399
1394 4257 1231143
5817 1108 112056
8971 8376 114729
2174 3927 609138
8741 7579 1350962
8520 3519 56258
4958 1466 1065376
5284 2968 647054
8828 7938 3090838
9359 4443 586203
8668 200 1400941
1294 5621 783242
1592 6412 506541
9899 5752 863054
9135 1301 106778
3077 4166 284954
383 9461 1172346
3288 1199 236270
4788 9811 2176079
5830 8202 1478480
3138 3026 10224
4007 9808 164919
3080 7106 4407788
5017 7624 10684
8324 6227 848879
1015 4270 1018511
7938 1688 590151
9643 5502 2384561
9727 956 264391
8571 2256 87877
4613 6435 2250033
1894 2798 1086521
1031 4850 134955
769 6201 185125
7152 9678 641041
2917 9890 483131
3196 8950 57582
5088 3282 89666
7081 8582 123397
8259 2362 3986700
3963 2947 2057588
1661 8914 181361
9765 2357 449409
433 5313 525073
6321 5982 396879
4228 6930 1527410
172 171 158814
6236 7612 28323
3300 9414 2006605
1785 4154 2366125
8864 9457 181136
4813 2 531275
2544 924 164054
1173 1156 256575
8726 2848 2087061
3323 6137 388779
8568 9269 1508224
8873 8140 437063
7546 9808 5129170
1485 4193 5691432
1925 4386 362324
5774 8862 1894599
2890 1881 466035
6972 8693 2353303
7995 9048 799247
8047 7043 2397808
3553 6466 1110513
5146 7399 2272966
504 615 890110
1017 5429 133612
499 6574 363962
4479 7788 171128
8728 9376 90614
179 352 51701
6804 5373 129998
1922 2377 461149
8194 66 281826
8889 6082 128112
9369 5721 920939
5978 6005 94819
8790 6887 45127
7882 5794 239172
8289 5439 5863716
9285 3274 210010
7606 9478 629393
2804 5400 99263
5288 5239 41244
4169 612 1817735
1788 6469 286453
1636 3091 1522011
619 6736 128045
4966 8838 113831
8978 680 5708
4192 2842 508938
9405 121 374745
6856 103 656506
7506 316 38438
7007 8278 626826
8315 2966 876408
2589 1074 1266950
9116 7226 122661
390 6156 748060
