148
5758 2023 473653
8301 5778 631480
2671 7311 1019563
5068 4716 463332
3481 6470 1639473
4268 8082 483263
9983 2716 388249
3898 1627 1410808
4407 1538 243878
3761 3968 1678361
320 9794 96077
2671 1709 255333
1888 728 21320
7626 8530 747686
3992 3362 296314
9211 4691 1079340
4049 9563 933338
2160 8375 186575
4159 7005 214255
5249 8765 974077
4730 4952 863884
3263 1385 152679
5557 8381 539890
4763 1159 1183475
5997 5245 15593
6275 1818 176087
1139 1250 23859
8328 2364 102096
7895 1910 1463135
2644 663 242224
3826 3096 46102
2037 5469 694338
9980 3164 279605
2176 6019 505575
9784 3381 1141066
8379 7791 1005680
7598 6820 467782
252 2309 174176
8092 7679 155045
6593 4485 136920
5146 6563 972573
5541 4911 2283591
3982 5031 914126
5127 1316 724609
2828 8859 504278
282 7636 593560
1138 6788 1655449
8281 118 275797
2383 2814 88259
4334 4251 251255
1494 5276 2578916
8254 8340 1381911
5533 1628 1960082
3613 6179 449278
3214 5917 1089685
2925 2782 281865
5103 3903 250152
7965 8532 876620
1485 4774 1789168
9861 5554 384290
4890 3231 314139
2205 645 640201
793 2277 345781
6057 6734 1858281
3038 6639 236373
2368 8692 478687
8116 5553 300791
3337 9611 2712146
2136 5485 344327
9974 4244 206688
5167 8467 179807
9981 1394 358767
7387 3711 181883
6308 8574 133637
4285 2443 1512350
1580 1921 619750
6781 7801 128240
6511 523 1037071
8610 4884 148044
7993 6247 78946
4252 8687 2061424
6138 9347 911156
443 4779 747839
3598 3090 131455
3200 5198 292694
5723 2779 30599
6932 6090 727701
8654 1214 1883629
6706 6943 1601000
310 9729 1338262
9288 1163 26517
4355 8057 292168
5723 9923 431831
8812 360 1062115
8988 7522 612897
5068 6927 1476015
3789 3615 403864
986 9778 211557
318 135 186710
4412 5830 1089040
2593 8107 172653
6057 329 1219766
4249 6306 937830
7392 486 2254778
8719 7271 592775
8583 12 1541060
7182 6009 132088
5112 5337 2003873
3593 1152 761147
4744 2164 629770
1340 7796 668358
9215 6098 659564
6511 695 134739
3066 9933 196217
5404 5475 752984
6628 7422 813944
4028 5671 390650
3608 1967 415508
3946 9268 38656
2468 1326 351347
684 7603 306859
651 868 595644
5775 7014 1151382
1064 3097 273836
605 1084 996684
1368 2511 541444
650 5263 1687702
7275 422 70064
6095 3769 810059
9719 3056 31143
6564 6539 416116
548 4997 904899
3204 6039 33406
9981 3893 3007690
2917 4995 60399
5979 8547 368762
4197 4818 549845
9868 6352 29130
503 6811 518981
659 2725 245335
2869 8964 365157
8017 7009 1142261
5729 5397 332873
7955 9924 103184
7845 9192 873980
7261 514 38020
6263 6128 45413
2302 6379 586593
