168
1894 4213 347229
2339 3634 1426467
6227 7161 1331690
151 7545 349299
5816 4970 899369
1570 2085 562210
7726 1088 140330
4890 3762 8955
2603 6960 30035
4578 3510 584151
5087 3498 1031945
9881 4541 714436
6050 6814 708493
1221 6306 63009
3823 7173 290379
7654 900 57763
1333 1770 753709
172 6272 883957
1762 9985 248761
970 1873 819386
3379 714 795962
3044 7793 43088
277 9150 351801
6390 302 389690
4459 3860 2453285
4268 1422 751866
569 7002 1157390
5586 5980 1190672
4117 2459 433200
3571 4903 639422
7524 1269 119710
5094 9995 303004
1141 6562 58502
5435 5672 346031
5287 559 945285
1124 8739 87036
5138 9741 477492
110 6393 1975707
753 4531 128295
7481 9818 49140
705 4320 279554
7936 2686 3361021
7188 221 1022033
3858 2942 2790228
3209 2407 167570
5292 5456 1490795
8122 6315 779256
4599 4129 89697
1514 7601 1382888
4673 1952 381658
3633 383 75252
9212 7220 669201
9824 712 375059
6679 7852 134916
3331 9062 511515
6790 5624 773170
388 5879 1485641
6907 5156 97896
6457 7365 933559
8522 3109 1051004
3282 7491 1961024
6854 7588 105193
3520 5275 1174708
2146 7477 287140
2314 4416 606977
7938 7237 216950
4540 727 602832
2625 7074 300075
2636 9532 925115
8170 9568 71635
4178 6688 266151
147 5581 254008
5030 6439 273901
5680 2089 257671
6404 5761 1623959
4484 1767 749293
1797 6941 256667
5382 32 678595
4337 8186 431455
2409 5465 368897
6625 7717 271994
2692 9751 28044
1496 6663 813053
9402 8805 522163
5692 1803 460395
2652 7016 92807
4049 9991 725067
1173 7529 68153
283 2565 497644
924 9219 432348
4338 746 483304
9450 9129 20970
5729 3759 316172
4389 5515 200613
244 1797 359188
7449 261 421021
1609 3764 32511
5307 420 1566359
8517 2514 1827733
1992 8075 1071315
4264 2230 545429
2637 4097 114397
2211 1072 87486
3917 2512 125707
539 6092 556794
2197 2214 375671
4601 8877 13788
1720 4160 200002
9531 5713 289044
5410 8990 967473
1254 5650 1224233
5849 4246 205815
1924 4619 78026
7875 9444 1435215
1435 2986 75097
8707 6238 444393
6132 6247 636413
8596 2195 78525
4781 7470 457961
7436 3947 785264
3765 9860 263398
9708 1087 668776
508 9475 471834
1656 6588 1151713
8893 6093 217151
2361 3893 99771
1513 1426 408556
9053 4507 73882
4037 3063 1287455
5092 1608 492985
2460 5158 2460
7232 6830 226414
1333 3201 2936277
6401 4496 1186204
9595 3139 2115774
3321 1920 61096
4500 8977 142634
3446 9866 788631
4086 5353 553882
97 1654 170504
9798 6990 296470
9119 3623 526272
7196 9590 1100272
5712 8073 288444
8426 5138 1037298
3276 8097 938902
9325 904 139161
8212 5854 549535
1476 5464 668274
1397 1545 338994
8186 1363 167051
954 2069 415066
8052 8597 47290
4046 7772 447452
5153 2355 2112545
8922 6378 339053
554 9095 1081774
3280 9689 203330
2875 7985 1798790
4789 1025 170363
5536 4902 95218
3241 5617 19058
5434 8308 142125
9973 366 513731
130 3213 25162
9380 4879 104255
9744 9373 607338
8388 7958 387483
