162
1367 8717 1157665
5144 5058 426401
6671 4307 190488
6572 9617 368417
1100 7480 162135
141 3546 330759
3123 6165 96632
7094 7908 199963
5311 1893 2215825
8512 6519 15201
2749 1638 382016
8815 7946 70125
7980 1376 772644
7507 3839 165705
9540 9879 283038
7511 8472 673091
9610 3785 604741
945 7333 16362
3748 9471 60659
6815 1704 269109
3008 433 869154
3751 2114 544383
7127 1628 255507
3961 3861 743249
5841 7450 516100
3800 4383 291303
7510 6345 799481
3425 2213 773745
5227 2075 1981723
6075 8060 164398
3095 5401 274466
3433 3650 31074
2144 9195 8420
2313 7708 247318
9636 8457 1010368
944 80 123084
2381 6449 297882
3801 6467 281592
1729 2427 6262
3028 6294 914231
5094 7380 340932
6887 2680 1339559
991 9463 296494
4054 3167 183042
8726 6109 1361942
3963 523 154021
4198 9617 260753
8534 1610 149841
4025 669 173345
5111 6975 1736078
5757 6114 226152
1639 2455 2712562
6550 1740 282114
5481 8129 144509
7866 8386 1446600
9545 1663 403084
1001 8216 704788
8772 9957 216552
9062 3225 70470
1818 729 838272
9249 4146 99534
3818 9775 1295765
9066 8148 374455
2850 4858 719260
396 5866 98759
6699 7388 18783
8447 1005 1094931
7748 7960 343146
4391 7994 328222
7398 6553 265642
5704 2999 364896
3664 579 84359
3591 1030 399017
9972 931 447601
6266 9712 656011
3399 5825 5127
1140 797 535983
5011 9917 448957
7102 7333 2752472
3798 4858 209700
7132 5429 4325
3934 478 1002294
9133 4807 790057
5405 1277 263782
5842 9687 1605283
1404 7643 1519093
4438 2835 2191459
9076 227 152692
2160 1256 510350
7490 6811 1179089
1117 6629 1092715
68 4840 319874
3266 6486 153377
5216 6095 131733
6963 7126 51813
6886 8393 1212764
5454 8111 78134
2195 5739 132782
3744 8097 2751168
5866 9777 190081
8237 4071 521954
5817 9325 2093287
8042 989 1164968
3904 1962 345633
351 3992 549862
8765 258 1099046
1048 1502 59607
3646 9791 1329464
8838 8194 152687
3401 4884 606458
2438 2829 3907689
2172 5157 169943
235 5364 160486
8255 4057 893277
4251 8803 154914
7050 9927 237699
6924 8989 442259
7064 5240 1146586
5232 154 1388521
7470 2122 842313
3121 8753 291008
492 7274 238143
6274 4891 864884
685 2987 1428058
6893 7898 567934
8975 5452 265484
2255 5438 543400
210 5329 596167
1976 3641 317145
5278 9774 1518072
4515 8414 855433
34 1666 1005479
7436 6590 945511
4101 7200 2802432
4467 7993 69010
4653 9773 115688
1994 5739 1453974
3815 16 537325
5248 9158 541762
6647 4122 1013192
5348 4359 1146872
1462 1334 11153
6055 7843 1935220
9140 3435 161836
7363 6041 552397
5163 9551 596194
481 7273 172074
4378 348 558025
4077 4828 1242727
3886 5677 101175
613 2247 112135
666 5082 612839
7241 6882 107308
7030 574 200889
5276 868 144400
8596 4356 312656
7354 6659 7655
9146 7280 430835
5224 7839 228416
6609 7982 528596
1357 822 33881
795 969 54652
