109
1847 3040 3274
2741 1080 38151
8939 987 284066
4377 3568 3240993
4097 93 378509
7490 112 1570
3859 844 219602
1073 1730 688789
3542 7746 187738
2378 5214 577150
2551 130 387831
6172 5753 251209
6368 8372 228566
1484 4525 589798
8538 4715 314079
8484 4073 110595
4034 8560 663756
5406 3868 1598713
367 1610 148616
7301 5075 2147210
7902 1407 1181305
3457 7361 36529
2823 2714 1157452
5549 5413 1236139
3919 9344 226191
1991 2576 1198423
9281 4605 688257
3561 4881 3143581
6651 5571 1135086
83 2444 1856178
4351 9141 1593498
3304 838 306708
1394 3289 1538821
2968 5372 311466
358 4722 715312
100 4633 661171
1982 2229 358858
4774 1882 920936
6709 1758 371288
6940 9841 208290
3298 9226 862346
3408 730 3056399
9764 7706 1853042
7339 7323 328448
3672 662 415530
5989 2541 464506
1969 1148 959813
1614 5854 325195
6208 3092 83630
2980 9476 227120
124 7129 2036082
9370 2328 1034773
7396 906 1382929
4644 1067 396534
1273 9074 2432085
7019 1555 2429352
755 281 1297977
2317 4887 429396
2701 153 69814
5252 1102 562465
9157 7213 152627
6279 6590 1473669
7304 3436 1130578
9661 3010 2158734
3222 2532 232232
5587 5867 107162
1426 7560 1850736
4592 9602 3133912
3433 7865 694795
1262 9793 413106
2947 4969 775962
5013 3799 2370466
6496 6850 436080
6922 9863 148613
8202 8491 937475
7087 6362 1221575
9976 8009 784626
9002 8769 2696025
5717 2361 806678
3670 2537 1525609
954 593 1888557
4366 5644 84
3911 9345 996028
8135 4390 262602
9879 1110 1777730
3422 2175 1662182
7332 1264 472314
3747 8965 1322987
1343 6259 1245756
5311 1773 408846
2883 9508 203624
813 3384 530277
1065 1671 1529793
6726 3703 126413
3556 4983 1201540
5737 1140 832274
3798 4868 229948
7291 457 166887
1516 1715 109568
1377 8375 559779
6255 34 1090770
6090 3906 530265
4854 9771 894157
535 9125 704422
6103 8396 399029
1002 4176 1554023
7771 2472 679499
4144 5709 2395431
8970 6932 1621415
