119
6826 7787 736021
6603 4985 87553
7295 3845 1489981
8094 9964 1817969
6128 5070 126256
3338 3732 120398
9823 8830 2277070
3509 1714 191574
6063 7462 113257
2055 2572 870047
2740 9826 207601
8646 8025 394289
1402 3431 305597
1519 3282 2401204
7975 7402 863903
2329 4420 1653451
7073 2146 351811
7119 77 959436
8467 9046 968939
5067 2083 1155822
5393 1849 1396934
2758 8012 61289
2001 9434 57254
8715 396 477511
3085 3529 503524
8222 8378 1455468
8808 3207 1404680
1305 7983 2934066
794 5020 626242
2974 5973 91661
9603 5208 361197
5842 3622 88233
8781 1909 1148236
6590 4809 25348
2170 6279 467169
5013 8040 1685942
1848 524 334114
932 8881 37256
7279 1160 1286962
6602 4373 1379336
7223 3227 36028
7504 9852 1201683
6128 7806 236463
8663 1672 1418621
961 5026 218506
6478 6450 2049878
5963 5336 4616509
9018 786 1156227
9375 1537 57895
7390 6216 233490
3938 7898 809763
7775 545 2901800
4402 3246 5718754
8906 8891 1136883
2968 8426 452709
6730 8551 6257673
6586 1173 547587
9315 2762 202630
5113 6691 605105
3498 1624 175140
33 3541 1000982
8746 2274 215714
2892 8797 555954
7454 1793 635107
8300 1014 127813
1936 7961 72350
2040 2229 1983540
8607 9725 843725
3548 3513 423551
4709 1887 275488
839 899 304553
496 6790 345713
2239 3915 128140
9560 5848 48204
4807 9600 911011
649 7938 1921588
2094 1883 724773
1743 2609 2289125
6191 7139 681001
7594 9308 165232
7053 2165 606966
6790 772 88483
9309 1857 161191
1926 7346 1033508
6414 1612 621484
8335 649 58825
8761 7112 2999
2087 5004 809886
7766 9522 81457
8846 4274 716057
7560 6248 845903
5287 556 190262
40 3113 363924
1241 3804 2115675
7308 5139 256967
2871 9938 323981
7722 2308 640971
6375 9653 601684
7834 3379 2396817
6076 9264 793635
4790 4122 517659
8658 1624 444179
3155 285 410042
3515 7549 518886
6840 812 327266
1028 3900 1434925
1341 3492 637586
4086 3041 439642
7575 1566 399260
8697 1400 87679
716 7919 15967
6284 880 523958
757 9396 1762577
1781 6664 387404
6456 3528 1928766
1142 1731 185754
6089 4357 166297
2554 751 42427
5597 7144 457542
