160
9993 6546 146613
4951 8739 871399
1444 8625 159047
5268 8611 410587
5038 9734 255693
1645 4180 11459
7967 368 162883
216 5809 667946
1800 6284 1898302
8107 4867 1383297
1178 1939 33614
8599 2330 792301
1644 5799 272368
1965 820 447334
6848 4955 272911
8168 2668 572463
1804 8867 15713
7797 6154 1691073
1627 8212 122680
7778 3153 63668
5663 4150 549983
1108 9804 501345
6249 4659 1415784
2183 7089 638318
7537 535 144163
9557 7356 703427
5473 6055 178091
6353 9558 2017763
6245 7903 976132
1200 7050 1590599
8520 316 689677
6257 597 1144192
4703 9838 771195
4994 655 1112228
2107 5411 265
4001 5896 1013157
4863 6928 180053
2289 8913 44713
7370 6819 61544
5525 226 123467
254 4513 381301
3187 656 349523
7248 2740 459612
2401 2438 993866
3745 8276 693383
8349 5537 2059580
1680 5229 319034
8818 3009 38626
7388 3777 484052
7290 2554 1351800
8591 9071 60532
8515 2543 1204190
4333 3225 984188
656 8454 327306
2243 5093 484705
236 9155 9553
8507 6335 621119
8498 6242 841499
5205 1384 408536
390 870 1361031
2398 515 1228752
8668 7101 70972
7643 7637 516760
9401 7038 517536
6763 3398 116117
4395 8058 17693
1464 3317 23165
4147 2684 154791
1746 9801 868558
159 1478 758538
3947 215 334180
4870 9442 267748
5835 2626 185682
9724 2805 267466
1259 5399 332410
6416 7355 235826
9471 6381 1786541
83 4365 1552205
2204 4712 52125
9504 2836 351670
7208 6908 102341
7055 2628 75383
628 362 83182
171 3441 626965
9190 1062 38165
4813 1175 135266
1553 2559 400729
3561 4373 457539
1293 8491 536753
1711 9233 576652
3282 7313 1541724
288 3251 386592
9998 6440 73555
5555 6539 291038
740 7858 861110
4058 5209 520298
7373 3488 260058
8718 9287 563706
8910 4419 195388
2877 8225 213221
6120 3659 2848952
7423 4027 33035
654 2205 3625
3379 6623 2372637
7874 6 32097
2662 6465 769491
6477 1438 47172
6335 6536 1168432
6812 9664 267332
2326 2195 2279683
1829 9562 1626796
5333 7684 1756045
6298 6190 410608
5860 9981 1623604
6554 2480 360076
3072 2807 393840
8724 5846 563721
4501 5822 1247750
2877 3338 291287
4324 2405 960505
6896 948 277093
6438 6203 108045
687 4029 1078288
3386 4427 759991
2804 9156 2372340
4443 4850 1134215
1329 4297 151764
1956 3377 1257036
8679 1778 277835
8328 1380 434086
9687 6569 654450
7219 1511 154757
9472 335 455869
4821 5677 1726349
8525 4223 880327
359 4146 50802
45 6821 461623
1580 1830 1778852
6635 4931 1202920
8514 1097 74279
9323 9522 365460
325 3961 222083
5955 9747 974409
3683 8691 228122
5585 8939 56121
1266 9988 1071298
5740 9262 203766
7463 6251 1076821
9930 8134 834638
8568 5444 216
3256 8397 2201645
4813 3906 474671
831 6802 118824
202 8870 141076
7470 3418 13828
3469 5458 84285
9630 8604 1149000
8420 6279 98550
897 6284 479575
5385 200 738720
