196
5360 3699 81329
8793 2821 55104
7581 9948 610219
5459 1550 122534
3389 7625 1624154
5921 8159 684120
9930 4064 830083
3272 4739 175858
8952 5641 251965
1009 3608 1428094
1388 8474 59414
9927 3387 510471
2551 1079 754781
5458 2127 1633295
5839 1225 721290
9412 6790 845503
3854 7731 272710
9793 7669 73332
106 5634 1105708
430 2718 298002
361 7468 332410
5054 5060 218054
5921 3976 112069
9028 6039 982628
4926 1032 354638
2147 7039 6350
5615 4903 951996
7425 7443 1142186
3308 2392 12875
5321 9658 459103
9056 4173 55191
5352 6424 402020
1345 5190 1340710
8280 6499 1044002
8324 3339 380112
8039 1845 149635
2309 2495 380386
9369 9432 3281686
1323 4960 721526
3927 8161 577366
878 9709 51937
1778 5581 1002920
5323 3722 1981830
8307 353 436234
4591 1445 135725
2754 4913 812710
8850 4513 134768
9514 9362 391207
6759 6023 169444
3677 8270 604319
2092 4161 765345
8836 9555 329569
9278 1099 634830
3174 4716 546933
2430 3828 212945
6569 5112 885005
8185 2306 155828
3373 4680 126072
4682 7780 629433
614 4373 1162504
2063 7730 1766807
8674 9424 428235
7487 9452 1618115
526 7163 57625
5485 2061 62691
2123 6827 246909
7887 9624 299670
5625 5850 330014
2313 3251 2371
654 8112 343441
1518 533 70695
118 7552 1585447
2493 8008 101183
7884 9558 642
9475 7067 874390
6438 9355 81826
5904 5249 53042
3342 6245 315723
8670 1973 197323
9982 8202 84215
1058 6592 44122
1229 3658 22246
8413 7290 1047357
7085 3874 889298
1578 4163 192064
7408 8488 2398626
6225 5561 345181
7284 7781 35590
6284 3029 116580
1103 5374 259345
9002 1128 1549105
3953 6638 40449
5535 1305 734080
4355 4348 3235433
9619 5365 488411
6401 2804 364932
154 7821 457880
2710 5012 564685
7545 9840 849462
2471 9357 63237
7558 769 364678
4406 4323 137454
9218 4869 354329
9868 8788 262445
1412 4717 283988
2347 8679 614649
420 5355 524673
8849 2795 699634
6940 9747 760236
7175 5294 20615
8199 7225 262994
4209 3776 504851
99 1236 147556
1630 616 436021
6283 5532 205263
5931 7594 305746
7362 5239 237319
763 6748 362520
8787 4160 707796
1277 2618 681485
6598 7997 70227
6106 5973 35727
5457 2447 580836
4042 8030 1320039
822 9502 258266
7364 5492 357315
8800 5518 8465
4616 2851 421494
7858 7146 80007
4505 1468 542211
2874 6679 264523
8567 6921 219667
5148 7 23011
7417 9287 627391
7565 313 506131
696 1115 69391
7077 3852 748092
5859 8197 216482
6525 7196 75237
9444 2793 742716
1265 622 509318
6282 2308 1203239
9597 408 342863
8274 2045 525180
7189 7028 530974
5927 4991 29412
1995 4616 120726
4580 4744 100509
9771 8938 702879
4151 1406 757962
8781 1016 129546
385 8039 848322
8529 3266 579386
592 1300 180298
7115 1453 895113
9818 3880 89020
995 8319 415657
2708 4088 39506
7012 8360 60296
3036 8733 311666
9494 8736 294092
7765 9229 352004
7777 4871 920730
7818 9789 372690
4456 6118 214684
5214 2957 1699810
6973 8551 695278
1882 3208 58328
5918 3160 636669
3906 2832 87257
6903 6566 458998
4652 6505 880777
8709 4716 309745
7593 4896 301066
632 4379 83305
6398 8488 39993
1877 8360 79421
7050 3668 1745653
4972 9191 1462773
4254 9570 4560
223 7285 1160765
8002 1828 74958
5430 9635 259500
4233 8010 424490
5178 5160 627034
3030 3198 784639
8762 2931 1730829
360 4997 48513
4800 6147 392912
8443 9723 229585
9125 692 641280
4966 331 356005
4813 5280 20937
5891 7871 468489
3481 5910 147945
2835 9646 90020
