76
5627 7728 2474541
1665 369 1436619
3649 8655 1985074
3186 3334 1509071
7478 3763 1042771
5797 880 1266382
467 3694 1426799
7712 6907 633744
5308 1801 1539744
4991 2146 520871
4318 5865 1979337
8321 9718 1095992
9849 41 6376442
4425 6882 707918
2399 812 421190
873 6359 2164214
8874 9871 1109231
4726 1727 2011546
8076 6151 773778
2351 3740 883625
3379 6532 1739277
4854 1386 479820
6326 7679 1382833
7827 1580 386708
5253 7323 30880
5885 4059 1788983
4492 6697 1136287
9777 8180 279051
5395 5181 2667024
1231 5869 1135812
7567 3008 2452034
1901 5599 3092718
895 5876 2459755
5066 6306 73269
7574 1675 1311588
2878 5337 661517
2972 3396 3388044
7234 6815 854398
7270 7954 303776
9299 4184 598357
9267 7350 2092542
2729 3615 759836
1573 6523 1432388
1498 3161 1367388
2857 8448 277201
4962 841 1106383
7096 266 1316074
5601 3206 811729
67 6007 850070
5988 1023 274309
5442 6749 989065
6387 9389 1867164
8549 6230 814413
3882 9703 3467541
7645 3135 1525586
5492 5077 76330
2641 8901 555708
8313 3919 76819
1562 7020 662104
1303 6287 878269
6450 4148 340294
3747 1123 1173602
7249 6114 2481720
6223 2274 18510
9923 7082 98121
8866 9551 1529184
3834 2984 1478465
565 7230 1519158
1431 4858 305010
735 6552 578696
1356 4681 905956
3558 7718 880451
5794 8346 509966
8699 6007 1689315
6992 3198 3123162
200 3881 4586451
