163
5612 9617 800062
4656 849 475912
9258 8031 78126
4647 9501 537168
8539 769 292072
3556 5565 559732
1984 5033 483660
8522 5724 938258
3197 4419 414441
492 7173 324386
901 4494 378227
2972 2731 311306
2726 3347 22877
6774 5794 571142
9083 2061 922900
6359 6846 2131000
4189 866 191666
961 3946 613421
9157 7555 707236
2147 8958 1696361
3646 8599 397499
7914 1702 420610
7704 6974 1416035
3178 5941 578627
9994 5370 21441
8122 3881 591033
7502 4721 42388
2467 4830 1870779
491 658 454921
7583 6285 837214
765 6176 253333
4499 7898 1134724
7757 2287 1062344
9487 5354 742947
3159 78 332473
1981 4881 1144524
8477 7833 519384
7683 8016 673025
9052 8885 329330
3377 1170 120234
6103 835 19139
7247 7679 1067886
1790 5549 551388
8117 138 433636
6593 6132 928219
4925 6943 697445
6736 2099 298842
334 2517 1171705
3575 816 135134
8003 8669 116166
3048 9025 268502
8633 863 2004405
3927 6815 373547
7405 6037 1837080
8810 6125 69
5582 6245 891570
2633 6272 785128
7596 3695 803623
254 8212 554369
8086 7617 370923
874 264 59924
6594 5081 563053
5087 9712 2894027
1012 542 453801
600 2682 1353863
9694 545 125992
1260 6611 198432
8536 7495 81351
8130 1578 1920200
8215 3753 73340
371 6970 569233
9246 5289 483869
3243 3762 1075656
7801 1165 533442
8297 360 958388
4538 5515 320456
78 771 462434
2774 2976 616466
3466 5628 244149
5524 971 183438
4937 6769 1470650
9569 5587 704352
893 1324 456603
7757 634 859783
8589 612 2094104
3125 3143 363328
2947 7540 277029
5583 1516 1213510
5914 1099 165094
8935 5170 37278
8331 3816 2327634
3208 9359 1627968
9037 5808 42399
318 7431 1594892
8706 7608 134066
2295 7713 1849340
6897 7292 103512
5254 3253 1823682
1497 9089 124941
9625 370 106901
8258 7215 383724
6057 7659 156851
1395 3103 63285
7379 2719 29213
1302 7168 249890
2757 566 1414992
9883 148 1323770
2546 1682 412567
9905 6925 373047
8840 9391 950013
781 9609 448588
3166 9050 339632
4119 559 543135
9318 5551 367273
8509 9552 43464
205 7989 248451
8376 1437 153113
4452 1908 1974015
8136 818 491010
5230 6032 1281360
1108 9580 1212051
6380 545 158607
7155 9995 485132
811 170 41155
8775 6319 230248
8073 7298 825365
575 6377 884429
1114 2422 1660539
5889 2068 221668
5486 2207 635652
5233 2149 117430
8154 8510 69937
7332 9438 159327
7673 762 46798
8526 9448 38182
7323 5922 418839
9188 3622 321807
4727 3325 458763
3392 8596 130830
4171 5079 504542
2191 5729 35986
5212 1019 352586
6819 2883 348860
7944 2006 368244
1196 3036 983830
8872 9226 209215
804 9617 271799
2113 4834 643847
1684 7197 393392
9553 380 217217
9776 153 40344
5975 4612 962063
6620 9461 373118
1230 735 1119823
9245 9483 695582
5218 8334 322749
6104 9477 624375
2840 5849 189140
2594 4247 172213
528 1363 31310
6896 5770 2115012
9805 2317 376640
3467 3097 33787
