191
3480 7898 206853
3799 2120 839052
9616 7842 66494
4522 5963 636060
3576 4309 318389
441 140 530290
451 9324 321607
5273 3567 353954
240 2516 346304
4368 7122 284564
2611 6196 204297
9623 8882 445118
876 3487 208454
7756 7136 701496
1033 5478 1808201
5325 3117 448808
7905 3403 103367
5893 4174 113005
1110 4322 161537
1934 4303 123939
1426 6572 48848
1817 5334 802932
6342 9573 345568
8090 5866 183592
4489 3579 271010
6244 9046 760686
6174 3191 119444
7245 2157 132863
2782 6464 870161
9831 8855 240813
5132 1358 65011
554 3092 93595
1345 6220 158246
7923 5641 895267
6054 8695 223708
5886 9054 2397665
3706 6400 187083
973 9466 513162
5044 5293 340356
5894 2520 669162
8514 6649 20962
1594 304 199433
4904 7662 512476
8643 8664 355008
6184 5685 433762
94 6691 19900
1780 4439 927630
1257 5985 149802
4690 9478 164614
1118 4041 492098
827 3313 246884
5380 6284 357879
3480 8662 7720
3833 86 213992
7822 7836 1077296
5679 7761 457382
3435 7965 91310
7794 794 195724
4608 9092 1255707
9351 7571 237001
8029 5964 51353
617 9951 268048
9796 4328 1577401
8521 5051 753019
1363 181 24472
2480 5496 2451840
7928 3143 357304
2826 1227 1290655
9898 8783 1233526
9385 1960 476776
7827 111 214405
2216 5834 36296
6744 4266 739614
9523 5757 1092856
437 5696 306661
1012 1746 1127601
6436 7427 253615
9921 697 924277
2632 6998 1125026
669 674 233505
5654 6803 93127
9023 7818 365074
5494 3707 943472
6030 3587 48658
1374 8376 187507
1120 5262 895145
3068 1957 383012
7629 66 1044930
3720 9384 479274
7053 8769 993581
1217 8148 119429
3569 6465 296333
8755 3122 1803347
9257 2087 273024
1260 2060 1559365
2164 8081 710659
7724 8918 398805
8675 5414 289236
454 2965 3288431
9031 5491 413214
9257 3290 17816
7795 1613 214665
2540 1490 113378
4904 5675 35244
4224 2876 1169826
714 9328 212991
9216 4766 1288285
8721 6561 17141
3240 425 564609
3565 3387 90389
469 3970 53969
7639 1878 153923
8755 4284 2122824
6146 389 152068
8838 3458 2113666
968 5664 467773
7335 3384 352043
6965 1744 240079
5950 1560 75051
4572 4093 242896
5097 5585 471739
7248 8777 70879
2240 1966 754987
2131 5509 202471
3378 4063 68679
166 8209 37950
7026 5297 120184
4808 9045 217639
967 808 161201
4689 7276 1108035
6271 3018 53092
1341 9786 1130002
460 3223 45683
7554 960 334128
4655 7347 190143
8154 9181 886961
2973 2346 622375
6270 4713 431291
5320 6434 438599
4497 5485 369860
4852 2617 603771
1713 2514 227264
3205 4604 147910
3242 9993 300956
6790 9370 2613473
5101 7038 472518
5798 9021 49463
5645 7337 213243
1393 689 89319
2874 4585 871661
6992 5139 867457
2201 4313 295708
2222 7193 913551
9629 3656 40632
8794 2086 63413
3686 525 13570
5438 5726 1329192
2183 8486 305650
9970 2213 1063877
4392 3529 990894
600 4139 2463714
7199 3385 298694
8294 3918 471317
8595 9217 37740
4125 3476 30247
9694 3020 36890
384 8125 222644
6168 2507 643017
583 5413 610671
336 7385 97989
7918 1838 976071
9973 9942 171949
8355 9608 295783
6848 6630 418790
9899 5888 1855331
1653 9219 483428
1810 1234 1186855
9603 3718 155861
5663 4764 210254
7003 3573 4491
2300 9332 1928768
6605 2324 717155
493 5836 662002
3627 8108 399279
627 8695 477280
5752 316 272290
5474 7179 332946
8953 2655 416690
619 7464 565996
4621 8459 261297
1947 8244 325091
