127
5666 9987 189007
2943 9522 528136
5088 3369 499652
6624 6679 584456
911 7431 489395
2243 2612 759537
4241 715 751371
4330 6569 590345
4514 886 570062
8796 2144 224770
2924 1163 1286792
204 5989 954082
3788 8220 302251
5885 6273 509957
6135 2707 271576
9782 2544 1683080
9564 3711 478050
3349 9715 3763009
2190 6355 1008128
3797 1519 16263
3420 7456 96821
4223 1509 295914
9922 2956 209309
5777 6673 374492
5555 3448 550423
7413 1794 1625873
843 8468 1995287
6181 8482 238635
5674 471 730519
5801 9573 191191
6795 5501 434874
3624 3970 344981
2416 7710 2358131
5489 2759 322020
8929 4749 1451477
3784 1181 224539
7058 4665 2204675
3312 6967 65729
8315 4922 423590
9206 4267 216851
9087 3389 470169
6542 4207 452739
3117 5449 1460149
952 3942 400435
7819 4275 1698124
1537 7730 1303908
5531 6387 816709
8558 5562 1261962
1843 5350 2573140
9409 4374 194045
5787 5214 777680
4504 278 193147
3812 7673 33092
8722 9405 216717
3468 5704 959553
7396 445 59831
2036 604 735049
3177 6265 442965
9086 3235 761633
2394 9019 879607
6127 1275 311667
8222 2794 245196
5800 1952 18398
5419 2159 768128
2807 7533 843095
1992 8048 395759
7267 552 802451
5838 4376 2197708
6691 7973 73205
7100 2141 76602
5291 9119 746607
5023 4658 280858
5725 2062 33945
6530 3407 1371321
7151 6339 1463372
238 1311 2680831
9458 5484 61717
1125 447 1817751
8809 1386 467256
9947 688 20651
4099 8700 177034
7073 5859 708870
7546 8138 325606
8852 8713 165445
6499 7828 363081
2303 2605 1791787
8691 2029 835536
3660 1307 214338
4051 5121 63346
6219 5954 1577475
9696 9622 731734
9188 6419 395003
7733 7155 286947
400 763 37122
8151 2486 509226
6817 2612 533245
3120 6056 307609
6269 2730 1158649
8556 7606 598294
6123 9197 1300561
3911 5415 1538914
629 1872 1076142
4068 1919 421150
7071 8773 1405326
2722 8872 1315706
9782 3192 404212
1835 9018 2499622
3054 2342 1283666
8913 6270 551447
4286 8307 195834
4375 3741 1795791
4594 3613 85186
4549 5227 1134236
7469 7860 1073080
6986 6029 1724702
1991 3202 1141535
9892 4579 249815
7779 8126 339494
6520 5720 564279
5929 7037 2304586
3286 7068 297006
4305 3173 903775
589 496 387010
8096 4051 550503
87 5785 2310960
3104 3009 688115
6767 1798 1494578
