120
3890 1691 321257
9563 8671 1033783
3381 2199 950143
6588 8379 632949
2665 938 543454
7268 6890 715788
1077 960 1102885
2664 5511 1228625
3442 2520 439877
6985 9226 99971
4033 9846 24391
4686 3711 1767245
2493 5964 407014
2911 3756 1531014
4210 7187 1375228
7751 3471 202151
4259 5786 398503
6567 1995 256341
4146 4694 382915
606 647 1500944
2208 4841 1797216
7611 8808 435541
8065 9446 74064
2542 3160 47582
5906 4646 67204
3455 634 505812
4020 7819 375121
1678 5271 360061
8713 368 846332
7325 4544 730205
2064 5346 449522
7339 1449 739614
4598 5531 223655
2176 8095 263219
241 4854 1830402
8168 1017 630614
2372 9714 36907
6434 4514 1294797
1315 5908 46613
3495 4423 264030
5965 4346 1512107
496 1765 52956
955 9931 87969
9000 2006 704744
8453 7224 369397
6855 6045 265348
9809 9867 3790740
8746 7483 2257499
7182 271 1478979
9605 3455 1819943
5123 6536 33768
8461 9661 550611
1085 2636 41666
5635 5833 987164
1363 7232 5651301
5568 3644 235958
1654 3699 1249190
1307 2323 1183804
6841 9055 71797
7628 950 28152
709 4368 1505667
1920 4905 1466522
7265 5959 7062
982 7491 3131
6057 5531 332193
343 2143 192245
2292 9182 632867
352 4054 2999673
9833 7055 977483
7253 6738 554682
1317 8902 1991041
7933 3578 494937
8651 5057 201426
3255 8864 735926
8944 486 174579
7022 829 3363572
1789 4115 906301
6176 9262 2332
3571 8454 101695
3199 4847 428563
1557 9246 353486
2247 5558 3064928
4023 6810 1115166
1884 9203 121995
3188 1055 83091
668 3625 212486
6865 3890 113662
5760 3947 343455
6660 2889 2116934
6454 9821 1327145
803 8541 230742
3473 2124 798660
8785 6627 324704
5776 7855 1738328
284 8434 253890
5873 5823 771355
8604 5852 596082
4518 9543 846532
8970 3985 1443797
8765 3015 39400
1849 5530 322873
9850 5745 198086
7020 7017 1105559
1083 1575 4482591
77 9098 1180361
4923 5982 245613
5249 3916 1316058
4463 2434 818853
3260 4094 42995
2683 9791 119712
29 4469 694922
7430 8841 1690793
4172 7555 791227
8962 8100 795604
3745 7636 305124
9626 2953 945145
9416 7903 936720
7256 9948 238250
341 4491 2056019
5600 1343 439678
