149
9993 5053 2603744
17 633 305518
5307 2131 715669
5196 8240 2110902
6674 1776 392543
6570 3521 178666
2925 2329 705065
9539 3661 438123
9547 3798 1356871
3652 8289 357903
2826 5590 112956
8394 7810 568819
4773 4482 127244
9493 5831 719402
6343 9985 1280166
852 9615 24496
6377 4626 1065558
2194 5976 650869
3994 5013 727485
1865 6426 1303572
3338 5497 141273
4660 3032 556831
4483 1610 675789
8559 4401 550163
6297 2003 222343
631 8263 1737178
5047 9784 1679111
3880 7197 538527
8448 1631 222091
7270 9712 569877
9111 3048 1407756
1061 4237 95016
4689 5793 1090303
8659 5530 299139
8024 7968 338671
9401 9319 747740
4606 2863 452660
7109 3946 425574
2802 9481 43234
6564 9126 1518013
4374 2728 747547
882 9518 250089
8486 4273 12779
2834 8815 3543780
6867 9440 737853
9106 8181 1178921
9853 8958 634572
9240 7643 624533
1414 8735 848254
9869 6615 37631
3119 72 428576
2802 8448 600087
4460 6207 584305
1347 3756 1852935
594 7490 117006
94 720 295561
1020 9859 1124933
4585 5926 696465
627 2890 1273409
2506 6989 461094
9023 7314 350077
4058 6658 488491
8125 1683 940474
2329 8593 521902
1991 7707 334195
4421 6281 2323736
5977 3675 451172
4509 2206 714950
652 8341 994987
7332 9191 1813336
155 9273 421316
5468 5466 176639
858 1623 554589
8388 6564 230076
2457 4000 42844
3167 6376 729207
6680 293 362025
8057 1670 696731
8482 6277 1376233
4240 2265 78279
2568 1020 268869
7339 2171 85364
6158 8682 765606
3881 7747 1036816
1743 888 48281
8106 1599 1091144
2917 2514 769846
6985 6953 54445
8975 315 485047
7454 6965 130387
7966 1719 468180
6370 3040 575717
5570 2466 8230
9657 4892 114846
3950 2160 1828603
1608 476 240286
9083 8819 209044
6951 5632 485541
5131 6010 118210
9509 941 326483
742 6943 1089502
6323 4282 122867
4215 4056 199329
1454 9156 719644
4416 6546 1000033
3169 7 154638
8318 9553 1989565
9134 1066 37262
2381 581 127842
3258 8769 857542
2688 273 1372824
7656 4653 1883211
1117 8103 81219
2400 7928 1497913
5979 2268 1869272
9909 2515 886456
4074 1703 305123
6701 1260 174388
6045 5930 43558
7550 6950 610803
537 5632 319383
4697 1641 265829
1099 5175 1557732
3453 3891 839486
6030 745 367695
2356 8201 90177
8402 539 366489
2152 4463 455292
3519 1390 1891370
7829 7255 1685945
9513 2406 476871
891 4047 1586007
9576 6128 41227
774 4681 795645
5228 6916 477728
6066 9642 200593
3341 2282 167552
2681 9204 189118
7536 1235 1291251
1286 4949 409853
7114 2340 627770
1200 9803 14299
3415 4787 48821
4725 6016 91773
7296 6192 490671
7379 4456 495616
8095 2778 682877
2818 9757 986225
4443 6657 244320
