130
37 3358 1005938
5099 5832 181597
1925 9934 220763
7205 3057 1779360
192 8113 896995
5212 8599 194938
8227 7655 727532
8723 7605 539096
7507 3711 2799402
7091 9133 23288
4064 3093 957801
2455 5524 143644
8279 9058 17720
3809 8067 36942
561 3593 253577
8245 6145 32258
1019 7035 182745
8036 7836 677447
1010 3719 2356742
2094 2886 88903
5845 3463 2725021
2487 8394 1056331
9918 5095 422347
533 6446 797950
9637 2818 2739838
2315 9572 118213
1603 737 1964212
920 7708 1407926
9024 1240 1131054
9478 8124 393284
207 3947 532617
2074 546 1433112
2948 2215 535186
3878 7101 241107
3019 4285 669402
7181 8825 290914
5998 7192 217035
4344 2097 15905
3773 8374 524878
5840 6796 391863
8498 2582 745198
9876 4722 1246386
4357 3253 80194
645 7810 674525
3739 2763 567267
5025 4794 372288
7781 674 355422
7516 2163 401178
5115 2675 679003
3821 3266 184774
1638 5813 3530570
2214 6890 841156
3646 327 10866
1673 764 2220862
7401 3430 314273
286 4351 834362
892 2629 242399
3328 5340 1044257
4513 3149 493113
1924 7214 67001
9258 8803 789155
7529 1229 974893
4093 2039 47385
8539 2054 1575827
7522 7809 2230108
7957 7290 3761
9712 8553 73137
534 7929 452768
1706 9252 365881
814 554 134772
1562 3420 142427
8098 435 794136
7312 3044 2593399
7570 9865 2331175
3100 3137 1293438
4079 7232 810662
5917 191 1369714
4196 2301 223030
2632 3930 781004
8149 3883 427759
472 8275 210334
9842 4399 116593
7159 863 1585088
1600 1147 1019833
958 1552 249384
4327 1129 2021640
5546 4683 2695520
7200 8094 1317171
5971 8389 634442
806 9389 664310
5246 677 795840
1338 2826 624294
481 9614 948922
9788 8767 45914
3095 9443 581878
5852 423 433429
4361 4871 377677
785 8938 940254
7007 4132 515568
445 5337 10245
4408 5433 619985
8684 1493 291732
9121 7654 105030
1257 9225 267039
1033 271 541049
4955 4686 380482
828 6857 1249826
7761 3242 1434976
5128 9015 43151
8557 4911 176257
8766 8590 985544
8306 950 165633
5570 5709 626659
5696 1799 379804
3442 6000 1584782
7251 2303 217019
205 527 1958223
6698 7540 180120
2300 8234 17226
498 7606 405894
6662 331 106187
5052 5339 911091
8620 2123 741827
2141 7481 2220659
6643 5215 265703
4215 3554 772159
1914 8003 1444782
4543 621 2189364
4574 1453 444011
9265 7929 441042
