158
8737 3288 249583
3108 3127 1293279
6479 9847 483604
1584 1484 635321
7286 3924 75712
465 14 168287
3440 5116 210366
8697 7697 65901
3612 4607 549353
4129 2798 3812640
566 2939 1980223
1483 3255 969757
5340 4884 29798
3982 9224 519821
6471 7581 1745742
4787 1153 253811
954 8692 1011194
1619 7219 667572
7043 1652 145174
8409 8223 196054
781 261 728654
8167 1448 343331
6407 9636 1003549
1048 9144 418794
3578 7647 700466
8658 6468 206994
7750 9376 29762
6021 8462 126251
7050 5123 23397
6509 5154 193719
4371 3911 1153101
9553 7903 490373
202 5084 291034
3512 9573 821431
8640 3350 211807
1229 1765 427396
9412 441 118745
9674 5529 662189
9323 2457 911348
9933 2927 228328
3256 853 305227
9831 151 230326
7853 5491 391823
4126 6997 2216098
1089 384 667785
4316 2528 1303700
6959 2301 78787
875 1374 530276
73 4499 286624
1953 6383 372717
2402 6013 1447433
8163 101 509766
953 619 450769
7458 1011 307412
6509 2297 1525187
7747 5059 609478
9227 3002 805190
2753 2518 286564
7251 1915 1010562
9063 1642 744981
8114 8636 52516
6303 3303 168886
8830 899 336977
4009 1012 164536
1965 425 38112
6455 2155 354858
7635 6212 673859
5903 3544 151748
5149 4990 22883
9563 9907 2002012
5365 2738 102218
4272 3183 154908
7666 8647 23747
2478 2361 956857
4319 1252 1815218
5765 749 182272
9874 1490 247798
8510 5063 363766
7386 5483 1822753
9714 4730 550678
3952 7337 375052
4429 4844 200676
5069 3748 565317
5605 9088 1526000
1854 6980 1462717
4007 3393 708362
5681 9740 945582
8469 5220 1138016
8936 8384 1329872
6688 1711 880908
8177 946 1457945
6537 3697 179710
3682 2883 221680
6955 9745 1716486
5325 4976 704211
2007 8739 806181
4057 9062 463701
4678 1633 180131
7399 8983 323898
2930 4217 452869
4079 7146 47807
5809 6197 1428811
3482 8425 412657
5156 1729 609115
8020 8760 1663674
7309 3743 224519
75 8643 630524
801 8428 639926
5564 4691 972994
3633 9672 23163
5240 3020 232355
2995 1160 1914088
4223 2310 386145
7003 4458 96756
6486 6996 314220
7104 7860 358780
7765 580 224624
3195 3935 1138821
7620 7168 442686
1225 516 361708
1675 6129 2224282
1645 5881 22717
5105 8922 193188
8488 6252 622498
9808 8409 176587
4652 5170 501786
5273 8510 885748
5900 7046 517160
5555 3929 350754
8537 614 84067
9331 5584 345910
6422 56 189843
4532 5381 1176730
2132 263 336553
2869 8565 347280
6818 6272 401100
2350 6551 87067
7452 282 1040690
8092 5782 168713
4422 1821 391672
9716 5099 137525
8237 4213 258100
8800 461 1711638
813 6642 473094
1811 9454 3458141
3409 124 390424
4882 7595 249883
2283 5700 490919
896 6305 1724198
8828 9016 634491
2903 8955 581915
3701 7777 296812
7160 406 599909
5555 6619 1299864
2758 7216 15956
5631 3566 46048
333 4883 359859
1117 1352 1023024
