156
8273 7945 2378379
5412 4013 318873
9635 5315 320528
8714 447 607182
7332 4267 1071333
3270 4696 467728
652 8266 1008031
4524 3620 358473
987 8157 1963416
8157 8346 1329406
4743 6975 41555
8003 6427 2307025
6611 5251 35261
2561 2189 68969
3909 9906 83446
1748 2154 363748
6263 97 122722
8220 782 146844
4118 799 588429
4215 7567 127347
669 1415 1048337
1351 4605 580974
3828 4773 379641
6290 660 92197
2239 193 48015
2820 1598 257871
8063 3467 84889
4269 2267 1459666
4351 4974 673848
4060 6571 497474
5068 7377 1636939
2949 7474 314513
514 4836 970636
6256 5682 205522
702 6643 1498422
7933 9855 1035305
4626 8709 357069
642 8041 190676
3551 4861 317864
2672 8888 1124643
4672 9162 1479780
5009 6516 61000
6476 3044 568064
8799 1072 192421
3654 5402 995455
6665 1916 128885
1389 1943 1618377
8141 483 150915
6533 7865 915791
983 3593 378695
4173 5664 814062
1104 3226 26365
7253 3486 781266
2790 3476 88186
4022 8315 146421
9214 5524 538016
4780 3333 1111049
6766 2111 966285
4954 520 200385
4527 7860 528941
7196 5118 130248
8761 1069 75688
4523 6908 477514
8934 6549 197666
7939 825 921670
9922 9076 736132
4868 1261 83443
1537 3477 241205
2589 1556 182946
24 6892 1583166
8949 1470 366907
2022 1909 198170
2540 3641 316569
4133 8245 173359
7500 5082 665911
6532 6321 289086
1170 1611 354175
6849 5450 239848
1830 8745 184431
1002 1464 58940
3448 6181 399015
2946 5784 1225135
2102 414 1546869
8230 585 1043568
407 8903 140837
1867 6988 1029375
7446 9557 694513
596 4489 353881
5011 2914 222891
1616 8402 751190
7603 6035 268541
2086 4900 136571
4971 985 1208100
3603 4860 802135
5984 9052 756712
2703 2044 1622278
8164 5499 687142
1465 9810 77988
2274 440 1299414
543 912 359381
5730 2684 297457
7812 4467 3842
3124 581 41086
209 6218 49397
3253 4951 1029064
4061 3263 219449
6095 3171 1580792
7218 6664 1395929
6300 6364 41350
1535 8350 172710
9132 4443 1317121
8136 362 2369647
5464 3774 1156062
8203 6849 21100
1670 3352 1474007
6401 1913 1105781
7931 4614 653822
2311 5668 292905
2846 9393 32627
2617 5017 1201194
6137 6811 412211
8996 9335 1118829
3059 1130 230017
4380 7965 2886550
754 8 125438
1769 3564 539394
5257 7416 670827
900 1811 899144
5069 5440 875206
8538 3336 684543
89 7515 195270
1906 5030 816419
4026 6508 51029
7103 7222 731105
3717 8553 1136330
2387 9534 398960
6951 518 208627
6275 7606 726737
83 1697 1847518
2291 2671 111982
3544 1863 2146682
825 3526 36809
6134 9147 2489289
6374 9170 60
7799 5558 80495
5577 7430 394740
2052 8409 86290
7325 277 344244
1763 9797 265928
8550 5610 1981834
3879 9901 1032369
3248 2953 276564
6197 9677 437439
9391 848 134538
9840 2564 48033
1565 3490 847043
