65
1415 3644 649396
6177 7117 1459871
4487 3249 263942
8157 6853 993624
4739 8082 1404338
7000 6973 15474
6155 9051 2054602
2540 5442 34004
6398 5642 2784164
7596 6104 4120812
3984 8377 375245
3441 8211 354414
1951 6281 1109595
6967 3470 4524341
2569 7097 95896
6836 635 539004
1532 3406 2068657
7819 3686 98662
5885 9444 144635
2874 7430 661210
117 4011 630319
9121 4260 773879
7266 560 1263426
3290 5975 2045494
9162 1192 1671459
5432 3950 245141
3162 4039 1062797
5167 2809 978839
6401 3349 1382693
6183 4163 638676
7397 2857 241826
7408 7294 1512875
2472 3854 1859312
5733 7312 351323
8741 4320 5381151
7177 9133 6365028
3380 1955 1072092
2914 9003 490521
5723 9043 357969
7113 8989 1133251
7636 6525 9073459
6130 1274 672276
8928 4193 191975
6400 3022 7580366
9429 5901 888803
7939 8835 2520832
6397 9504 2981421
1774 9816 1023201
6346 7635 332720
4341 5203 176262
1100 3850 922280
1329 8166 4596600
2020 8011 109228
6446 4967 6225092
6795 8683 362308
6807 2546 93747
9194 7090 1386536
5182 1817 708876
5028 4692 94822
7321 2702 73626
2823 9832 210445
1747 1859 216799
7891 1867 2784342
1324 9962 2658903
5164 7405 905124
