70
7126 7210 1500878
9084 1983 142612
7003 4737 586409
9966 8288 2126256
986 2171 499682
1948 6744 1838626
6844 3130 1282486
5584 8364 894082
1560 4584 515692
2623 8651 727710
3789 7795 2994942
1237 5733 2389267
6609 9565 831464
5711 1145 4428855
2530 3915 1003861
8707 4178 230757
959 3352 184474
4517 5152 1579626
4864 7197 829854
1148 1976 2775351
7443 6969 1225258
9686 8213 2803965
5159 6441 863876
1155 1757 2584375
1631 5516 676158
9033 4085 2248395
8043 9989 199188
7638 3080 692306
4483 99 1955529
7678 6254 1773643
7658 3407 904089
7006 4192 59607
9586 6939 328377
3128 8398 291475
8925 6120 541467
8040 1335 783161
1209 9742 538583
1831 8843 243156
4994 7096 246593
7976 6582 1381260
7788 1974 371176
1556 9919 4123510
6372 5210 472990
4527 6320 4535231
921 2735 2556942
8612 6944 606831
585 4214 4730124
7746 6990 1275776
7941 9083 5089793
7911 3866 1127843
5508 7234 1397027
9953 2354 5294134
861 7 77043
2577 589 175435
4441 8370 410549
527 8825 3438542
8906 9877 17880
8413 5742 1548702
4672 7085 3436121
8001 134 1397053
7361 1875 57695
4622 8059 2018300
6375 6317 1993444
5877 4619 1181093
2446 8393 733183
2867 2408 358544
6344 5060 265121
3527 2254 578619
414 8609 640260
8123 3063 2387694
