50
9092 4084 213240
6189 6978 1036523
8410 6629 4939560
838 3452 886935
8509 5729 92493
1673 5075 2473504
8425 4219 1088765
4257 7702 779639
6016 9487 976644
7077 5568 2961109
9297 2458 2643500
3727 679 3910755
333 7921 4185272
8213 4984 754167
8712 4016 7470697
5256 9842 1783148
3157 9551 1217062
9281 3815 1214149
4446 7386 4142910
3590 9492 2967250
5002 3042 720168
7498 6013 999291
5546 9477 596151
3690 6000 925100
9825 943 911829
5478 9911 285242
468 7016 1294741
9251 6105 3029463
8794 1308 663889
9790 69 385361
743 6322 2810442
5781 8041 677176
3124 659 117183
6463 8261 2250896
6833 995 189995
9725 9836 4275020
626 6259 2825584
1365 5684 115965
3389 2238 2890274
9186 6722 4900284
9336 5823 1396981
4279 4372 2350957
2698 1061 3125868
6754 7353 1543315
7940 5753 4312871
1718 4805 2992650
8806 5198 2126048
8438 8002 2598690
8306 4783 2052904
3243 223 898340
