94
2252 5994 77335
6430 5307 571922
5050 5885 501991
5863 6115 1002844
8726 3589 2786620
7020 4817 1509924
6693 646 1885161
808 2752 632958
7223 8147 171899
5530 9865 3292797
1335 3138 1006790
1109 7037 543531
4448 2999 3757301
2727 291 844961
6099 604 24456
2119 2595 294220
523 6248 1780069
8017 5602 1193833
9905 6243 183770
4681 2225 586710
6151 336 2166958
3634 6386 1745994
379 1737 471414
8226 9374 565283
2879 9833 1966535
9370 462 387773
3838 4087 1321832
4593 1534 814009
7824 7053 2445854
3927 417 805631
3771 61 307827
372 5520 524501
4983 5656 1053950
5294 5411 207667
8603 368 368362
5770 9881 226086
1996 9643 4440939
9214 1810 721187
524 8845 708676
9499 3511 826598
7273 8623 98775
112 4537 1294746
7755 5925 1815607
6679 140 137685
3021 9327 221130
708 8730 814412
3834 775 291992
9211 1130 677122
8302 4413 1555707
5134 2405 1301753
4485 5630 433661
9704 7005 348000
5858 4147 428138
8098 2447 1554369
8579 4412 732925
14 4993 1036457
4888 8814 194877
1670 6133 394205
56 7004 2940751
4626 73 3730539
3215 2146 789460
7720 7110 280393
4331 938 3374813
2948 5198 245621
7056 2349 4462528
318 38 1128838
58 3207 676452
4478 2429 1011740
8434 117 255156
2349 6055 3588848
3781 9995 230982
9636 7895 762003
9942 8134 152960
2807 4543 209199
5538 2646 96659
1539 536 1758887
4417 8588 586641
4611 4136 704233
4496 8236 265025
2905 1000 2999145
5161 3990 14140
4058 6712 31467
1099 7450 612091
8401 9169 1103003
1590 9090 1131241
9036 7056 1866444
4236 8472 3736888
4515 1930 98478
250 3423 393783
2568 3976 281917
2117 6231 168189
7625 6143 825340
104 9170 1428291
7154 260 126
