183
1385 7924 468931
4008 7939 851343
5013 6741 376016
1985 7448 229355
7336 4347 356498
9404 4634 89278
566 1026 297575
2499 8833 158323
512 8601 484716
3269 8476 429040
4984 6010 1123157
5859 3239 90429
3364 3660 987240
3416 4597 1600515
8197 5983 328819
3950 2099 657830
8476 5107 196857
7689 6863 577727
6301 2857 156262
3568 8546 101015
9630 7971 632876
8181 6644 486168
4125 7356 733834
8161 6750 219385
3113 2591 90877
5585 5578 242525
4053 4716 502325
3658 6203 58198
5584 1534 223207
1140 9534 999458
8349 2016 13398
2774 5624 504025
2845 6316 26798
4304 6614 564455
1629 7925 2122458
5674 7133 625372
9797 6083 1895339
6595 317 223650
1250 3013 788765
5036 772 228611
7552 3232 64489
532 7539 968387
6438 5495 796475
9091 3032 1110603
5892 4054 1749053
9590 3687 10697
9826 6635 960105
2449 142 1107185
6364 1521 595764
610 1763 111212
7473 8013 255193
128 1646 116818
1150 7211 183905
7123 8070 371319
4624 5171 693427
4683 493 280944
8497 558 484175
2222 6697 16880
3417 8158 1304945
4538 4438 22562
8061 7156 604890
5365 3304 1685449
5106 4021 790919
3622 6610 2582763
7916 1605 33094
5462 4174 316937
9345 3162 42922
9253 7079 657277
8476 105 65108
4355 1259 220434
606 7723 29484
5563 854 200701
9262 2347 331693
9545 8193 857059
1948 7219 512023
3378 11 1651918
6355 3831 7859
5582 7347 751464
8162 6069 946980
8607 4258 791998
2919 8693 275284
4814 7587 271067
8210 5077 20159
5296 9382 1262950
8834 6697 69524
8771 1312 3504202
8188 208 480444
5935 3461 294084
4614 1329 1456902
128 9743 1977766
9744 6315 101273
8264 8759 969909
5596 5947 48152
4043 2179 647041
3782 7625 271740
1523 2272 1373623
3482 6745 204882
2025 9789 375886
7567 5274 36219
856 7817 662273
6137 2902 367317
9675 3265 444106
417 5077 1761805
7326 3624 249619
4680 5171 372460
7942 7087 296445
7484 9150 506739
9827 5208 99403
7992 9558 150388
963 4750 744454
7689 5422 422786
3248 8930 13722
269 8418 627877
9869 9220 775951
953 4649 625898
2093 2470 160155
7853 1711 30426
6766 4844 942749
2763 1462 10225
5281 7434 960273
2856 8294 214542
4161 4864 237605
6800 7271 509646
6158 9124 87706
7314 9853 611479
5649 6728 5438
6387 2704 794385
7494 1031 955209
291 7259 104016
9135 620 631106
9785 6285 285221
3963 6202 127951
4753 458 351701
4510 6205 607007
746 4673 781935
2198 783 103835
161 1015 385990
7212 9286 653015
7814 638 376260
201 900 1605807
6811 6246 593594
5653 8737 1720334
2571 9050 134095
7477 7660 63787
3315 5154 334855
6050 2335 470708
8431 1223 15626
6270 6149 1086933
9063 622 718075
2424 4407 61838
6455 969 234250
4360 9788 615526
1089 6921 479797
6787 1018 171354
5394 7837 145920
2862 9535 50702
2720 8865 700745
2926 6663 56418
5217 9528 47793
1612 3793 413230
8616 9380 812876
8354 2484 46733
3495 2366 7567
7406 1720 110271
9963 5166 837056
5677 4 107123
5761 8231 1388094
2366 349 142817
1119 4077 2129285
9387 4364 121201
1312 641 264852
1669 7038 41035
1471 2129 583432
354 5268 533422
4507 4625 913793
1214 9222 381530
2766 1574 685976
2198 8443 1905037
2270 5194 919466
6020 6633 636539
4422 3934 538688
3720 1104 236110
1087 3679 217725
