130
7270 8422 624655
3818 1552 1663987
2838 3032 290522
2895 3656 228516
6550 2745 957977
7408 3557 263403
6939 3772 541175
9200 912 522766
687 8417 238704
1002 9156 2490824
2606 1838 1102753
8134 976 981617
4067 9606 394514
9434 7785 1269052
5148 1289 2341308
760 1575 1224260
3087 702 1761899
314 2107 775312
7268 5721 1391301
186 2615 1065951
9660 1485 527457
9690 4165 549104
6286 1346 384033
2483 1198 597254
4624 7092 553846
6709 3546 343504
7479 1999 126599
7617 220 1143364
3958 7968 570259
9151 8324 318077
8551 2209 89146
6367 9401 780257
4298 8405 1245208
8706 5668 971908
8261 6948 22649
1682 2467 2572306
9781 9870 357929
5411 6270 268665
1477 5210 347437
3106 653 275670
2883 9900 1736037
8671 4437 1137877
7850 3333 22356
2235 6396 42184
3220 1637 163733
8015 2363 244361
946 1382 2168948
6276 7927 343102
4923 6042 74498
4101 8035 436144
7389 8838 15424
8603 2930 1398029
6504 2327 214993
6712 2421 36753
5758 7661 132782
5756 1949 1187277
5970 9619 318602
7312 9977 726283
9128 3780 455928
1371 5546 556101
2950 5351 1569186
4361 7225 299658
6736 3586 732528
2185 3764 55989
8378 9798 1131469
1651 4580 156813
9527 309 2363738
9657 6215 2315456
9971 69 254370
7922 3452 567970
4821 2248 743378
8595 2213 1275582
40 3429 309674
211 4572 782256
6898 5311 291175
4005 9684 615530
8889 9862 1103972
5630 2962 63535
5768 7403 236605
6358 3743 256649
2980 2826 1963819
3623 8647 327513
2101 8467 987326
5943 6063 522082
9156 5700 277667
9565 6777 262023
3597 1237 467960
7929 9658 1207671
6120 6539 265474
8610 3677 10693
1957 9698 188721
4814 2769 164950
312 1671 594499
21 4914 34040
6166 2618 959328
5041 6133 368712
5335 2039 580379
6450 3977 1242441
7593 266 1360678
3878 5316 513664
1822 8175 1580095
2461 1956 425309
9365 2424 785122
8194 1779 279468
4236 4807 1727563
5021 8529 24462
1015 3139 770466
3698 9212 559995
5021 2461 3108692
4015 3242 429495
5037 6333 290336
9649 4308 107704
5942 3855 572374
866 3 677933
3809 2790 497133
2657 5754 604315
6791 8530 1392985
4444 699 1288734
6018 8954 204514
5475 1176 127606
935 3714 299368
330 1072 1132355
224 3347 1927171
7566 6174 727583
16 6340 1143093
793 4884 2554614
4045 6191 2180169
8315 8398 3052534
5106 7744 22038
1882 9396 495021
