179
9025 5969 449643
1402 2260 510723
1403 199 530511
5212 2346 290198
9657 92 583413
7227 1013 130367
4890 8565 6192
1689 4543 1928143
5223 4098 291747
5547 7890 394591
3993 4557 261688
7506 5715 241419
4037 7376 401006
9938 6604 466767
6646 6284 267297
1338 7010 79891
2662 4980 2424561
577 1701 33270
4653 3286 466326
9051 3988 308259
5891 5324 670230
7010 4124 658924
4518 216 94521
7427 5834 25219
1026 9317 587637
2160 1085 783072
8426 7362 442263
7919 5177 1588344
9730 9295 450017
4835 9633 113247
2794 7082 60105
415 9676 1878465
3731 6608 617624
5545 3285 394726
5562 8048 675684
1468 766 1099099
9322 2648 1205600
9569 4208 692376
7829 2347 616021
7961 7084 1054939
9260 7905 138993
4219 1589 1503195
371 4206 1118300
487 9988 318031
5793 106 381186
5270 3969 43299
5262 2175 1399125
1713 301 1057779
1947 1644 237161
9874 9895 222842
4410 799 250541
7449 1752 452847
8489 6456 20310
2008 6967 13643
9823 6159 47241
200 2656 1222000
2067 6516 142376
1579 6247 212244
4292 1153 828209
964 3633 1471046
5668 326 238928
1850 4007 1062377
6996 1356 598102
5607 1187 416345
1512 7082 170110
6754 5883 733329
4572 4914 38256
9574 2344 59766
3170 500 2785186
3113 1314 532353
7028 4216 305098
2188 6232 825365
4890 3777 449425
2894 6125 457746
9806 491 421450
6976 2635 1792761
267 9545 922103
1903 9018 651319
2709 2364 657340
8781 2638 1462432
3884 8004 75234
1122 8177 188747
8189 8354 402648
9670 3110 661495
6103 324 53559
4365 4624 204173
453 4728 28332
2871 7628 2495296
2990 7790 6471
228 6223 879495
678 1015 520312
8104 6018 421001
2710 3284 3322820
8107 4279 58663
1920 6916 37182
9638 2731 135624
8158 4296 234666
9031 5506 270938
5507 8203 1199090
2997 9023 186687
1326 4673 1063618
9689 6126 52502
9213 4826 47186
5057 9290 79016
5217 9080 610716
8589 5897 149985
6765 9325 111696
2178 3869 178765
232 7546 233297
512 3092 2024334
9627 4741 530930
4896 8733 77789
5931 8959 341791
6125 5605 316411
7948 9752 68360
4842 5269 47899
978 4570 360637
9512 6083 1031372
8406 6658 27792
6610 900 570267
1688 7821 554272
7203 9064 139972
7565 8712 417086
4085 6529 473438
9338 9234 384150
2965 1424 93444
4533 1098 1078390
9976 6872 83406
6864 7459 1424678
3644 8871 303652
5428 9774 1477221
7005 4432 746317
1115 3993 1095522
6350 7808 400961
2462 3295 553903
6295 5031 214676
5512 5316 672986
7354 6747 299316
9935 3557 113106
866 7795 529029
224 9960 68926
9809 9943 117643
5631 3798 368566
6036 5653 809277
1519 9805 170143
1166 9236 367675
5057 5991 447857
3299 4242 796309
2804 7593 463988
4559 4024 1099805
840 1853 231416
8664 8304 734900
5641 4970 72917
9096 2098 456368
1081 4877 877035
9763 1836 33607
5166 3140 1991563
9749 9626 359324
1601 969 336356
1128 8644 65536
4124 3980 319965
444 2607 162308
7317 3037 316899
1514 3782 487254
344 9111 682011
7260 1061 565659
9096 4518 685995
73 3901 833552
5837 8032 668228
6901 2157 844758
4932 5063 261484
8059 5060 1058564
9628 6172 806401
5287 1589 183100
240 9607 295198
8875 2768 987539
3543 8933 210684
54 8391 350347
4662 3709 614238
