176
2606 6486 2526494
3238 3922 993995
7988 4307 3458386
6762 7387 518915
8947 1711 1148776
59 7889 307383
2438 365 99100
6537 3991 366898
8635 8783 628635
8249 8552 439769
3729 8895 1438540
8959 1854 423882
5442 3805 49469
4974 5666 489927
8337 1091 186476
662 7484 629184
1223 6430 396928
8904 6732 253395
4512 3123 234684
2912 9385 28508
3500 9138 1192942
7438 5986 11368
8794 1875 29307
23 5828 24007
8369 1599 1655378
3287 4582 215003
9547 4451 237389
2099 270 180118
407 4863 36499
4397 2583 31772
8213 8347 998926
4845 7949 22749
2903 9311 267259
2992 6305 416456
7199 9265 155842
5367 4248 708587
6857 9574 388089
2620 7278 1120738
7613 4298 351346
4634 5141 894276
674 1378 479293
5220 7231 470733
6738 4400 1022228
4250 5060 385874
6126 2572 277089
4133 312 291280
2486 4952 258288
2328 4885 209229
1540 5943 504471
7726 1928 342651
2710 737 172089
7971 600 1003175
1799 6818 690191
5508 1684 1619160
8747 3717 247536
9192 7818 264228
2630 1973 1447517
8576 8506 795261
5105 9311 1607344
5117 299 467951
3078 7418 72115
6164 2634 498150
428 2568 2461924
8571 3020 1261650
3296 5595 41374
5916 6641 716791
4410 4301 604120
6561 6038 124531
6909 2867 190221
6325 5057 87892
5745 5295 188937
6811 264 443318
6356 5175 109371
553 4316 1629684
6758 6857 425776
7172 1317 932931
8931 6431 331342
7747 3497 396606
9102 2667 1251617
7225 789 1945833
1209 1805 130909
3537 5668 370376
4316 8770 1065976
530 5427 891575
5028 2180 422334
7673 1407 317497
3206 7780 4310
4222 8328 114059
997 1417 319741
1667 3803 1421
2100 7902 99210
6030 5022 227494
8498 2777 700600
9826 9672 305936
8928 3286 554931
2809 9127 716482
2527 16 195061
2603 1067 371192
1556 4406 247471
4459 8539 116861
8407 9719 365404
7929 6573 196601
1370 9760 1324227
7791 9287 275410
3762 7449 361645
2163 7351 603918
5219 7048 235394
8812 5255 946785
3030 4120 43334
4435 1343 278804
3797 4626 111914
7054 8490 2731122
7264 3503 513951
1717 429 10741
9008 8491 659512
5040 3531 1852669
8748 4109 2061798
839 2585 593077
8574 1497 1152273
730 3238 343280
3411 1784 582678
93 7316 2413388
1480 7602 452298
8364 7612 11320
6628 8116 278513
9145 3567 50598
6406 414 361853
1328 6321 1051940
8263 5605 506816
8613 9724 501173
9198 795 158329
581 477 67966
6759 1891 502352
9824 3665 456892
8160 2264 1230842
1181 2428 235011
5041 712 43743
3985 6366 324722
9299 4358 806893
1466 7144 450983
3779 5806 118099
6538 8443 92979
7121 3362 881504
3248 9658 1024846
182 7354 152431
38 2535 219567
9442 7327 243642
4266 5582 306380
1553 6261 1525381
184 5295 389919
3884 3287 87032
7007 2198 438229
2638 5848 526276
8220 8348 890355
2778 9982 702618
7153 814 410919
4578 8786 211042
9328 4166 227673
3342 4801 104495
9974 8550 321659
9780 5627 1060604
714 2072 65390
5511 2728 93383
3744 882 390423
2313 2139 205632
5511 8364 2620759
56 2298 1128550
7940 6033 1227469
8325 1840 720966
6017 2799 241873
2017 4934 252644
7922 1314 92821
6330 9709 212863
9502 3691 84307
6476 6561 252572
2784 2579 323927
