114
1238 8604 4573036
749 3352 1310790
6288 6690 629947
8923 6610 3301029
8636 2705 171719
6434 6168 2971927
9391 8642 1184259
9916 884 1500774
1032 3875 66005
7674 2161 871772
2118 1800 650983
8999 6387 18090
2408 3057 1748575
9580 5672 817817
8315 1662 359429
7236 8287 240996
7569 4812 515390
9978 5186 174271
2461 757 1982874
8375 6502 2765095
9141 9837 540265
7538 4937 1264303
5671 4205 1521921
7604 9446 106560
8218 6048 980737
6372 7433 376010
2184 9655 389349
6711 4641 298573
2845 4706 1653923
6686 3509 1785611
9708 3314 138587
7302 1925 585419
7119 6785 2415727
2569 7642 839001
6953 1712 863865
9070 1325 624129
8007 5818 620958
8951 7473 1626394
2941 4038 855470
791 4747 663939
9656 6832 86602
1864 6236 926500
3453 7547 1682515
3685 1813 1037827
9600 32 779150
4307 7162 271227
6342 4869 1291531
1422 161 165167
2917 3667 30099
7178 6754 385794
2316 8779 49207
7975 1588 91614
2651 4175 272598
7337 4662 1188913
7867 3748 858537
9241 3712 2676542
300 6842 1063513
3612 4691 1222357
3106 2496 2424346
8383 9094 1269955
7154 6884 327916
9701 9436 335735
9418 5277 344693
4566 9551 99051
9137 2023 593811
9076 6342 1792345
3423 7569 2351435
3293 6252 366020
2570 9769 695900
6401 419 35398
5528 2240 747214
9783 9160 166076
1876 5344 194249
8052 8717 378337
4258 7453 80555
30 4613 306917
3432 8722 1912345
8924 2021 256166
9854 3101 128521
4689 757 465629
3761 4147 272909
3833 7267 256096
4334 3511 16219
8113 9743 609310
922 930 662807
7956 6004 50708
9805 6286 171574
526 447 406641
386 6846 962258
5203 1263 1846859
6997 4540 1018546
413 4706 75240
7900 1482 1143594
6975 8884 3646106
3895 6609 522446
234 8939 788361
2440 9386 44132
3168 5809 6065
9097 2183 191186
1567 6477 2970403
1759 9145 389932
238 2171 803528
2597 3569 72393
9208 1349 205150
6925 4084 509580
963 3280 913486
1119 2351 1213441
8577 9346 972737
7445 1948 785468
3284 2205 839949
6824 6570 784391
4218 8983 958312
7983 8737 1386041
7639 766 1146306
