85
3779 9249 8086
9930 2544 562991
2912 5649 192826
8888 68 155408
8351 2524 237512
5054 4023 2342504
8455 9056 214342
7696 2036 722976
3803 9341 162520
6786 6126 490625
9223 223 1378239
6506 3968 835738
3381 718 3765678
4093 3280 698895
1144 3672 1894266
7327 6193 807872
1135 7989 1389666
32 7859 165377
5814 6799 2760520
9688 4952 33976
2634 3017 582658
9803 801 2314744
5088 725 1152289
2988 2707 196939
8010 9006 599976
8694 5914 237132
8721 5488 287909
413 1536 188266
8636 7492 2352347
3463 6467 3002991
5579 1613 1557212
6449 3597 316633
8546 781 250868
5781 812 1288765
8141 7672 2260208
4260 1546 1221989
6249 264 2751076
7199 1736 2985492
2663 9398 2851616
4654 8338 1901438
9817 8395 2140046
5373 7851 142867
7353 9297 2920065
4005 9933 207388
8616 3466 1280820
8044 2561 419786
5530 2258 1151439
3714 5072 2237823
2972 509 580858
1976 5614 780239
3813 3114 817913
3542 6719 2352973
2171 7231 103077
4491 9875 296869
5288 9041 4595553
6316 7292 2802473
7912 4300 1101484
6069 5035 516510
8534 4721 262389
7573 6884 998650
8268 9524 394339
1675 5418 1130051
9156 1801 319670
8544 1304 2175331
9814 3270 307977
4644 4029 1115210
9201 337 199733
4259 4642 237321
595 4149 100116
7601 2954 576816
8787 7205 688225
1576 4495 2007305
1810 7221 1131063
4062 7337 1993588
1992 8531 287227
7332 4210 1422416
2303 6364 350813
2141 7789 3159033
2698 8890 1953471
6198 2246 922609
4272 7316 1017378
7907 4936 82966
555 9531 933817
1924 3377 3311455
8639 1334 1352283
