92
5567 4187 242061
5051 4161 871233
5191 2590 70901
278 1535 2389871
9637 3150 345054
4729 7139 2271412
4117 5665 1426654
3440 5713 1456926
5470 4379 2059443
8505 7585 935240
6595 990 1099699
7365 9400 640517
6393 6510 193870
8968 3816 2946322
617 8516 2017139
4337 9098 291118
2403 1597 1390052
4739 8548 489316
6995 8007 87894
5692 4667 782750
3032 4537 1189919
5474 9224 1642572
1067 4036 141356
5406 6653 323434
9999 3477 123640
4553 3700 2519304
4782 1943 8279241
346 7294 384645
2246 3911 165544
8214 1159 555268
8919 1580 807893
4794 7781 170435
5497 5573 3248928
8917 3946 326212
2139 895 21772
4519 1188 1799930
2339 2628 466356
2944 8713 844864
5717 4634 2569915
2949 3766 433496
3217 7250 23179
6608 2782 2218820
4895 5762 729883
3035 7280 1631742
127 936 1048140
4265 2329 1191880
5363 1593 664884
4709 4920 121009
3736 5164 2245482
5415 2493 764697
3116 153 223984
2179 56 2030446
5927 1886 260551
3052 2039 1923414
2223 6938 424662
4248 7169 973013
9667 8926 375500
295 4523 4161895
4098 5460 875379
5606 3031 1290461
7551 1046 28548
5748 5949 1361934
4199 8469 594501
9349 6815 42267
9286 7402 1945512
9899 3478 508913
200 3470 455033
5709 4253 1892140
5594 4631 63532
2685 5952 428905
7251 4976 1895142
5382 2244 518092
838 1852 1015538
7817 2103 269078
5135 2555 375972
5366 8282 897265
1380 8576 884705
7081 8384 1874115
5476 1712 51006
7999 4899 125901
5890 7857 1026845
1495 4039 294
1743 442 5202232
2436 5032 15033
2438 8172 1167823
5425 7619 303372
8734 5080 1455237
8001 1346 1052298
9094 484 27721
9821 9743 2436527
6737 5182 53506
6624 8994 829796
