142
3786 1472 493238
6632 3906 249214
4117 1748 131265
8011 2752 308818
7145 4974 1505180
9247 2373 316358
4086 3058 237282
2380 7818 215378
2245 551 970339
353 4474 376853
9823 8507 614937
1298 6308 157263
7315 5574 1011104
1722 9096 814941
1394 6134 1860172
1110 4948 431117
4297 776 97560
7346 6496 257190
4546 108 820123
1812 3729 514355
3995 3332 1080200
3000 7600 1181674
7453 7302 1083509
810 4286 55648
7100 836 448746
161 5555 13964
9876 1786 1241369
9152 7535 1185262
6798 4902 11397
2362 620 1076842
91 650 218185
8744 2160 3070014
6471 6041 4161707
3946 1506 2949712
917 2454 302781
8343 7728 432891
216 5272 101909
9800 7835 110584
9407 6686 1449927
5412 1641 1731381
4781 8990 860138
2240 8317 765468
6198 7011 452783
947 4013 323679
2558 9361 1118445
6409 262 38870
9576 301 238729
3953 7818 839009
5629 7463 89180
193 7240 1685302
906 1329 114072
3716 9964 160180
8341 3716 392920
8341 712 220206
7678 6989 961263
8931 5560 558272
5065 6405 2014928
4476 7838 390815
1878 2304 222291
925 8967 75272
8625 1682 657210
6829 3748 298163
9135 9323 267142
2950 576 157824
9834 6516 1739220
1565 3397 511361
6286 2494 594029
5592 7917 426489
613 4606 90095
5234 4069 916721
1232 1353 643850
6986 9628 220931
5608 6197 109914
1240 6296 16785
4870 5113 27410
7932 1408 53053
5121 5803 343302
7039 7790 2271150
5551 5349 2887318
9016 2886 1045565
7506 3261 208809
917 4532 159291
6812 7761 208099
1619 8491 141345
7459 5280 452748
3335 1579 3800233
7286 5646 1293181
4979 7637 212902
2462 887 330533
2830 2257 1084237
9341 6999 62532
7149 6727 499859
1458 383 38481
8502 4596 13377
1709 1284 1481839
6937 89 440697
8795 9565 128593
7276 1841 655734
7304 8973 185192
6326 4084 6843
4683 8381 1085131
4248 5488 2825839
6239 9810 413257
6395 4665 400987
6087 28 24320
2262 6346 478304
4045 5852 352314
1984 6907 1259167
4514 9855 80136
6768 9323 1358324
7303 2623 277904
7310 8985 958947
310 3008 937799
4724 4590 38539
8418 1685 126894
2807 7325 1205844
4553 4554 1058051
4643 903 127397
6017 2260 1080666
8119 7823 422973
1795 8657 2866371
8195 1504 405960
8810 7183 1315236
1112 4411 44225
7302 1419 141737
5100 594 55148
198 3281 1245239
6322 6494 60386
986 7090 236946
7390 5721 204086
3077 6799 634589
1808 6465 1873457
4755 2130 316298
1910 2161 1721068
1693 5465 1091321
7584 8659 938703
2388 1301 794506
5167 8078 826428
902 5164 169701
4862 3278 279564
1118 3701 332854
8692 9039 439116
