59
1558 5956 301854
2292 2880 1859394
2966 7658 119311
2003 9415 437656
9591 5891 2791524
2528 2034 567428
1613 1782 1552849
7443 480 4910324
4387 2540 860491
8790 9661 2662191
3661 6770 410027
2997 9195 132342
6250 6130 207787
6883 1817 2409759
8356 7178 2030793
8196 8112 2976741
8444 9215 7359400
60 1875 685199
2795 4705 1065186
5195 9141 1264751
4735 906 2453297
3488 5993 1513002
2642 5005 6556239
1868 7325 263115
9361 7825 3393965
3397 6705 78761
7234 3098 1256825
3221 1281 623181
9022 3926 5246773
5340 5538 1649211
1879 6960 1486042
3681 5727 977297
9887 7144 800321
8089 1319 713203
7485 4038 2110372
5719 5485 3694420
4249 6670 749906
9563 4271 3068389
7068 8121 1009199
9105 2719 229178
4738 9057 1156800
8015 2029 326800
3261 7406 615178
1687 9620 520349
1160 7053 2013922
1454 8822 23910
1228 2382 463332
3105 4212 11497
1268 1865 451191
9204 7884 428010
1027 2056 789542
9829 8922 1229147
1149 9888 2531910
2451 9434 7928405
9564 9210 3101022
8155 4911 4023989
79 1619 528139
7329 6409 163971
396 8160 1215183
