142
1657 790 1287376
1334 8478 41232
1661 5194 706161
3644 5618 27857
2624 2846 2928536
246 8556 5143546
8040 4907 1506250
7572 4855 118000
1450 1143 2385822
4905 4260 295718
2483 462 432550
6819 5865 221754
8272 844 291453
9700 4609 565223
5760 9794 344509
4018 8273 10024
9833 8308 926267
5883 1985 1123003
7599 6990 1241925
7636 1617 1507378
8718 2623 207927
278 1478 35080
3989 9852 825618
4483 3578 2222954
5096 7652 53121
2991 974 403867
6774 5555 46871
3779 5828 139517
3627 245 273265
1641 4096 910379
4258 8868 758912
6524 143 60385
2016 1498 1005668
8909 4171 323361
2280 9529 238797
8088 5407 828579
7565 2934 980819
7542 6220 487102
7932 2412 329399
2284 5019 423718
3717 9921 68619
8516 9824 176870
4812 3669 313136
2711 7544 1516227
3229 465 422096
6606 7346 1512106
9308 1351 45665
9195 1884 112765
8070 1954 666637
4759 7497 115324
12 3014 1241916
5584 5422 174435
5629 3832 741612
7136 3070 299424
7604 9341 607476
823 8824 155691
9937 6877 121169
6432 3972 142383
4348 4399 1268494
972 6449 1018411
9978 793 222568
9616 6970 521956
9536 7800 26825
2746 606 427314
8969 9607 107899
7766 6303 1500649
554 7737 660292
6914 7253 92828
6072 7593 197054
8581 1843 982326
6835 311 137938
6810 1814 165193
1798 401 195076
9404 8487 647682
4257 8304 1708670
9650 4221 236369
7567 7467 803954
6958 5209 152509
7250 5070 1540804
4869 6131 933369
5632 413 418797
1335 2139 330258
6295 2967 655160
6072 71 966727
2828 7858 803444
6015 3416 248012
1626 4939 1096148
6740 7491 1698293
9911 7470 442162
5736 7075 537360
5019 4938 1672898
9514 2524 315155
333 9727 662536
8108 9858 601510
2288 9351 1112915
1978 4704 568864
1240 9439 1056416
5492 6336 518967
902 38 135235
1880 5418 72085
5934 9755 405576
7375 8279 640671
3741 3930 690452
6936 6212 506621
4369 8891 159388
5355 2299 1060582
8603 8554 497339
6059 1543 263703
5822 4181 259260
8113 3093 2141862
8633 5544 1358448
2553 7806 718683
7578 1138 62512
5066 5912 267804
4548 8275 839590
1584 7566 1080225
8472 4795 440380
7164 9706 50697
429 9846 381299
8501 5783 185278
6427 1034 2008245
1278 6740 248080
8604 7751 951687
8870 4306 257391
8100 5746 1519741
4493 2224 58898
6342 1784 1589072
5073 7475 413908
9865 8507 1044393
7268 1401 1070256
6675 4735 673449
997 1993 508947
437 7392 775959
677 9482 664568
2694 5191 1376976
6993 3763 498794
9204 3410 900346
8540 3867 782349
8040 8594 635468
7275 1220 34136
2130 7351 3023362
528 2621 1399009
