67
5013 7480 319709
8541 5636 1256266
4191 4127 1742584
1007 3617 27484
4108 1428 1198143
332 4871 300333
8865 1736 1910364
3323 2647 722077
4750 7094 411316
6641 9710 3213461
3342 1845 3741036
7926 4421 285235
1249 170 1143287
8994 2702 1166519
8153 1834 2463580
8756 5020 363053
8792 6190 839489
672 5318 867311
8848 2239 756066
1167 6893 78252
2848 3894 1431036
6490 6726 2108108
2401 9677 6891617
1378 5801 665623
9643 1576 2094083
3281 148 870640
6539 625 1017692
7072 4412 454455
931 254 502229
285 3856 406493
2894 4429 159047
974 5668 1503084
5097 814 3718674
6249 1492 906138
319 4818 1876179
3221 3475 2046492
98 1495 3574641
5934 2055 2342319
3115 1331 583170
9647 4553 1604809
3888 9941 1135988
7053 408 465442
6051 8486 387016
4473 2583 4202272
1172 508 1070473
8654 7631 263082
1829 6293 3701355
7808 162 923560
3353 3576 251374
3908 3034 209209
9881 9659 553297
5614 1867 1995046
4259 6884 649085
220 8930 2084085
6252 327 70785
888 9499 3434717
591 5124 431672
1842 1730 191252
4421 7209 853590
6628 2152 5510693
5505 7031 3443375
8018 9373 4676819
2235 7258 201285
514 6499 337347
1796 8523 2327348
6009 5599 2352411
2367 1587 715328
