141
8290 1475 2308249
615 3619 116824
920 332 589311
3304 8729 92024
4702 360 36935
7875 5347 580021
125 4085 20816
3825 7565 2603819
3561 7203 3248916
2367 1275 1193
3920 6856 239435
1649 9771 609078
4717 6905 46676
4040 4989 448119
9956 418 389950
6320 7387 236084
7408 6808 110723
5191 5372 528343
1851 5500 752203
7409 6555 1300385
92 5027 650303
4669 521 1675957
7397 1209 1922029
1665 3598 86677
9144 367 1196571
6041 3976 1121415
8397 1069 477000
5644 4605 165997
9197 8442 901909
9751 6898 826186
9921 2247 1359395
9659 9160 354370
7474 2134 602013
5701 9355 509898
3471 5035 736030
5117 3646 307512
2439 4379 661386
2485 7322 930654
7341 808 829185
3274 4371 965176
260 9940 161207
7258 8537 526712
4892 104 286987
2128 7993 811514
1445 7164 843577
4461 7201 7448
8804 7981 189596
6059 3937 957016
8194 8919 368043
9844 542 109402
2529 6230 656137
9637 5737 1689397
5949 420 342117
6571 5255 2009883
4047 3103 894994
539 9953 740986
2089 4247 951093
7010 1200 557679
2339 2392 72263
8798 6628 546314
8713 5687 208000
9334 7755 3589564
8631 7883 305918
1687 6472 493782
1060 232 764205
7670 4454 1183639
9809 2910 313752
5077 9614 1079198
6232 2106 1529209
4046 6168 237045
1793 5206 115582
8881 8182 246801
4445 2281 126993
4967 4257 325554
8678 7459 121334
4184 7555 1326531
2010 6656 541209
8409 6546 59768
8716 9637 39827
2323 3136 1031488
4171 9380 1177048
7868 5607 825107
2121 732 621657
2999 2306 1240102
7117 6828 117070
8859 9189 162411
6297 4782 821317
6520 8286 94383
1836 56 309151
7886 575 1882376
1524 4703 2612096
3323 5997 1824747
8974 99 402270
8918 9579 864909
1736 9802 1510105
2899 8297 329887
3844 7053 789873
4500 4290 3562606
5106 833 97143
372 6759 703044
4278 2235 101849
6607 9350 560991
158 7019 1149766
1931 8132 349608
3386 2020 2091173
6073 3624 13236
1162 7739 1207501
4673 5816 438080
8911 1658 116722
2871 7311 145950
7234 3528 247693
5137 9597 1434507
9007 57 1287
5646 7017 384029
9575 872 465101
1390 4810 2086750
1771 5436 529912
7757 2012 2012620
968 7569 1914701
2157 8627 259236
9654 2947 262712
5695 1979 49714
5642 1937 363478
5743 7077 367923
7905 190 619690
9108 8041 233002
9500 9388 248875
8807 4307 670983
8138 1638 373436
5296 1551 673616
2156 5153 350946
2455 5549 708531
9420 1881 21856
4232 1213 981877
8026 9064 56942
2890 1519 315723
5007 8937 313701
1198 2941 536734
9676 9854 263813
1280 3162 72264
812 4807 155639
