164
9840 6401 804375
4126 8167 874674
5118 3976 859059
961 6009 521467
9962 6048 509471
1854 9890 424217
9679 1253 48184
8637 8326 171624
3722 8221 120785
7671 8146 393796
4616 3544 816149
404 601 1053973
7182 2404 753045
3572 2425 146406
4500 7205 342351
2053 869 913503
9111 5813 473531
4560 9253 571781
4526 83 247678
5672 9647 181861
5718 4138 430347
2037 3582 830705
1699 1058 123557
2647 2941 2439342
9719 3841 47990
4120 2248 653833
8075 6916 396236
828 47 497874
7667 9134 249910
4930 2534 221584
1971 6780 568772
6742 4605 224495
5740 9911 242428
8908 5621 318253
8475 3259 60692
7618 4376 615760
343 2206 281145
5308 588 357110
809 76 351907
5532 4456 87703
792 1383 1085579
5410 5216 766374
3599 2909 331980
5344 2458 270601
522 8518 218163
6437 4778 19906
7886 2550 685507
7836 3740 295550
4359 1387 452843
1251 1733 1549711
205 9071 222965
1220 8964 2334873
2715 6052 219391
8998 6279 229242
8022 9675 1375709
4058 9873 1410239
4263 9778 991483
8162 2654 2106508
8755 1633 1716632
3174 8162 1165710
4817 352 24403
538 7810 628550
2039 5299 141907
5800 9035 38548
6855 599 1047969
5579 2599 127004
3310 3229 1155493
679 1826 454353
1880 5637 794053
4944 7338 341457
47 319 597332
4140 6637 602442
781 4431 107316
2782 3852 787098
4717 5962 637818
2754 6551 481825
5907 1959 2234911
4005 4408 764279
6709 5394 204700
5714 6160 247745
3315 2862 25323
9203 2858 136125
3218 8127 850310
9476 7515 344986
9145 8335 397589
7547 4494 188511
108 7766 849967
7648 7987 113175
8798 7386 105421
9163 7126 101828
478 1511 462675
7166 6758 290160
6611 5307 1730232
9127 5272 9104
2084 1077 883251
1647 6868 1248041
2347 7963 147144
752 6052 115375
8405 3907 146631
4517 4452 176085
4777 8599 891379
6392 265 177411
4951 6786 712786
4745 6687 380286
1397 2606 1214259
2939 2496 33514
3948 930 556230
6638 2354 52798
6802 2886 101061
2009 9729 190757
699 154 1500771
9475 22 239949
9951 4257 152101
2254 9950 769979
8507 58 263406
932 1085 703699
1621 2019 948506
1594 248 740719
9867 6247 847765
2282 730 796769
3284 1934 1084314
1319 3171 725239
6331 682 320184
5088 880 1653449
7203 5492 513955
5144 8104 165178
8609 5484 611943
597 1105 986074
7758 1639 236091
2370 4384 329718
6758 9090 3163169
7063 139 201071
3249 9176 621304
3881 230 1343135
7420 2788 321471
4904 7167 382217
5349 2132 9174
3682 5098 575997
4877 6885 1863000
3111 1058 17543
8058 6619 204682
7439 1967 305933
2058 4878 853891
9664 7682 1451506
7743 2102 50992
137 8904 1280284
6648 7753 480896
9355 3314 1311451
2449 5687 1069448
2406 2991 901796
8194 4303 15966
5216 6256 62403
2008 5843 412286
9152 7665 375473
7270 2950 1036447
6260 9723 785032
6270 9782 446852
7980 5559 301560
9359 6517 217744
655 8052 43401
8258 7589 32780
1870 2439 957064
9497 7230 3102837
5570 7120 1483230
