93
2054 1403 514132
5111 5204 522111
3367 785 2045856
6055 8111 923651
2829 997 1093777
7295 3735 85972
9472 9403 260680
6711 4882 670085
1696 9203 169848
2814 4389 913574
2906 6059 2403109
8194 286 1561537
4472 8298 243978
7814 1682 529729
6397 5480 1017150
2646 7893 582109
2717 4153 30532
6154 1009 1180487
7849 8546 1069780
967 7982 4354327
687 1495 934436
6026 7935 431234
3859 670 2560641
5737 431 712277
8819 6997 1823251
1817 7026 549186
6295 8766 1341633
5424 8925 3354770
8067 2298 338477
7823 1349 1040762
3464 7783 2372471
7522 9853 2592348
4281 8487 2914076
463 5847 225853
9825 4290 1112382
2294 3979 1405738
1994 4293 21434
2487 7375 808570
7885 2679 230866
3194 9297 312598
3919 4941 2402080
1645 8484 2649417
2098 9189 262680
876 8503 199243
3002 223 115082
3533 7847 401436
5267 6603 621503
8766 9085 861921
9217 2241 4749332
4616 8909 764154
7880 504 92560
6992 7047 1984747
1922 854 533787
3048 6544 883814
1993 4895 947559
4884 9825 192154
1561 8637 143057
5591 2363 348623
307 731 1050248
2137 3473 3459217
7152 8636 1195605
9132 9957 1626479
5515 6003 2794304
4139 4110 68313
2320 828 2161574
8891 7788 102726
9172 2799 208683
1886 2286 3330
3765 4966 216566
6350 2419 1752414
2920 5496 1608507
6794 4139 416255
6218 5984 372448
8614 8243 2746306
8089 7009 290405
6914 8199 475739
6099 2400 492386
5873 2505 72759
9396 3397 317039
134 4139 1260122
6474 2684 387267
2979 5204 717469
1313 634 201474
9872 9869 1383956
9033 7500 206422
512 8737 804135
9204 2993 4416846
6173 2788 1053600
9333 2135 118916
1148 9282 1198387
2357 8706 1079514
3590 4294 2185722
233 5663 146291
