67
1253 6748 3300603
238 6045 4298302
7646 108 42653
2787 8187 791312
92 4841 53631
7213 1527 168142
7823 8246 277315
9178 6871 560794
4825 5769 1415742
4844 2361 154648
695 6005 1157020
8814 5925 1393931
2245 3416 594411
1061 5671 3801897
8666 5397 2776984
6824 6337 3164009
9262 1799 6211746
9985 4014 125215
5494 3225 579130
6006 2560 930567
7635 9332 1738761
2016 9268 536624
8753 3278 1386584
7320 4661 36292
6712 5298 373213
7140 8552 407094
802 7978 247576
1689 3242 162012
1573 7477 2229650
6735 987 843805
9390 7574 483346
6119 5659 2047089
1003 8937 1829122
30 7003 1383796
8106 7294 167690
5810 1437 534914
1723 9410 2031718
6185 7244 501051
262 6128 2872681
3138 5183 2242434
5259 7127 198274
3242 2445 2695453
8092 4805 809351
7895 7020 3432528
599 5262 800738
4127 2845 1132911
9022 8490 2328477
5650 919 967581
8542 6028 620811
427 8744 2555448
3036 5978 936347
427 1725 1908534
5643 9878 77835
7876 3642 2486994
9277 2081 625892
1725 1102 2710484
911 7465 472001
7428 565 1108687
4650 7768 1049932
8548 6109 3012964
8264 2725 154872
5163 3449 6981403
3884 6897 856110
5706 1337 1066777
971 6528 2297337
8722 5678 3907284
7985 4210 951471
