75
6471 4082 95597
5990 3896 1689074
6695 6847 1757314
7227 1691 1302890
3734 4077 666024
8035 6777 236371
4340 1886 493380
7206 6570 1856372
7719 8177 789401
5432 7882 2010683
4480 5246 520856
7723 2216 1858881
6102 6587 1605080
417 3299 2425990
4283 4140 377143
8887 6728 2792799
6847 352 2217411
5424 4101 805656
9563 7841 1619792
6796 6250 419829
5510 2504 1268043
5980 2077 225103
2918 4463 925012
1983 1389 1412360
5710 5258 65906
883 1100 420317
933 9225 322367
4285 7261 756739
1937 4858 1304640
4966 9727 383030
5428 38 3040000
4168 7895 184004
6446 439 3295548
9186 334 702700
1665 9454 2698191
9015 5187 3980372
2294 899 2160671
868 4357 1370870
2170 4288 2363457
7490 9842 1418231
5193 5911 750688
8172 2344 232704
2287 8070 891623
4533 2915 3211705
9379 6342 426828
5553 4972 762626
6259 7281 1541152
8777 725 1023738
4277 835 257113
7355 7693 15942
8317 3218 343524
4526 7851 880309
3969 8587 1985830
8378 8924 370804
5726 3406 2916133
385 5531 283543
6672 4644 1047171
8593 2202 1614257
6417 9061 675063
199 4025 2786869
7826 1628 3798253
3946 8439 1045097
8516 1335 208867
7424 2127 4062974
7483 2146 443260
9268 1072 2275139
9626 2974 188262
4868 4298 818038
6357 393 2310965
8781 8368 2300168
5480 8995 238736
9853 1044 241605
6333 2475 1251083
9959 9880 3907092
6159 6275 1054735
