116
4572 2278 2661577
9364 7090 1383280
7027 179 508975
5823 816 1288984
9947 2186 4064180
2160 9993 244298
5306 9151 438774
102 4771 560996
5964 4976 554494
9384 6474 447674
2743 9593 720071
4909 5760 332041
5779 1067 1594472
5092 8635 727581
6051 3527 479685
2294 9240 38152
1322 953 168364
4561 1411 36761
6667 3374 512342
4473 6633 1093094
342 9825 1406494
3830 3227 188100
9243 8773 369862
7845 8247 874229
9086 5842 1299639
782 7286 121914
3195 3886 251162
3019 2447 565929
1414 7227 3371471
3328 2242 173706
4370 4687 304840
7758 5143 1878870
8324 9100 619583
9960 6012 514310
2591 4825 840610
7350 375 264762
1050 2873 1953292
89 8827 309288
3749 1181 452265
6471 7534 391810
2121 4880 1304693
3871 8920 1498679
6359 9937 718084
1354 707 1252120
834 2486 2199868
1714 9006 1137484
5060 722 122933
1653 4803 918145
2770 164 131485
4764 3672 224036
6559 1970 7123
4739 2718 317193
1916 5018 314590
405 4502 649186
909 8714 315182
7226 1391 1900422
511 5233 38611
9849 1396 595948
1568 8206 1905058
4870 9010 315373
680 141 1162525
2931 8184 309980
7683 8455 364229
4730 3608 1041050
7507 8157 95731
1685 2973 898280
371 8989 442988
3375 590 2085874
6823 6943 73394
8736 7906 476263
177 3043 451329
7756 3665 249709
4068 5996 561824
4434 3738 398002
7430 6922 331672
5325 4397 857097
2957 3748 1634935
7399 5648 893929
6872 2365 52371
3297 3914 521925
6106 9807 304642
5563 5166 268281
253 4622 2401288
8720 33 1620140
8003 3441 3244804
1143 3482 279413
9171 4804 2047799
823 4519 1962129
8818 2321 895295
8400 4813 501802
3928 608 196763
5823 4335 202937
6122 8346 252350
8505 9987 189880
2976 6960 1970448
6046 4252 31810
5270 3741 247824
8383 7586 313644
7812 1425 1044509
4233 3791 887623
5792 8643 4454931
5852 7558 1000512
7313 9455 143111
250 2105 739059
8877 172 43223
8884 2430 371012
5766 3519 439118
4842 8813 431200
8518 3972 1151351
2688 9050 1720514
6935 7129 1182689
6055 2445 532780
3988 3323 3942263
871 2894 124297
6519 8575 2001795
2603 8319 81513
