74
7144 8297 1117117
8414 7668 610221
239 4617 3293229
3225 6125 1173860
9599 8345 915665
5091 5996 4516707
2406 9415 896523
6377 5805 358962
7077 4622 2118739
7915 6510 1977701
1394 7156 1146911
8016 933 1982631
6279 2483 449031
2039 5354 235477
5160 3644 1603794
2083 945 1582449
3682 2011 1548427
9994 4554 2770443
6691 9426 3137098
2640 9591 193035
593 8970 315580
9965 3576 443195
1466 6232 461326
3163 3971 153442
7575 8284 691264
1388 5259 1455297
3591 5239 108077
654 5665 1506447
4745 6168 289912
1255 442 917827
4037 8390 4330018
9652 8066 1657987
9659 6595 1559810
8247 8593 205459
7876 1420 333296
7189 7211 3940056
1760 1631 1700685
7064 9244 1273356
155 6751 4473184
5531 3892 1133582
8090 6585 1194885
5548 5588 1524991
3510 7049 2132615
7172 94 796809
1382 4257 1769232
2807 4233 1126933
8409 7280 390114
9629 2505 2315565
5097 5154 955686
8967 9814 1844312
154 6777 2573073
5879 6136 49540
9624 6108 1451742
7235 7659 606589
7266 6599 968740
6114 1580 377572
959 9214 1825781
6581 544 612943
4868 7451 1550928
2448 4895 861535
3652 3455 677890
6659 6306 502629
6438 4847 145575
9286 4770 1991308
5520 5484 7340336
6046 7420 7383
4917 6592 193377
1885 5848 308580
4979 4776 292765
4148 9850 852217
2472 5804 1416755
3996 9277 974611
3416 3870 1207761
8073 8842 581408
