178
5312 8909 1242754
376 3904 26873
4195 4758 384464
8848 2560 36238
7644 1444 203958
8251 8250 913321
9907 8511 349564
9480 9117 326198
579 7358 1183634
8079 2141 309117
8748 7206 743661
1360 1841 742736
2500 6217 893055
1610 6327 29489
8407 1916 123568
2781 5048 393811
2436 1582 743695
2935 9746 747084
8273 4424 447901
2000 8878 5921
900 9260 329734
7848 530 149717
5672 2990 318404
8359 4796 149273
7717 4850 251366
8575 6763 554456
4260 4170 270847
3050 3562 105885
8021 7180 611146
5319 1669 1324141
5928 5363 510717
8065 8086 157212
2965 6831 145966
9443 5867 1482823
9100 2046 159538
497 5968 40826
2424 2490 442996
6869 8836 956630
6823 6446 358907
4881 7415 1370399
4004 6101 338636
1445 9429 1238240
1677 3895 1134734
1255 2158 468786
1760 7333 648556
4576 690 435934
9858 1220 2632234
8682 5480 32457
1341 9330 86253
7231 7488 2598302
7322 8197 623640
6089 903 420216
3558 8683 579924
2790 1503 153864
9804 7832 393907
7430 6060 248692
9263 4030 58250
8581 9083 112247
4471 7882 129062
4193 2302 596942
665 2415 909876
9580 7887 183236
3486 6408 26120
5452 7283 457966
3170 2263 989330
4425 6390 1568440
352 3337 513575
3942 3573 1227599
874 2164 2468870
395 1425 460237
7936 4561 69725
3534 3245 158256
6100 3744 1090090
5974 9000 1402146
834 1433 587728
7176 5855 222900
752 8630 241495
3483 8875 391540
2817 9923 55660
6457 5413 927202
8010 4026 284226
7628 7859 748586
2223 9891 190986
8486 292 280195
8286 3877 513249
2081 7334 1031026
2244 3901 4342243
4895 9368 49665
1340 696 82436
9509 9296 522022
8928 6080 806742
9805 1928 77606
1405 7142 2613339
3289 944 71279
8517 8957 891805
6436 3057 329860
7201 4963 313726
3376 3744 670163
9088 9882 625985
9577 2969 16064
6026 173 245189
2289 4447 38135
1948 7310 607590
8830 3992 689660
7729 4968 382587
4238 8212 834788
6858 1053 365440
9533 5497 76071
6037 3936 232742
5135 1800 243805
3691 2787 23263
7488 6084 124735
3742 4879 283453
5032 1839 90251
8870 760 133294
5726 2297 2232852
4039 5102 1014027
5204 8915 1455064
3843 6529 1624891
5558 8243 63121
9306 4626 99143
8789 9716 987170
1174 8544 285602
9382 5785 528187
387 6307 414366
7890 5107 213805
7644 6064 345184
2073 6692 824985
848 7538 372210
9599 2602 306180
5154 5170 413092
9524 8476 20941
8136 9319 485300
902 8490 181117
6598 4942 43998
4579 4239 270307
6875 5506 1072033
8963 3764 550736
1275 9001 912590
8856 1245 554575
286 1811 1374
1200 7882 450496
5531 9374 1791196
3901 3215 143746
1874 6883 182775
3206 963 829885
9371 9374 747019
5771 8983 1055076
273 5892 197376
5111 406 52765
9316 1523 1242493
7914 5559 72097
5399 407 102236
9351 8138 156079
107 1177 408225
6599 3904 400698
3869 2011 298561
6463 322 124858
9882 4360 915385
3280 3279 30853
9913 1223 855399
8791 3279 1639662
6681 857 327030
8679 2028 15940
2869 6624 198036
7783 1682 1201848
6378 8414 1248712
5024 3271 1056814
4527 5104 1162400
8298 6283 227779
8099 7862 210337
925 3878 336161
9535 9989 19527
5270 2435 64978
6720 3320 596484
95 7073 979456
5891 8947 69980
9828 7339 61690
