87
8424 2697 1812046
2902 2349 5159378
6477 7232 3022402
9256 8645 1579474
4046 8682 330825
4492 5497 739727
59 8673 1051668
8838 5977 878925
2225 8903 396601
995 0 1542494
1554 5739 2221232
7619 5886 1912630
7077 1148 877491
7540 8741 186124
2211 149 1469966
8848 1977 7769
7606 4586 1162615
4068 9768 1166659
3447 4800 2978176
6061 2597 409804
759 5113 599537
35 2163 964185
1349 7879 301103
1377 8332 483471
8855 6641 1083657
2791 8704 284007
8159 9020 3273515
4958 406 1623009
1818 1964 838956
3156 9162 763365
3394 5744 1071646
3535 738 938482
6325 4342 2131610
3184 7750 15923
7570 9252 935708
9049 1092 760574
6620 7817 760889
1269 3685 90939
2144 4455 74261
2362 9645 734646
9116 4747 1840933
169 201 1953470
381 2739 1607321
3734 336 2069581
8397 936 53965
9963 6512 517488
7446 7220 522625
9032 3613 251359
7957 9152 1097112
6334 5175 203836
5952 6888 43911
4004 6671 4606182
9547 3739 2040784
9985 1613 252467
6519 4321 668812
4848 8372 287395
4833 9944 335226
4212 5938 1190551
7949 6841 789846
7412 6976 669072
2555 555 831469
9151 8256 27617
4061 8710 4758152
5500 4702 169272
6298 8535 224991
3414 7283 362182
2937 82 1350355
7578 5244 293958
968 1276 580527
1207 9320 5470650
965 4631 349474
5834 1931 364594
3894 2534 1924167
1125 7093 2767161
2226 5560 2344729
5169 8092 77410
6535 1334 994170
9614 2457 2147768
2256 1117 216946
202 2218 155229
2959 2431 209036
3943 2014 869076
599 8099 1013073
6155 6652 492413
6180 4647 3870521
6854 6951 313370
9970 9271 184265
