131
766 7562 1773998
3224 6197 543379
1164 5548 315809
3699 2741 673817
6021 6441 422970
8269 928 303668
1678 8335 148900
7033 150 813760
3390 2576 355002
562 3371 710192
8081 3657 1344988
488 1201 3789809
3049 5613 69924
206 3727 237764
8554 9687 874373
9021 1131 76849
7746 9020 210159
5049 8293 501494
1058 5684 269279
7002 6258 64217
9953 966 76261
2304 8118 2524415
2513 5435 53127
3438 2772 247439
1075 8048 124729
4584 8958 198560
8461 9519 320058
2359 8053 133875
5354 1470 538324
4391 3641 275780
7257 7331 877075
333 7186 727479
3891 953 278335
478 9549 467266
1670 5753 1437687
4746 6087 777531
7156 1981 852383
8216 5088 376069
1911 1718 307804
8158 9313 1134701
2709 3186 1838718
1183 1117 308477
1036 1680 2247175
1173 9340 16909
2070 5216 946762
5297 2759 105333
129 3003 822460
3602 9498 4673947
5635 9561 894775
8039 1761 1956668
9266 6674 373920
8911 1940 620659
3884 6098 66828
7352 5788 537117
4335 4648 934596
6093 7286 136907
3467 8318 29614
8963 8810 1515711
1114 7242 1357515
7438 571 616151
4713 1763 18203
633 4545 848497
1766 1406 1896933
9462 7610 304898
8159 2323 357470
7466 9299 437634
812 9765 187081
9104 9600 62877
4700 3466 486113
8349 2563 388571
6465 2242 2241518
2761 6040 767438
9904 7138 1572415
8741 1580 556170
5255 6287 1714391
7891 548 1532711
640 6208 671169
3734 6749 1369169
7083 3789 162267
7818 1294 266807
4635 6111 654291
7492 425 12290
4259 7071 188094
3969 4082 1929625
8666 8567 353865
7939 1653 459862
2261 2791 521445
2655 6779 693010
7552 8094 187458
5649 1464 1223256
887 7323 1184946
1574 6539 169400
6259 5207 95436
4520 5736 501698
821 225 741996
6502 2244 347151
3059 6229 1011842
6840 2917 706815
4397 2082 672397
1437 5845 231672
4298 3257 106048
8295 5571 693121
2677 0 302372
8323 7008 128820
1011 4953 850296
5698 247 215729
717 6229 2089205
2020 1654 1763456
3556 6538 3783065
5701 6538 287298
6749 2312 182941
4435 7583 39527
5677 3041 1159548
9235 6969 2679445
5187 7158 448034
9014 371 374731
2504 3842 874796
1107 5524 898572
8393 1366 387386
4757 453 1380606
8894 2308 691361
7500 5967 1569086
8155 1665 1372112
1912 4190 1278830
1357 2753 596186
8404 8841 178862
6409 5663 32361
8396 4387 422117
9146 7279 1573807
5720 4622 212371
901 289 469539
