147
3894 5226 948122
2436 9468 2787639
2169 4601 420586
8404 7165 37451
3795 6446 385846
8868 2706 758976
1714 8563 422610
2474 4451 83941
1094 7950 95962
4287 2621 649326
8373 5270 886286
4235 1645 335087
1585 2918 1571311
5689 1942 62394
5184 2537 582799
1885 6430 77734
8153 1834 196139
8347 1811 837868
3066 519 333120
3021 2718 29360
1424 6458 1664576
1709 982 199685
123 7742 280574
6564 4946 726552
6966 2914 951444
201 5261 728005
1054 780 1611581
8489 8172 136347
2271 8835 839537
5885 1421 524454
19 7889 131338
2490 5611 370431
3328 9622 254552
7332 1185 362205
2232 7588 2214833
540 495 118224
3731 3233 269328
7224 9334 2540126
8990 1233 1200928
5970 6448 1010911
6259 2296 31737
311 1048 3741294
551 2112 799868
8795 7523 1030350
3297 9493 189267
1003 3531 1433247
6597 4413 820726
5242 6050 220016
7235 1631 325102
5221 4490 1030285
9194 2345 68384
3610 1415 372163
1465 4445 1332971
3379 819 685965
8742 6573 1658412
2516 3209 536047
3463 1635 359462
7853 9004 289935
3982 3024 488345
1521 3697 263670
1849 5493 1083711
1304 8919 778843
6632 5476 959058
119 8227 133463
7900 5270 259550
931 3475 1205074
5750 4363 75386
9189 4269 2102188
985 2379 230036
3147 3499 943826
3748 5694 1659007
6941 6761 662140
7086 1217 573752
5096 4972 76391
102 7312 351085
2983 8121 20211
8592 3045 1186182
9440 8635 19305
1825 1427 1066932
8758 7513 732633
6100 8132 532588
6970 7688 1158055
4036 5795 20322
6015 3510 2143268
5374 6005 6442
8290 9863 32968
5839 8910 483737
1169 8214 693586
9611 4651 872666
4948 3654 507684
929 9706 2130585
6132 4085 40662
3920 7429 963847
4136 1697 483164
2692 3738 1252030
8958 1793 133457
5280 1106 54259
2759 8205 379742
9387 7346 937553
9701 2826 66669
7624 4799 8648
226 9197 214491
4113 7031 197883
3430 3672 567292
8510 2371 62302
1759 3218 840795
4560 4075 379138
5448 7704 606723
5648 2889 30175
562 930 246545
9417 6773 2013996
493 9727 142638
9059 2714 198524
3000 5560 1399322
5609 7235 124009
3856 2657 568684
5812 6064 177362
2663 6467 1710667
6817 4789 1972424
1580 5038 873926
8710 6930 24556
7925 217 841832
5481 5884 1012142
7133 3560 936805
5350 4667 13595
5664 4235 58927
8761 2988 1384003
5903 1763 459986
1962 1370 373020
8840 2645 105318
9188 3750 284113
7335 5861 484916
5544 5603 663928
5375 4786 1264274
5377 1979 342723
8543 4690 122665
2527 4713 272317
8595 4078 308868
6364 5854 369628
6612 484 1129556
5410 5178 163716
2207 9043 2132726
5021 5733 1929248
2973 6498 957071
7098 3623 204028
1945 1644 903669
9392 7722 593335
