85
5584 554 1895413
1989 4633 321573
9393 2052 148243
7956 5118 568409
7138 9725 115346
9811 6418 722846
631 2867 593870
1498 3181 126253
1022 6863 632931
9470 8947 1706077
1485 8627 1314849
5624 55 1046929
9701 7508 1503698
4374 5389 209924
9718 3479 1262040
8596 3673 832690
7896 7685 740340
1869 9228 2301688
6422 4073 49112
7272 5888 309675
7346 9957 401929
1404 8554 1265629
9496 6334 887153
7356 7751 1887653
8633 1602 454235
9666 9379 213025
6358 324 1688723
8009 7228 3090833
1067 5996 667196
204 8497 506916
8737 4216 3376104
5572 3538 2023358
7480 1337 977386
8007 5553 4497828
7047 4437 177712
7673 7522 1020735
9706 4265 1020103
2278 2499 131552
5498 176 861905
911 9511 772529
3985 1963 2463803
3354 5668 91377
5892 4919 206001
8977 4041 843545
7540 4698 1912795
3445 9362 218348
3285 4304 1586698
782 7524 421692
9391 9980 606722
5067 8057 12102
7814 2363 1066081
500 916 4309305
9891 4642 3881
6933 5544 1018931
4407 2092 99713
9175 7737 2753028
2343 3233 1157746
1275 9653 623509
4339 8348 1160751
4276 498 303026
7260 8306 10459
3669 4237 53073
3824 4582 730874
2409 9004 935074
5998 7255 1227135
7281 2087 1551661
7163 8213 2086539
3238 4693 1191650
5697 6554 591169
8580 63 2957443
7082 1728 1970845
9592 269 2769594
9205 5532 1006526
7211 943 5279050
9227 8678 36860
3213 3788 583981
443 1603 783804
2611 6480 695449
5841 6344 4391054
5256 2608 1275714
1522 8154 970340
9338 9850 331116
7237 3610 395455
9823 7211 251217
8289 8428 4740454
