83
6394 191 1126650
9171 4634 1669170
587 5967 2648510
5403 8156 2728156
3009 8194 437438
3 3916 1092470
6574 4692 1338424
8157 7783 235419
7558 9659 746703
2901 265 1656965
4327 4623 538358
7864 2289 794320
593 9388 1857278
9928 7280 2232155
2800 693 7071
8511 8980 3079811
4842 2280 5617210
3719 9314 231962
2640 1719 632688
2593 751 612420
5930 1837 786234
9843 2720 2955057
7069 2527 508993
116 9755 806766
1321 2283 150780
1680 6408 560076
3429 9529 228664
459 1358 364314
2743 2034 364574
3306 5320 7117459
2461 3098 1559150
6594 5790 3151924
4097 8392 530015
1127 1480 979288
3594 32 87522
2921 9145 1582775
4964 2630 236771
1058 4081 1528812
8513 4732 1482617
5517 2661 1948593
8998 9898 367095
9754 3546 334802
7793 4145 2245793
479 5754 2412880
6824 7115 136752
109 7123 1570732
4541 8538 23531
6213 982 3619504
8865 7262 1241629
4007 5673 96403
3943 6983 276583
7485 6742 763257
7374 5005 1159995
8871 8949 747543
2455 4828 2612560
9859 8910 14930
5217 1068 734421
3971 7087 1946572
1313 7769 1152223
8510 1919 105241
1118 7821 412264
2527 9736 276051
6977 9605 2514778
4004 567 298105
2113 7532 1854509
4399 2735 1551580
5995 396 2436394
8043 4611 246834
1567 7087 958423
615 8946 586043
7133 413 379795
5440 7024 485808
6086 5945 178688
5387 7042 883554
999 6697 1654549
4204 7264 1069680
6181 8210 1030096
9998 5761 36236
1523 7175 495064
6356 427 1927093
1456 5089 1309842
77 4389 1329833
5794 9571 308773
