105
6545 4232 1274758
7679 5130 1974723
3500 2451 750423
209 534 818916
1583 8259 579546
5230 6646 713607
2976 5880 71653
5109 5844 2372321
5291 416 2016579
5865 2405 256274
3393 9939 81418
818 6759 847632
6725 794 3764827
3322 9681 740518
5583 7332 413851
321 2936 1034495
4663 5474 995704
2125 2346 673469
9700 8765 399784
6786 417 2080128
9372 1866 326206
5661 7831 355999
3794 3835 1527938
4978 9288 1892003
9774 1508 1161243
6764 3187 1507719
1688 9978 105513
4606 6404 273124
3636 7062 997565
599 7628 1490159
459 9516 1072395
9128 4148 2633733
6031 1967 1603955
8892 6533 2806434
2240 411 68397
7729 6995 158624
9123 7299 610401
4517 3161 692143
6776 9345 1191700
987 4246 429803
7165 1639 1613604
8305 3919 2796427
9078 2580 257894
2596 1552 133708
8070 3528 42277
5869 1323 1446936
3137 7904 762612
5945 3665 3484921
5722 5684 126809
3985 6393 1372940
18 6833 2861897
8077 482 1459714
8375 5780 1378340
3267 1904 892427
9562 9241 600077
7808 600 1083868
6774 2147 131167
7676 6062 731614
4955 9879 1183127
4478 8988 1360672
8221 335 1487361
6095 6327 161766
6939 9670 432052
4185 1378 810683
6803 7543 292380
905 5975 103491
2199 7549 841962
1356 2724 747584
2774 1700 538593
947 4004 42014
6899 1336 763435
331 8915 234838
9252 6298 433466
1414 4149 1504369
9132 7260 87524
5824 1722 723010
5839 8889 388417
5848 5626 148891
1199 1386 538726
6912 83 96220
4595 4141 1191034
4038 791 431991
8127 3048 899515
5393 8899 361416
6232 7623 688622
1410 5 532818
3788 5453 114748
945 4679 2213120
9548 153 56718
711 206 302408
5734 1842 2994700
466 6645 100927
6657 2798 1031514
8600 4689 24303
3102 3683 1629928
8407 589 831210
8142 971 1975383
8118 9397 1274107
2002 3368 55791
7695 5869 1414503
5980 3549 666557
6832 6292 501814
3043 6902 275516
5260 9130 1062675
5671 9568 2505189
