52
4545 4684 24142
3364 4327 636356
4883 1792 279323
7195 1869 315772
7440 8761 3368273
7157 2340 3530666
6208 1892 5514592
6397 6449 3448108
1551 1115 2492578
9846 1589 1329195
6640 8997 1899990
8004 8032 2194660
3936 8549 3083386
6134 2129 135889
4853 9544 4604274
7267 8753 881909
7731 5272 2073405
8065 9710 251122
5405 7094 71019
957 5619 3483759
1741 802 4179837
4631 1888 91403
123 6871 3165472
2460 6122 178315
8460 9358 2352132
1474 5593 1279080
5866 7976 1792561
9219 6887 32450
6624 7335 1618993
453 1207 2370513
125 6627 2356140
2088 9035 2010882
1057 187 282456
5957 1041 1262322
1749 6320 1527634
8437 239 3433134
9489 7116 2782915
6106 1059 2962637
9747 4333 2161293
227 8328 3420905
6902 7293 53252
2109 4023 1605191
962 3715 618100
8838 8448 6011226
4428 6261 563308
3688 5748 1688450
5458 7589 3261419
2057 9723 551199
4227 9752 1196489
1195 9628 2937383
6267 4853 1196294
7895 2048 1438197
