65
6158 5193 700578
9555 4724 1100594
8703 6861 1163650
7828 6859 823395
9605 9371 269506
8532 8806 2585130
5188 1556 395610
9517 138 580350
4273 4209 2711230
7128 9257 1246331
8005 5439 662658
9894 5837 440451
1061 283 5654846
8527 114 1345522
8576 4710 1227778
7212 6321 8633628
5389 2523 313101
3400 4820 4193127
9587 4837 253815
9367 9605 1506924
9416 6971 73488
6433 2896 2305828
7723 1724 2248542
2599 7008 539649
2586 1306 955646
544 6742 6277490
8742 312 2062511
112 3788 1990611
1122 974 1719348
4075 9990 454718
5514 2676 1563192
4120 8357 1032430
6488 7380 351669
3174 7152 243657
7395 9174 309771
7763 3125 19347
534 117 608366
6957 4539 2640974
6275 2527 3363155
6673 6973 218102
5174 2155 327507
519 5074 498423
1891 506 361547
2643 3218 1880612
5227 5628 4321488
8078 4882 989069
7001 1295 1429354
2440 3253 1308848
7919 1568 343216
6544 3929 3860213
1982 9631 5704631
2499 5400 362288
2241 8537 5150216
2222 872 511288
182 1068 256193
4114 9810 1189121
2966 1004 513696
4221 2283 1530956
1634 2013 192772
5585 8393 613455
7811 5644 738111
2156 8550 1146124
2797 1582 670421
6560 9699 1009269
3022 2313 304464
