115
9282 5776 224716
4053 8229 705803
7393 5745 900088
8088 6405 431139
4872 4503 2819804
9068 8433 600999
6570 8938 997157
2808 4882 189318
4753 678 2874903
7783 8693 1590436
7700 8895 347246
9421 2422 692389
9182 5254 465923
5695 1781 373392
7127 6467 651231
6402 248 861125
5453 5141 475980
7665 7348 450384
6781 6259 134539
8997 6575 2744542
2009 1990 527003
8300 7386 1084558
8066 9991 480872
6702 858 380760
1802 2530 1990269
565 7873 10316
1913 1176 1022354
2645 334 63165
8733 2817 37709
1536 7944 1183495
9165 6115 1094086
5903 9905 1391886
2504 4794 200217
681 7046 617933
7619 8936 244173
3112 4610 92593
8344 8463 1012285
1672 3887 2889150
4761 1195 2564750
7779 8977 58754
5030 9334 111796
1813 1101 984413
4590 8566 476396
4906 4549 506976
6155 9132 934427
1672 4311 812666
3289 2391 1502423
7930 4117 953871
734 1333 2073942
7298 3094 1534130
6978 7368 43796
2031 6576 71842
7384 149 1043442
990 5796 492643
1343 2778 477887
9783 6331 952766
2847 9549 863615
4596 9659 1603932
9353 1260 684814
6520 54 1999878
5259 1143 68767
8791 7393 1312892
2434 2855 790923
3471 8290 991440
6725 9104 601565
2901 1905 1421372
3030 3286 350737
7865 905 134353
6724 6179 243089
8286 7593 31420
8178 1819 450970
3470 1133 74043
2480 256 1267343
3159 3324 228647
837 4323 646736
6593 3570 758703
994 5577 519849
1228 6314 798726
2567 1266 1732497
9133 7965 736921
3603 2659 402689
9359 3979 832781
5758 3125 10293
2414 8534 315201
5525 1754 1039751
1498 6250 563467
5416 3175 224143
2204 8740 1402924
2698 2942 437195
121 3848 394422
6212 1328 793569
9948 324 278345
3082 3476 1745590
5351 4454 35102
3308 9396 467542
1606 3546 181681
5892 8143 812690
6874 6531 2066632
8978 464 528355
6307 3328 517118
1322 352 66572
5880 6474 1944530
8514 448 1946499
2569 3207 1970636
1547 4643 3079715
4731 5997 1482486
5715 664 1561184
5449 8343 111974
5793 8081 1469612
1300 8915 295717
9492 7163 1597513
2313 731 1065967
2471 6283 2303416
6703 8143 210536
9199 1417 1080063
