123
2582 5804 825482
9041 2640 190879
1533 7357 481290
4022 3851 55245
8469 5525 2049904
1627 712 203491
5031 2900 1237333
6360 7807 574107
6560 9384 258865
1411 2617 3075377
262 6716 178578
5029 1876 7011
1029 77 1034535
6810 1601 405778
1469 285 438525
5412 2601 463570
6011 1229 45013
8856 653 274973
7902 7419 569798
9763 4317 2728229
2512 4893 9963
495 3092 7799
8616 3032 1031055
9610 6804 190121
1208 9080 601305
7840 7760 743618
1445 7498 1256371
7723 6463 199841
273 6387 1752846
4254 8982 426679
9335 2114 1284885
6084 615 9372
9623 50 757472
5985 9929 4286
5734 5063 1789306
6588 9727 1968040
3167 4187 1008579
1996 7361 657151
8164 5257 178051
2206 3195 850028
6586 6328 268817
6651 2500 1529665
8166 5886 25263
3686 7555 291209
8583 1536 2061060
5440 4888 228919
142 2450 2012080
189 4323 24228
6671 2485 116018
9178 8405 855689
8253 9411 283809
5162 4199 105225
1119 5051 593424
5292 6352 1093714
6024 571 128284
2377 6524 47713
3649 9935 847350
7619 1963 1524388
5311 9378 331720
1546 6452 1190302
4939 7173 117439
6092 5050 1002750
2790 3595 195497
2784 992 671160
7026 9709 1212068
4047 3772 1187478
3189 6138 1890777
3518 4281 1935026
1324 7535 1790746
4533 7047 844729
4882 1466 675897
6987 5579 212564
1534 4278 561425
6106 4992 92226
5549 3036 670825
1467 3497 283758
5721 794 1757044
3434 7138 1081798
2564 7569 1368631
2939 2889 1455423
8044 9083 231330
7896 8248 250732
5561 9158 2171329
1498 3899 334928
8614 7527 1249719
4727 7593 105527
6240 4737 278481
9413 2239 707006
3204 3231 44610
259 7029 635366
7543 8794 2915191
4154 4906 746068
19 8771 71170
7283 7727 234857
4090 7785 1521328
5699 3508 498831
7906 141 21068
139 2980 155489
7840 8848 1705264
9532 689 1102447
4160 7621 2799378
8698 4609 773453
8651 4464 2831542
8663 2198 1171914
3100 2246 4819596
9036 6445 1374097
3987 2586 56029
7743 2630 481347
8046 1001 2924001
71 6275 811689
1631 9781 432699
6493 6981 137258
5093 340 1791752
7265 8962 72442
5862 1886 290175
4896 8797 465576
9113 6431 67609
2543 9568 71300
7724 6352 274215
6341 9412 150119
3698 4604 173435
6643 2224 599182
5604 7649 59562
