68
1266 4067 1145044
8212 4862 64283
2027 3881 224177
8943 9825 2435896
5908 8597 1032177
6563 6429 1579855
2405 8231 373351
3753 6938 2565144
4102 2433 537211
2487 4228 647816
7442 2980 3192158
8849 687 1967260
379 3329 1240166
7442 9161 2356408
9156 2511 793426
878 1989 245712
3005 8417 733532
5977 6831 1047869
1510 8419 46523
5405 8275 3520338
3584 6812 947461
3016 1761 1299366
915 29 1587463
2024 9857 3481988
5009 8260 2610795
3629 9303 616673
4462 8463 477877
2519 5990 1115437
1702 1488 898689
8102 1066 1662825
3089 2658 282830
1787 6069 3952724
5547 9746 637688
3588 279 1580452
2790 6485 3223188
6357 3175 2832593
5084 9836 3358682
3376 5920 524524
3688 2392 1617413
6866 1176 1280104
6260 8444 644854
2225 9778 2166870
8089 6584 93705
5062 27 1871921
8608 7966 7190650
9584 2905 160874
3997 9816 4303304
128 6547 427055
4229 9427 1467376
2360 1171 918453
9258 7924 141349
196 3888 564323
3118 221 712634
1046 2666 587760
7676 8181 1753437
9014 5138 767010
2494 5901 748815
4939 1022 986107
8791 1299 1064527
8938 8494 207813
2175 4680 1923828
9484 3057 911367
811 4117 544468
2791 4055 1317583
8584 7835 6911388
5635 3481 303078
6785 8693 903622
4311 1684 668711
