73
3536 3797 1256009
7024 6096 3432998
3047 5421 817318
2778 9059 983306
2054 466 447186
1613 5209 2107334
3085 6149 18772
3050 9674 789142
6124 8811 1531330
1801 6664 336218
2946 799 111120
229 9181 1100148
30 5921 714664
6625 4305 2638309
6873 4970 49183
2491 5325 2319228
9149 1623 1412631
7865 4743 550711
2319 6446 519139
5222 9117 303692
102 6696 4273737
9621 6361 359646
5922 8786 3125632
8482 1195 1495105
5718 297 180734
1256 299 382479
5552 6972 2496918
5878 9601 3057087
2385 7275 648064
9806 1389 158988
5245 5096 1239502
6740 5520 1748832
6228 2964 5615882
6070 3772 2750639
8292 8003 2185272
6798 5371 2563132
4756 9747 647
2838 6450 614450
1883 9531 173340
4939 4577 620946
420 8813 293624
3126 4537 4601607
5843 1277 1353011
8476 4973 553382
1980 4446 129905
978 9115 594353
952 3929 708336
3262 3893 869230
2038 380 2170522
9735 7054 100801
1687 9594 1654782
3770 6072 909918
7548 6498 1556991
930 4729 1351071
2940 555 836708
9500 6788 3685381
2287 9146 1372307
3198 7599 269803
1216 8318 286403
5430 7027 861985
3423 2631 550865
8368 6128 677767
7530 1157 367338
1644 3028 2712616
6222 9166 815739
4229 9900 3737268
9039 8776 64000
6077 1846 706997
7271 1454 574084
8359 2089 1381307
120 793 2159089
3663 9555 1434078
2068 5718 5529262
