150
493 6661 27560
3090 7899 791455
4975 3006 164352
746 9682 342772
87 2702 796268
1244 6222 282967
4728 3850 1641897
3468 8541 169352
4761 9898 744482
3830 9463 395996
200 2996 866310
3877 8308 870699
6221 5273 1205044
8531 8170 534009
9236 7566 2364183
4950 8824 32549
1587 9337 97656
3829 9377 495832
5409 7528 283820
9228 5312 2181245
6454 7585 604032
270 6180 165943
8156 2280 532650
6424 5531 638363
9149 7685 201603
8831 7289 436489
228 1472 407179
5819 8118 221982
7231 5228 513664
8765 841 329674
993 4385 1112087
5710 451 691345
3303 9058 658933
3439 1325 616240
5180 6819 123741
2940 3899 380277
136 6945 1051053
496 7667 63238
6142 7106 1679842
3404 3316 931082
5537 3162 295864
4822 8066 175614
4193 8442 164374
5694 5655 751971
6951 9571 681125
7794 3028 1189367
7374 742 966544
8370 1182 2356474
4224 563 409535
1711 2214 1141370
3034 5242 2898601
6709 3432 913102
7454 5476 313804
1513 3172 373412
3184 1539 566841
420 9798 522484
7226 3944 605114
1358 7541 148001
5967 2560 195986
4654 2164 127492
8241 3064 127447
3715 3485 166541
5778 1104 146183
722 9072 966524
2722 8639 327048
3793 5128 194856
9949 5303 66212
1619 6149 498434
678 3355 1065468
2128 91 218935
5422 7569 70191
5344 6154 556510
4889 7778 2196757
3017 2449 1495364
5201 7951 290447
6024 8094 1587072
62 990 699502
4252 3130 26787
3143 9617 94186
605 2059 190653
9477 2114 736185
2793 8075 555959
7501 2146 374528
5259 5584 496519
5101 6861 184903
2265 4840 518219
229 7826 264052
7422 981 182831
3696 2743 1175269
7716 1478 109161
2466 695 754201
5344 1115 2724715
6940 466 121530
5796 7977 1171603
8875 4694 208350
4090 5932 601991
1154 9398 248304
9869 3708 23747
854 6064 834207
2505 5123 387043
4431 8683 498209
272 6801 163840
8767 9410 510899
374 4637 2297023
7538 5805 571468
361 1192 267079
725 2472 449234
2530 2500 197608
6943 4882 79966
40 9986 449831
6250 5952 634728
8896 4676 1095657
1871 3837 514038
2615 7512 2139061
738 4539 478501
6345 3024 88653
4278 2602 1297402
1472 2249 63876
5045 4080 52421
2656 9512 61246
4657 5357 85614
4223 8002 92653
5992 1032 157030
105 4345 19243
3842 5838 410145
1677 1954 2350453
255 9548 80288
3476 8290 320529
6139 1764 1107880
1484 1737 158969
5098 7154 5321956
6944 7218 1339404
9080 4464 575840
5663 2969 8838
1178 8756 26838
2317 3043 138796
8120 9704 2787930
1225 469 1529805
2469 4401 852740
4734 5082 369404
6175 503 920023
4612 2269 1336833
3724 2217 457640
2324 7165 681526
7755 9022 579198
9428 9780 386617
1849 4272 15914
6564 2560 2570549
2757 5907 253603
4575 183 49628
