62
9436 6225 188253
6795 7510 1830672
3945 579 1699005
4636 1385 742487
6636 9751 1214976
1133 9763 622280
2773 9626 286383
1524 6141 55730
9383 518 8069600
9521 1525 738312
2217 7464 1597587
9306 4409 1640137
4654 4223 974197
8751 7965 5751399
7435 1092 1552690
1766 9800 581551
9025 1741 377786
9993 2973 547736
8476 9596 3986792
8780 7128 25336
729 4142 355945
6325 310 3886996
3694 8099 1733929
8249 4962 2380342
7736 2482 460272
394 5512 1887856
214 3284 305565
6069 2558 2338744
9761 465 392962
6010 3516 1279887
3781 790 2129686
6226 5150 320261
8166 5878 484986
3461 8063 4824316
3864 2224 399259
7805 2792 280929
5175 2623 106762
410 3692 3581325
5485 7036 548461
3969 2076 304476
1112 5611 2010058
4415 4762 1759090
1664 2788 4237345
5436 5513 3324339
1711 5294 2133680
5205 4354 231799
556 4108 158550
2859 6690 1604807
3856 9151 2786527
1046 3136 5273888
6309 7912 3750078
976 5212 169318
4084 8602 216664
640 6830 403905
9173 2984 2561160
4833 8838 2163106
4290 4997 2107444
9110 8206 1456291
1031 387 185519
1729 4264 604656
5995 7641 92183
9126 7317 2283725
