73
4644 9649 2321223
2650 3397 2906490
2205 1418 136602
9091 6926 51602
1655 2887 10230
5909 57 888353
1999 7751 752033
8143 244 2589589
8649 3563 148241
2056 8362 483712
1465 244 1417892
1924 1301 599204
189 4957 778244
2343 7550 5378954
4534 2170 705951
2013 8635 2390
3663 4073 379357
5911 8668 656299
2506 3059 836103
9903 2984 1358123
9797 4137 57025
7744 379 2513379
8281 6993 2672486
7640 938 2048498
9665 2006 1502076
1677 7006 1240907
3765 1506 2124730
828 6138 126425
4566 2558 305613
3943 1725 202118
3586 7321 1729380
2182 8067 2393225
2174 1535 1245810
4434 2986 3252269
8910 441 1765850
2462 7470 295977
8047 8006 1956872
8150 3364 1997574
478 1466 2580829
6205 6500 1646988
6782 2691 174058
4189 6775 2737359
7761 2101 1022747
2224 2553 583035
1983 5814 2327435
5945 7482 348257
3372 3962 2474593
6999 4836 203822
4107 1237 1227553
2792 9190 2224759
8711 2860 1344522
4598 9130 2742070
9912 7774 2585646
2395 1613 118103
2848 5960 752532
7186 5413 2518613
8392 6523 83250
3976 8241 339219
2114 7613 1677097
8567 475 1517614
9377 6094 665361
7916 9105 1033324
5731 8973 309799
1488 6430 1240749
3576 330 431721
3811 4337 869702
2247 9741 4762914
5947 4745 1334865
4835 5943 3910154
5446 3829 970729
7572 3259 1641969
506 487 1390605
6314 7560 377201
