60
7222 995 581073
2488 2686 1539006
8053 4779 639819
6407 1945 380814
9140 2635 1304550
7982 4707 1014607
2447 3050 3242859
8235 1129 367319
8872 3241 20809
449 250 3378879
2125 4310 2552401
6165 5732 100855
6710 3406 658953
3963 9432 767236
4670 1288 1020698
4509 4727 44722
3390 6899 419023
6742 2968 666288
7195 2522 561558
2326 3842 884125
6683 2917 4840059
3462 1247 35012
1133 5449 119178
8674 273 411253
6989 9337 520936
1823 7942 665001
6713 4753 5648013
7420 5683 2229674
7080 329 970983
8727 690 8959
3565 338 3903216
8267 7853 1375781
3045 4283 858141
8682 6099 1254090
3660 3433 1122758
7221 412 4056795
6881 6898 1362700
4095 3662 1203352
2890 229 11569365
5278 3045 397630
3603 8577 821578
1040 2791 3187117
8158 3347 74742
904 8739 1415521
1515 1150 1652009
1408 8047 252186
1122 1683 4587051
4239 4469 1173047
1461 2386 2769980
4496 5709 4775446
8772 8796 1460613
5968 6628 8271622
3775 7224 102357
1790 3835 501385
9621 9770 49290
9440 9403 518736
8540 255 2223083
2808 618 2001256
2849 7750 461592
1085 6683 1002899
