114
4208 2105 23714
6573 8760 588115
7987 6771 141303
7582 4925 1616242
7023 6418 304112
4880 4139 2282545
4785 5880 463300
6065 4843 315968
9380 7794 1464011
7746 1390 73153
331 5744 31929
2097 1846 82865
148 7262 940488
6002 1680 2130923
4777 2123 307366
3199 6239 44104
8845 8751 653077
5108 3828 616099
6921 467 444729
9985 3871 327784
129 28 374568
926 6297 40210
1356 7168 892830
977 1736 212753
9269 6967 83367
3793 7235 949281
9173 936 1415764
6390 9445 539536
4870 4214 954491
5438 1168 173389
2923 1250 2197858
2099 6911 4026860
554 3156 625123
3002 5825 626492
9218 7033 463436
2183 8845 2763789
2911 6549 10653
3693 4594 1359051
7977 5857 2793717
6985 8552 1426683
3707 347 390416
1821 2662 61191
7690 1934 18474
2553 3974 800486
8417 2585 1986247
4888 6999 2541695
5251 801 750686
7493 3952 82813
2366 8756 1011450
7527 5426 1678406
5971 6466 426662
5767 5462 6212882
3830 1710 596593
5335 964 377824
7075 9803 1186795
5268 6499 1311782
872 7298 1401505
9875 2255 117954
9867 1451 1284691
9583 2231 45027
250 4612 341342
6379 5335 55383
3125 7791 5567
7955 9040 163661
2828 5658 272820
3634 5563 2311733
8465 7600 748117
6438 5422 128666
445 2778 1100819
2943 4130 1861884
1454 4434 1957186
3145 7364 178270
1957 8417 158528
8914 693 1529364
6616 2567 583659
1234 8461 2035164
791 2483 61010
887 3040 4350904
1378 1434 1868327
8679 7689 107073
120 1354 2249764
9603 3854 545139
430 9614 313123
2905 9546 110120
1315 2895 803944
6826 5416 958879
8411 9668 36622
2749 6400 765991
3620 7135 647532
7682 5347 1585621
9927 3157 112773
3970 7980 129578
831 1824 941577
1534 7125 605864
8538 4803 354769
2956 1838 52907
9421 5127 1106675
8439 9217 2597641
5646 5814 628872
2031 6370 33069
2624 9507 186810
2018 2752 298591
3364 8652 492939
8306 5943 198493
1904 3659 1069665
1780 6532 1568970
1219 2617 623071
6792 9910 64554
5622 1345 1370955
204 8014 1181538
6424 2752 50610
9300 8520 451750
5207 911 483243
7682 4075 493617
