73
7972 9606 46738
1642 6874 283566
2 471 5745350
697 872 241347
1074 6919 4573792
5416 5829 988992
2145 7918 2086605
7968 2503 1618884
76 3387 767466
3682 6259 101810
8453 5 1815789
8544 8541 351206
8378 4190 109874
2381 9043 121699
1648 9707 66626
4660 8282 21861
3147 9096 1570892
2642 6358 2801235
6175 6367 48540
9517 9911 2213301
4852 1973 241908
3520 4000 724709
9292 8909 177401
8072 9553 641555
1035 9995 340116
4266 2696 443556
7413 6407 1021630
6406 2149 1956656
6213 359 1363770
8618 6565 5753
275 7169 80436
964 5568 2160139
2179 940 4348834
3883 9682 79116
4113 4568 462890
319 2757 248586
2336 9471 684041
8624 2126 1545361
709 3783 831014
3040 2278 744087
1974 8130 6485371
427 6418 425949
6879 7802 3548744
395 6410 442831
7464 3633 229925
5526 2891 972595
3121 3005 3672907
3852 7527 259415
1387 8092 950054
5840 7196 323097
8848 6055 2126578
6234 8390 16522
7331 1398 1969905
7344 9966 3634533
4285 1373 727547
3498 1851 519686
8265 2015 1159042
5227 3716 7253217
5276 2107 482924
8044 9063 424433
3701 9859 225958
8840 3974 416605
9103 558 393750
4998 1250 3878076
3550 2917 79878
7076 8834 761881
7298 4403 1928172
1085 8893 2244827
4725 8644 4405251
3597 9000 204378
740 2670 209130
7878 9703 3272776
9078 7773 2676912
