95
3928 9571 927654
4562 9982 663036
2924 9372 841473
718 6715 241148
5508 739 399220
9242 7937 166971
8674 8524 1791748
3224 5465 3911059
2803 2506 418684
7913 5393 2824665
4120 2608 1127778
307 1761 338140
7624 8303 5633786
9678 2278 208661
3272 5689 2195432
4800 5616 1819567
5107 8240 109862
7918 1639 5881
1470 8650 937520
6059 3407 1236163
854 115 255041
6951 5142 364650
8723 4454 469320
433 7277 2233659
7530 4865 4104240
8837 6669 341011
3660 312 755013
9706 2641 2012059
536 8116 266267
9293 8925 345426
7584 9460 511698
2675 7544 810077
9590 1767 1890817
8766 2890 1241423
4748 5110 460417
6821 6552 1084951
8444 6476 1126117
4887 2921 665287
5655 7664 489949
3151 6233 1834370
7242 1227 306945
9337 4013 924059
5292 1331 843211
5302 9687 103596
7062 8252 615199
9946 418 366996
5493 5344 318329
8020 2883 355798
2568 3998 370206
4195 1739 765413
7705 2888 42383
4136 9708 3751854
8741 7901 534582
6362 6904 187382
9485 1566 616638
3307 694 687409
7475 3716 3057389
3709 7473 702166
2444 4743 253704
9976 9916 202382
1717 3227 811678
8728 846 786904
7422 6569 18390
285 482 2505458
3190 271 7776
910 9029 1046483
4158 9832 776581
7374 3218 960366
6849 3379 2536829
9756 6299 492815
7030 3366 974144
2858 8499 568036
8801 8612 3579078
4609 6940 1689728
746 3672 648030
4100 2241 4987387
5815 7205 1867117
444 2089 503165
8432 9477 2388563
8500 8472 848528
9654 4236 225277
6977 4097 2448894
7521 3470 223020
4951 8310 1185248
6088 8341 1492645
3740 1522 158939
6517 4176 382577
7335 3913 536504
2414 7647 189900
8311 3287 1116085
6172 3848 257292
3997 9437 10742
4570 5119 752892
3260 3697 803894
9984 2944 153154
