70
7773 7795 5899149
5173 4531 498831
3147 7121 323605
5606 8338 5947779
2260 5577 89929
2735 9395 1267606
9083 8586 2956297
9924 8826 3497492
3347 2877 152382
8146 2065 2133129
1360 8328 1231695
6687 2685 638143
9774 1259 75268
9691 5551 24623
6566 9638 777077
594 3718 1536663
3554 1128 715361
8406 7763 1290839
5353 8981 2599741
9194 620 741124
6786 5756 596383
8924 7358 1390195
4309 8020 354502
8673 6180 204444
6890 2323 1222286
6508 6450 2406873
6235 1893 66097
5547 882 528624
9598 6548 1233823
6559 9100 932073
724 2364 3297365
9827 5431 53322
5413 1905 374641
3948 6776 4154427
2529 2742 104801
7530 3347 140359
4663 9765 4325405
7957 1084 2477976
4672 7944 530065
7871 4097 3055319
6093 2137 864670
6842 6250 112989
6332 394 1617188
6272 1817 2401061
3188 9730 2426661
8176 1661 1106996
4192 9900 1567143
8676 2600 1547979
7211 2471 132706
8717 5881 1167727
7288 8583 402634
8092 513 1189006
6178 8664 1260088
6347 9819 1788343
9194 6171 989670
6769 5260 508297
6966 8408 2257257
4158 6393 93439
5533 5203 1406789
4680 5387 1265035
5983 1208 1587664
6400 285 6095245
7854 6914 806549
7535 9619 955339
6014 3572 255467
5308 4335 1806550
708 3125 556651
2994 543 604505
819 4763 3250030
8965 6926 130609
