188
2820 8252 1110686
8057 4605 330972
5023 7876 562503
654 2552 124780
4497 4747 120047
2894 9236 289783
7206 1262 1882004
9146 7213 957960
4549 7944 344241
1976 9436 326460
2229 7686 75299
9624 8553 287514
7357 7266 481580
2635 116 240301
7233 5856 907267
3497 2232 1681836
9059 5514 273635
7027 6095 303523
4563 9513 572221
1447 2432 46807
7233 3600 1029511
6095 4828 1162539
2877 7225 49184
9870 2811 205669
1539 6590 19466
5701 8590 1716611
1631 9710 553606
8328 7446 197656
4742 1044 519445
7880 874 496969
7979 5246 344536
5240 6948 924932
8993 1201 502228
5945 6033 426656
1059 4743 77345
1378 735 276270
6586 7588 542520
7116 2856 307539
1373 8710 259265
6995 2033 85253
6202 7613 44937
870 4159 429424
769 9765 17057
2315 7880 399903
8176 4776 732155
6644 2177 69475
4127 8649 387864
9521 9817 504027
1554 7631 371409
6428 6581 1197895
133 6885 3109091
6572 6946 306955
4148 3039 524651
8740 1022 575990
4909 1741 110350
1165 7812 628177
9558 110 998337
4326 410 1798971
3099 4674 54807
9245 3819 706350
692 6981 356734
2882 5 194463
1451 3202 130379
6179 3337 10262
3858 9645 57698
3577 4723 319492
93 2827 579522
1895 5833 1177641
4675 6094 300180
8240 8932 383802
6097 2262 2718
2745 7736 659545
7432 7221 228231
2920 2893 753596
9337 6086 690949
507 9558 1819960
9053 2507 469275
967 5001 59348
2888 6522 148415
6017 386 44897
2348 2235 105394
21 1459 142657
7293 2089 1355
2701 8932 46765
2194 724 201700
4121 6661 420180
918 4446 38209
2318 8562 311863
5286 8754 11043
9627 5256 514413
8244 7373 632534
2507 8627 21131
20 3492 1079381
1245 5583 308746
1322 4453 81266
5221 3121 215229
4662 7336 675953
9766 3567 346403
3743 2927 80234
5482 2777 708209
8772 156 1198834
4735 3641 10838
7834 9011 516090
6964 8219 250968
6516 2464 512750
816 1789 483709
3826 8342 261150
4271 5228 1088433
3079 946 90022
6492 4385 2659067
7087 543 168617
1890 9820 618839
5969 458 588770
5728 4869 1625981
6971 7332 219480
5373 1851 208119
712 269 1906221
75 1365 4173
9786 1481 74748
7230 5436 97037
1572 525 512994
7689 5878 249649
1594 9871 29380
9192 2079 340577
2935 4051 817682
6229 9641 396996
4788 4468 721305
9790 3098 1272900
1938 2828 106678
7220 544 520269
9285 3245 160719
1713 1252 1460583
324 7441 299434
4338 8715 1172118
8524 7466 62566
9131 8927 179385
8787 9118 303749
4315 7085 136782
2249 9289 33685
8230 6962 305817
1751 8697 525997
3686 879 662869
8659 7875 1869487
5856 9180 501308
1200 1115 163372
1502 6910 696395
563 9759 27863
5745 3241 2670132
2145 3367 231346
9510 6696 816656
3981 4945 714838
2691 1970 304175
4596 3571 1152255
4936 8032 158306
8538 8669 95676
2511 7951 348881
933 7986 230016
7885 4554 124998
1076 4956 389564
9492 2986 101025
3667 1000 7733
6370 2280 905909
8092 9772 480472
7421 3472 1012259
5803 174 258686
5131 5113 82239
7370 4471 2037606
2666 7461 286058
1633 1244 38864
1401 7525 1982151
8307 9843 419603
143 4441 1000124
7972 2069 226148
8987 8074 32060
5915 98 257247
3878 4296 58885
9651 4137 528020
6461 9803 1759777
9902 2638 1220134
5684 1025 186891
6034 9195 312468
6370 2686 3419994
7713 664 241427
3565 5067 14019
9453 2967 1477702
2995 9391 90460
9413 1734 197520
4127 3126 99055
