99
5957 3502 558676
205 9213 668834
969 1545 491176
297 2730 581822
9155 8972 708049
6967 5918 369098
7970 8527 443297
9811 3754 606734
6912 9012 425329
7455 3321 1833122
8672 1060 873653
93 13 3085237
9969 4185 98161
3102 9030 3098
9168 3845 3269985
8792 6517 1882572
9949 7365 461419
1866 5563 642089
4556 1646 1291100
8060 3032 387018
245 7958 2527806
315 7046 830946
5335 949 404665
9741 7232 3563616
7618 2394 1171226
392 9169 118100
5333 9234 1045164
3096 2760 1861080
6774 7647 2854921
5840 356 695019
5078 9469 398949
424 7080 346177
504 241 1516717
5017 2027 9695
8668 4815 1954870
4396 4706 2411178
1227 4873 649628
905 2324 2550742
3499 7482 478025
9864 6950 344110
7900 393 223687
1864 7797 98089
9329 4138 88690
9134 7279 570502
9968 2231 1762139
1387 5879 669902
1062 7938 157800
1996 8823 832656
3351 4077 789097
8171 8561 1248816
2888 5024 2503286
7050 8570 280264
5211 5506 183437
1529 4074 1590575
6327 4939 1410211
4678 6142 9355
1334 7678 146782
549 9411 279092
5607 3565 1884918
1622 9322 1103648
7998 5831 161646
893 7308 1294087
4568 3441 1113528
1817 8601 1071714
4743 7630 417177
5475 9830 1843662
3478 4144 1249196
498 1266 362293
7727 4826 1482652
3128 4165 350279
6429 3750 1231494
3130 1143 564888
857 7615 309800
5762 7374 185110
6271 4462 1818891
854 4273 765788
7719 8046 2013707
7059 7233 164325
9830 2362 122137
3696 5274 1812293
3322 1035 851475
8473 1095 1420290
8239 2293 2438201
3045 5850 622648
2314 1150 1864170
4996 8692 1018689
9017 9040 1159102
4681 3627 2894461
3004 1180 488596
2801 5793 1136465
8458 6181 85577
8071 559 633420
4805 2476 492559
6536 9311 17710
4614 1503 1038171
5236 6806 1025814
357 2586 260228
8556 6900 776874
8454 8018 3194834
