107
7474 4037 126046
5294 1780 1577095
9243 5810 369834
1427 5723 488643
6946 3449 3141765
170 5973 544546
8597 6536 1016698
1040 8807 578430
1888 7235 1287982
3799 8838 628117
252 3444 451668
7843 9509 421413
3195 8116 410165
8864 9792 779496
2139 1673 1698009
1628 6050 1604678
5901 3433 359156
7553 3674 864766
2603 3784 852287
2722 2909 533805
5816 6476 38452
8564 1746 16456
2206 1052 1367780
9069 7630 1136264
6262 29 2210882
3750 8845 273561
3324 3699 257713
4496 5722 416566
4430 3222 91920
2802 5201 950811
4987 7559 1023634
9716 8070 9657
3256 7144 621204
6578 9774 489911
6418 7727 2270735
593 595 3022492
4564 881 1533400
3079 3594 2095625
1214 3105 483844
2315 8602 473228
750 8762 2628499
6122 2243 1279627
3328 9600 77617
7568 1960 560388
8214 6044 379174
1661 6398 1090583
3033 9541 242177
4933 2862 2079229
5104 7452 1276820
3054 8115 1127323
6989 2764 1131144
9461 2315 818274
8439 7609 534347
2381 5830 649111
7829 1174 440660
4375 4426 126771
6210 8049 786607
8699 7472 2328452
275 1295 592845
8684 2511 266085
8202 4592 25881
9988 7329 389587
5066 2465 524264
3822 4991 287457
4330 1809 1315500
8060 5452 35551
7109 243 240643
4231 5111 118430
5244 3735 85554
6832 1444 1514527
9088 8885 677653
8928 8504 1644651
3216 5584 490577
8474 2359 124421
931 4858 454585
4190 8485 530381
2894 4733 983675
9629 9434 1906526
1495 3163 324165
9738 6852 944911
8773 7878 2030415
1080 7546 1195365
1161 5956 93564
4130 443 234600
1973 7990 1018189
2234 1997 4679155
194 3763 22316
1684 7215 32420
3038 3177 2205875
213 5797 1045278
9191 4780 1077705
3113 1413 812146
1218 101 925324
6459 3894 1075187
4988 5063 2975671
649 494 621396
1734 6165 77157
5009 1228 214745
6193 9194 5797021
5689 2896 478913
4185 7619 1287891
1916 9434 1058412
8056 8630 77965
6188 8712 288074
4721 3290 688150
2935 2265 945136
6501 6805 1488524
