81
3818 8340 971740
8446 9882 3053599
4542 4712 21920
2691 9971 1026578
2081 7255 40584
3474 6428 95460
1324 1538 1915773
3986 4601 148037
7867 7623 65007
7879 450 25418
6963 1487 1863788
4258 8764 780875
5588 3935 349152
1380 1892 971925
8176 6083 366909
5994 3279 255155
4265 6651 14718
8606 912 2501863
1971 4813 1079528
2296 7169 1294254
9238 3736 71463
7373 2775 258555
5824 2777 1324856
1835 8909 2942891
4594 7718 1673309
118 4345 806051
3752 4083 246588
9441 5959 1039976
8855 2211 2264805
6169 5455 1461706
6379 983 839443
1954 6764 2119462
2686 5692 2916648
195 7633 3676545
926 6889 1397731
6288 8105 2457450
4463 5758 1470241
7161 6797 22746
1986 6086 5963312
6569 5876 1450434
5492 9037 1538679
9359 3999 204160
9406 783 2257215
8257 5754 2482647
1019 4360 1943570
8767 7931 788742
9611 7496 639785
2317 6436 290275
521 4716 1099532
9201 9164 169063
6620 495 288301
59 7898 2175473
1675 6089 2672670
1545 9900 3042345
694 8910 2402232
2866 844 169750
1664 5564 2330574
7013 4185 35943
9160 3454 59554
9302 5442 2187262
1657 7477 1489655
575 4700 379544
2553 1220 1371834
9939 1082 783436
1234 3368 274810
4057 6747 563236
787 2301 2033394
2805 6768 1006459
8275 8679 2906170
6226 9059 1667470
4766 8933 385955
1642 7646 347342
8566 3025 370910
5805 67 641279
4717 117 981512
6599 5986 1431127
2315 7342 251425
7379 8507 3223312
230 9010 44738
5392 967 257598
6060 1164 1564527
