55
4300 2509 2655992
8137 579 662782
1168 3787 487797
9110 6645 64939
2267 5250 3267363
79 462 2397331
943 5625 108046
8360 395 3251201
7102 4070 1069244
1464 9770 648067
3407 6809 360134
3163 9024 59318
5237 4261 1926732
2258 5467 857510
2628 3489 1080720
8905 2736 80963
1425 1896 1157094
7130 7241 1111623
5341 2242 744810
9905 2072 612184
9067 6011 891239
6183 1054 1257801
1666 430 1254680
9661 1117 78826
8064 8953 5383906
4470 6561 6316526
1061 869 4229606
8254 9366 1548246
203 638 191921
727 6844 1650331
8998 3321 1881725
1987 2541 6891197
7876 1823 1874249
4421 8961 574779
2910 1062 220090
2729 8691 791946
2684 4247 1952158
8502 4049 312256
3430 1180 589276
2631 3649 8399
3277 5204 186519
715 1604 5723844
723 8285 2735634
7683 2860 779593
5916 4987 1470834
8114 1172 2839667
6689 5969 1779667
8557 4855 8079651
8002 4295 670177
6099 2150 3066869
3879 5127 1968015
4662 5351 4274762
2796 8013 1210062
9164 1951 101025
4439 4298 4610674
