91
5301 5351 1512147
3459 9139 1922188
7239 7571 1015060
3023 1024 635668
9401 2719 2146918
9056 3649 3364244
238 2076 846115
6101 9713 596649
5855 2229 39825
1737 2584 406539
1016 714 2037584
4558 8893 1590519
2164 515 264941
7814 5602 2522740
9529 4267 488860
74 3174 124585
7398 4750 905285
6174 4881 1079932
8719 8876 1373062
8304 9130 551517
8134 3166 335920
4186 4648 3807911
5636 7978 743267
9003 9873 285397
8967 924 2023695
6514 2045 389398
6914 4158 4293190
1177 9539 828962
399 2729 594570
3947 7226 541686
9490 1443 1292713
8343 5747 658608
4658 890 591034
5049 4276 356043
1151 7832 1876542
3314 7474 1908330
8972 4727 14659
1484 7429 121380
1683 5662 2102624
8645 6984 89205
3794 1629 13969
8727 226 892327
4772 5040 528864
4174 9012 754795
9418 2110 2427964
352 839 561090
8485 2254 1839432
8917 9059 471944
3445 5785 1795113
7761 7641 176530
2341 2334 212751
2262 5132 2913833
1870 1248 628664
5359 3470 967946
1493 3680 1766635
1984 6020 1233371
345 8980 1333003
4805 6250 159453
9393 9155 2358732
153 6627 1431263
6997 93 609630
6350 7693 28918
2474 7690 782505
2481 8534 300435
9374 1384 829497
7620 4172 2943676
9134 4395 1448265
6325 6776 1061356
9202 2590 142086
4420 3145 204445
372 3472 2055633
687 4600 484373
1143 8027 129028
8291 4698 444983
8459 9638 568344
3525 4671 1619979
7012 2200 901147
7148 6535 498393
8506 5777 899256
7717 452 89128
5953 4022 1864572
8672 1730 2374369
1679 3089 32657
6669 4067 193707
4459 4510 1202670
3468 8857 92071
3623 9644 1890643
8985 1709 2610147
1381 2501 325388
8295 9755 2486967
6170 5066 2138541
