94
9780 3213 620864
8397 7526 501792
8768 5714 171111
8875 93 3157886
426 4742 366245
2007 5988 232351
9376 1033 390832
9724 3909 2580832
1035 966 999347
6065 4594 902573
9201 9350 380543
6517 4552 957928
4162 9595 1974662
1232 5547 1083156
5603 7927 46822
6030 3836 2459051
3274 4339 2227902
6880 624 331999
5350 9309 1790264
5647 4576 768114
7011 3832 110025
3036 5316 14647
8983 5979 1107822
5330 3411 353392
1911 4953 116692
322 3453 918298
5330 5989 619972
4248 5859 369634
5630 2660 2072836
7189 5006 530528
9386 8504 50069
273 2391 787098
7436 3985 271162
2505 1696 2994191
9176 4201 720006
8519 5570 28751
6036 9793 131451
7411 611 3171432
3376 4336 311818
7755 9240 454026
9352 5011 164277
6975 431 340648
8318 4026 127820
3027 108 561950
7747 9968 204183
1039 5658 968325
6452 9073 900915
9910 3170 2609652
5931 9900 645329
5324 3250 3259216
6214 7202 1026256
720 5271 2746727
1756 706 964327
5311 5626 1185908
2468 832 94589
1339 4676 4715790
3217 8830 659777
2717 2102 4211389
366 7420 114863
3126 53 670345
6962 2479 2097260
4738 1225 93537
4231 4239 1716086
5871 2312 2502741
984 714 768486
3740 7518 200882
3000 456 25503
46 2726 1641119
7947 6821 29377
3331 1287 1130198
7173 8103 213054
7932 7259 764325
4045 2100 4397532
8313 790 162064
5842 6996 325740
9583 7386 674984
6527 5078 1479480
9015 6193 705787
190 8515 388916
6928 893 1065311
2803 2078 75704
6480 6702 1650635
5513 1567 2058750
9397 263 713096
151 7755 1031217
7680 9977 333830
3204 2886 1112518
2101 746 610783
7953 4533 2878598
5882 5028 876757
1889 9548 153328
3101 7987 142517
7334 7427 2163301
1682 380 2566174
