50
5207 3423 4220646
9328 1973 2379065
638 6987 1655274
7394 2159 2308412
9875 5980 369053
6373 2029 761464
3563 5127 4007177
8835 9768 535886
797 2706 1858822
2737 3113 1051555
9881 6254 3918754
339 2337 536998
2562 9340 1057930
2021 8389 2053827
9911 8124 2874359
9874 1026 1355304
571 1508 3696382
5443 2716 47478
6449 4828 604537
6409 8688 3799656
3380 8306 2642171
2143 7123 1189795
3656 2025 3531505
5703 338 2118517
9797 7503 1752186
5180 6091 6213413
9372 8867 2183091
6343 2163 841427
4156 8840 6467155
4450 7403 1046246
4433 9601 2583853
7182 9839 1250957
2341 673 45820
5975 2885 2394436
2603 9919 206017
6560 9272 1763657
2970 5771 3366211
3363 6093 552362
1567 4522 686676
3939 4844 518419
4931 2587 323025
2059 4806 1013729
1301 7950 7562089
3681 6412 452440
6022 7808 2165166
1587 6431 8186
8113 3249 2208415
638 5558 3548376
6004 4758 79725
5024 6077 2192356
