78
6200 1023 1965033
6786 4092 2552513
10 7792 4013206
6923 2165 642125
193 9985 2809074
5735 1018 480662
177 5200 859337
986 1458 1606448
5470 7871 850802
2840 8734 2798938
8117 8129 2497746
9016 4695 1826105
7999 6763 895088
6631 2060 624466
225 9931 2973939
2736 2818 405581
4630 9329 1660801
113 2631 415452
1620 8742 871331
4779 7916 1649407
2204 6538 2045266
3369 2153 517558
53 7997 1989026
3684 9650 692253
7 9932 449482
2428 2850 326579
317 2616 1633828
1963 3887 2297662
402 7951 3442750
53 8822 4021221
9614 3470 174070
9725 8464 949346
8732 8858 1367148
808 8699 1213485
3602 9274 2200548
834 6828 765641
8305 1203 341882
7802 8108 1659643
8310 7017 191669
5362 2775 549141
9989 4114 1050575
9961 8133 1761161
2022 271 591805
1830 3432 447223
900 2419 43575
7301 1325 1819827
9083 6724 2433274
4277 6328 5025221
4404 1847 810193
7784 2983 1530397
5083 3166 860233
2320 659 3197778
9514 758 297113
8441 6881 1158031
9501 8807 183226
9360 5801 85261
9688 9666 694874
2493 9030 661724
9963 2949 333362
1150 5972 59180
2720 9651 171482
9433 9380 315829
721 5592 896873
4730 4810 1587488
1022 6857 1318973
5945 1102 448159
3142 8091 799454
573 349 1919400
5181 9799 20351
5766 683 480410
9061 1362 3690802
7750 2246 742864
3901 7786 1119682
5951 4839 200758
8744 8193 12111
8956 6882 1151528
2885 5950 2232096
1056 2901 621455
