194
4530 609 763694
1864 5442 207753
4989 9672 71153
3124 2494 311145
2151 2276 1739347
6965 6831 362824
280 6733 497299
3574 5241 970317
9121 530 426381
2048 1683 505734
2538 7653 244020
7633 7955 173257
6932 9262 651120
9590 6632 878121
1733 5831 350182
9303 1179 22918
1040 8141 268066
8755 2895 338325
1924 5307 37810
1133 4783 804905
1069 1147 213147
51 7850 17376
4771 9898 9269
9233 3282 421235
2942 573 955378
7414 5288 1456002
2951 5825 493044
6174 853 72352
6691 7013 578313
7763 2686 1333933
4397 2098 601913
7776 3925 327729
3371 5379 378817
5100 4973 478006
6551 124 74816
7166 3583 265494
7004 183 1384850
8544 1218 820243
7881 1309 340488
6183 597 358603
5617 9655 742512
3042 5403 197370
7026 7242 743380
5805 3007 245991
3509 9098 739305
8313 8042 1211410
2856 5914 34521
2673 4598 735078
7091 7765 530164
6319 9639 107634
9734 8223 393289
9811 6676 315531
9641 5977 32215
5681 6525 197068
6537 235 145983
5340 2058 9624
8473 7499 72113
3510 6465 494341
8568 6518 204276
4987 29 303111
7376 2850 281718
4219 6805 432872
4987 5234 659980
6504 6230 98553
2207 5111 877852
1794 1761 173728
9849 3158 153738
8992 5546 106426
4020 3108 120092
575 7020 138516
6441 4380 792531
1923 4481 335480
6243 8387 268796
2044 3576 515932
8925 9544 96009
9181 667 768800
2210 7921 25681
9233 7240 582182
7787 4300 1423658
1794 5576 1166777
92 4532 58366
1256 8391 1080176
9107 6997 355915
8529 9187 58302
3518 7083 1177475
4942 3748 1171618
1867 1776 1359832
4678 5463 39133
6979 589 175223
9098 668 225120
4071 3396 928523
9502 5421 127396
3072 6853 632700
8454 4523 762563
3545 8040 1018245
2090 4419 389860
587 3764 38670
4537 2724 22451
9374 501 503297
9051 2605 339291
931 6848 741918
4419 4857 170887
6369 6425 352816
2580 2289 168846
224 1924 123426
2267 4323 375560
3674 1179 102718
5018 5566 234261
6177 1241 24242
9401 1952 262100
2938 6343 318931
4678 4600 86146
7570 1977 529344
6627 6006 1239613
3132 9471 2139135
9546 8362 266623
2045 262 380549
2989 8649 117139
4255 7403 143415
944 1567 563556
2513 8917 819840
7473 4600 120035
1256 1493 271730
5569 7243 1419996
8352 5995 100000
5960 8565 167076
9413 6411 379814
1685 6288 990838
3113 9302 214602
6150 6810 103346
793 7746 257232
3974 7332 889784
6337 8377 270964
6028 2544 144288
5419 9476 206592
6478 2461 77884
8202 3320 29109
2784 5561 123652
5407 2181 267859
9285 6453 407126
2572 8056 371094
2593 2335 521815
2080 9238 81156
8379 1886 214625
7886 2942 7469
5385 9378 2981
5891 8905 306532
8779 8428 1273624
5282 3609 801875
967 3699 246583
1736 3892 442841
1475 8818 105129
5681 8359 3312180
381 8264 230655
9582 771 153885
4984 8178 332268
1660 3186 1058384
2843 1776 69666
1271 3071 413635
152 1108 2275035
1591 2701 774277
5878 6750 252664
4323 1597 203325
8425 6426 123991
3900 6788 1422305
1334 3109 2543234
1690 7087 468620
6321 1775 168235
5859 6250 253028
9784 157 1159912
3743 6189 1667014
5442 2374 122840
4391 2788 3592741
8237 6251 393056
7402 5589 245649
2738 8501 1673148
581 7762 126335
944 4431 4814
4734 7764 55577
6845 575 1014494
1294 8233 960546
8132 57 1276816
1446 7976 1369285
6276 3337 5928
302 6428 636862
825 7400 190650
8605 525 235973
7336 1962 1148449
4444 7640 147313
1806 2656 45584
7866 8954 1067209
6556 2278 218406
6181 1272 1207079
1363 5124 256445
