122
6308 7182 188168
2418 7515 493287
6483 1965 121669
1530 6889 62942
9585 1547 636997
7175 7370 125829
4418 6627 266480
1852 297 265119
2437 453 836962
1916 7958 257958
4456 6845 660579
9779 3067 521547
4320 3390 612508
9987 6884 777415
1484 8173 498872
4975 6889 1601734
6646 7958 378860
5121 8891 1085313
6126 2119 1265557
3452 7707 118866
9422 6239 4663634
9019 3745 644265
7378 1692 386566
2044 3887 22221
7017 7237 104680
3281 1128 398428
3121 349 295155
9781 2334 1116449
780 7043 967948
7848 1980 524269
2718 4758 83790
2581 8773 314439
7961 1385 1711110
965 2935 10662
8303 977 697474
4220 5243 1756096
5945 5902 211998
5004 8115 1211103
3976 5659 811670
4564 5211 8269
8704 8330 422122
9508 5938 78968
1037 2608 121093
2941 6832 5627342
9161 5869 484294
8955 5065 625306
9159 7709 859846
7976 1588 184756
2737 9512 332457
5056 2414 1052387
6443 568 2660883
4071 8614 518618
6514 5188 318634
7836 187 2529934
3587 3437 2524797
2550 3375 4835696
5379 574 418202
783 3547 91540
1269 6194 252144
7230 4819 1301543
5688 6949 2366739
3928 7049 174227
2739 5062 555175
193 9045 60769
9970 2967 128206
9903 4690 47113
1276 6142 1565879
7861 5843 175483
4465 9530 2371353
5334 2778 10274
6352 7378 225853
4835 803 869063
2492 8758 1959084
947 4584 276712
3301 3246 1781832
2790 8024 1512702
2540 5491 1940628
2019 3996 493613
2573 9767 1017102
3411 7282 534907
4395 6940 685324
1279 1615 540710
5570 3255 116018
5534 4890 1071613
5777 9518 978048
4601 8851 1226552
9717 8529 1013062
2263 9602 657694
3311 7496 339969
7112 8239 528308
8326 2377 569783
9300 6505 1224332
995 6285 495871
3597 8707 58844
1608 5120 525306
7451 4178 207212
5548 854 1190102
6639 8496 842634
9168 6299 336773
9180 5793 887425
401 7294 202627
3717 9636 1618650
2248 6452 158456
8067 3234 506136
3535 2753 1933271
1087 2157 596764
3415 3542 563309
8116 48 449363
8343 5528 1493224
3811 5503 1376537
2273 4125 104676
2192 6770 200893
7088 307 99693
232 5793 463046
4032 1404 197000
8153 2193 1632675
3072 13 176472
768 8023 1026490
2695 8869 1157874
4178 9566 481474
1347 8073 614398
3333 74 1427228
