135
5260 8805 2397279
8063 8099 1082968
64 4869 919553
6664 9017 49654
7142 3590 571
3069 9515 757845
4147 1705 2057139
1011 4692 397614
7281 3737 520211
314 5510 242006
7989 5888 1122425
4197 6677 276569
134 7383 1316267
8540 2144 77584
7149 8140 494984
3373 1156 556039
3064 4134 1227359
4076 5305 454008
4696 579 6649663
7441 7564 735583
8514 9768 809972
5397 6275 46269
6426 1359 1059670
3668 6152 315227
2731 4005 172190
8772 5573 148942
3369 8902 1186447
3718 107 2158442
8442 5226 421185
6448 614 272055
1716 8980 197935
8086 9692 97904
6055 3128 51958
6549 6741 419821
3594 9347 269346
9388 2189 1991954
5745 1472 267990
4198 3093 1596324
8600 1762 1926088
5898 253 561344
6065 9305 538828
6102 5435 190872
3094 4442 215144
4955 7167 3039904
7804 4414 244193
4984 2136 1521312
4930 6488 599935
2464 6321 869157
1761 4166 928871
8087 1650 541557
2069 5021 862245
2969 9678 264835
5469 5689 194772
9756 1992 136660
3864 7606 256154
8393 6195 326220
120 6146 1462304
3070 553 1620399
577 373 157460
1699 9309 255196
2961 844 1281239
7271 6494 337548
7860 52 349976
3510 6474 778367
7337 6326 432052
1241 2729 501218
1027 2731 874658
933 5677 1357021
7619 7802 58562
351 8726 238241
8310 3006 367821
3515 5999 72577
8658 8199 525176
7712 7801 816673
2165 9039 955564
8180 8490 449519
7474 9209 710228
5030 7995 113317
4606 4646 1869009
3992 8460 677413
5168 1364 130244
9220 6637 1454677
4247 5629 1974038
4914 2875 438843
4191 5966 933789
2545 6222 95406
7052 6481 868596
6605 4541 700780
8417 6751 44672
4680 583 591656
5709 4867 231215
9106 5511 1916475
788 5790 34162
7767 5114 29578
7071 1996 732017
2016 5008 368632
9617 1473 1274632
723 5587 72696
2764 7647 1247056
1433 7269 933828
1836 8844 77632
5808 1349 214528
5948 9432 226653
3454 1163 1620758
2428 3378 1147313
1612 5646 207081
9923 4298 254460
9225 6992 992916
8394 6330 39173
3650 9485 639855
7445 4617 2348585
5957 9138 247353
7182 4126 65760
7846 7410 674407
498 5218 1557072
9934 7195 403234
8590 2834 307418
7026 5098 1145619
4110 7798 242155
9951 1164 1229880
340 9977 113545
7512 3835 245388
448 662 944947
2879 2953 748278
9023 5504 473919
1215 5079 256783
9410 2684 334335
403 6407 407754
2651 5493 2316527
2724 5341 1209444
6382 3663 241576
2271 1887 1606675
925 1688 12532
3340 3799 623190
5431 2134 451682
