185
9696 7120 306530
4293 8186 144330
1534 3631 947848
9294 7234 257425
5240 8786 286066
2003 8386 356924
5258 9733 131714
9729 2809 240467
1188 8440 364726
6771 6498 1142807
6010 6664 201786
1949 9755 690119
9342 450 253527
8362 2513 1078249
8902 4243 412441
8558 5166 722697
7495 4751 125912
374 5190 15645
8853 4909 669356
9121 5968 1068149
1878 3058 165975
3165 2276 751013
2070 2374 540348
7697 2400 286026
6058 2575 129566
5959 1008 125882
6710 7441 1378639
6330 2740 94557
6399 1475 729248
3775 1810 181125
5519 4508 264230
1472 7162 4719
9430 8619 438014
6180 9017 219730
6522 3137 917593
2716 2537 120819
5898 3792 1446177
4119 4044 281295
416 505 522020
6085 5005 965553
8334 4585 476383
3491 1291 28335
5891 441 270778
9210 402 74351
4650 5181 52358
3885 3384 643123
5776 8543 335163
3541 1886 532433
8915 884 352683
8739 403 937944
2999 4227 493095
3272 1570 255872
8543 4037 299252
389 5955 340326
3798 9284 294578
150 7239 323974
913 6249 1445975
2285 4766 612456
1145 7568 788789
5186 7758 308826
5340 379 398954
1719 2987 144170
216 9465 41725
9135 9643 188084
7251 2829 981856
8857 6262 219722
1674 1074 128279
3779 2449 682700
5976 2417 804916
917 7340 109202
2389 346 58599
926 5109 65282
9212 5172 257315
9861 7533 1471028
6267 3877 550214
9123 8236 292258
7360 6375 693043
4970 1390 765238
1399 4754 927749
1410 4687 1084906
3729 2108 449286
5991 999 111175
4233 6598 320531
8693 5975 582897
1022 1221 349825
4528 549 95458
1663 3260 280118
7776 1377 112147
9095 3705 614811
5494 8829 15735
2827 3257 2059484
5765 6509 300874
5867 6892 827148
5870 9082 724711
1686 9385 387387
385 9961 1808751
1280 1600 493893
6131 8799 247371
7835 8057 408054
2953 8414 837632
790 3876 536806
5582 5257 169776
5049 3798 1747035
1737 5441 718448
6202 333 269234
5996 7960 599981
3675 4453 1047623
8014 1598 176044
8252 8222 353903
5076 6497 386689
9665 1424 185319
2004 4099 657236
9586 5358 804785
6016 3722 120580
4617 4269 141991
8112 4188 74963
603 4790 987354
4274 9208 916341
7914 9978 369427
814 4681 462991
8615 672 1199175
5823 8603 870775
4646 6103 416503
7955 7711 191736
9964 8875 129415
2046 5583 72920
9000 1978 413508
557 93 52371
2020 2619 148579
8069 6303 1817676
5212 1449 31824
4212 3643 1663176
634 2885 378725
1035 4744 374715
1469 7004 151106
8379 5096 326910
7361 6615 71347
9861 2333 619866
5993 6241 694152
7231 2645 287470
6406 7271 959734
5579 7671 22173
3401 5361 471009
4757 2529 363544
5792 8200 325238
2339 6424 255581
107 6391 2396031
8959 8613 1633862
1840 9973 66578
5140 1352 1383466
4140 3376 167985
5138 9037 485523
5181 4615 18914
7422 523 1005678
9345 7065 300277
8563 4632 181144
7493 3288 2170988
1150 6338 447148
1678 5219 429991
6593 452 615105
9482 6550 2167973
2620 288 370217
7265 847 166914
4520 8603 65203
7735 5811 569011
9917 6446 329105
1067 9211 1765951
2774 6845 1626428
3637 3027 635392
9632 9436 1049040
7656 179 2109176
9790 6490 545788
692 9486 403790
9482 9668 81417
8000 8111 286554
4465 1975 553315
1219 2229 137884
8337 4932 1186232
3930 1194 27645
9975 7811 1037379
9496 7903 134593
2257 3263 321181
1234 5043 13731
6999 4852 97256
5276 7138 1241912
