73
3005 8890 87600
1214 8441 99954
3339 1059 3639362
9037 5166 1376349
6620 9769 2051151
6422 7048 1104928
2429 9366 2650100
6381 6079 3002739
6909 2628 2006849
4657 6488 2589118
3457 1325 1025312
3194 6750 1610809
2400 4040 2927056
8866 6486 273143
754 3155 88791
3182 5715 46361
9245 6103 2888973
6649 953 44113
1191 6114 1570070
9719 5404 934184
7752 2719 2435794
8083 5350 645242
1957 5190 1942540
3670 9049 489702
3964 9708 1642099
4359 8802 633046
1168 6203 1413398
9798 8543 1004946
5105 2925 2058867
8944 5307 3419031
7892 3928 1123674
7158 9706 414512
6637 5320 61047
4548 362 475102
9242 8669 5565223
292 7710 1813470
4541 3715 2850530
9116 5321 2892751
8091 3047 1628093
4084 4931 471534
1344 6636 71280
8073 455 1648089
2745 3400 2278467
7142 1663 2136090
6726 8628 114627
3648 1604 642359
9249 7839 609429
4341 1800 2056624
6803 663 2396411
7853 6987 1920500
1432 3040 590583
4196 580 927233
7150 8883 304041
426 9922 1111349
4582 8204 68852
5178 3554 3280444
5962 7653 369069
4557 1331 228268
8632 7582 1118600
3474 4499 347692
4689 9528 2649040
8869 3612 273564
8273 9136 181726
1415 3488 3868046
9413 4811 107969
7183 1535 834194
3850 314 230255
9402 2758 2879585
8710 8378 1120859
383 1739 963322
8275 8618 1267390
6369 2541 366989
6849 5460 39491
