180
6175 8055 342285
6015 2222 994584
5139 3963 38141
4580 3564 918054
5667 802 2508188
9637 2849 482927
6350 9287 302587
3384 4031 45063
7728 2978 403961
5337 243 13099
2952 6887 679251
6094 1361 109783
1758 9394 1082995
8881 4526 410574
7645 4083 275178
1484 9793 4339
3312 8153 42530
4413 450 108268
5177 1655 18673
2113 8413 66321
5321 7593 1735229
8938 2524 162487
1117 2852 3578601
1872 6697 471116
4568 9668 215090
8907 4302 725270
2193 5333 468558
3759 765 331615
1031 7556 1467684
5933 1070 1191590
4613 8707 21407
1563 4799 440115
940 3103 461289
9696 6882 32902
9225 5575 629372
3354 5283 316893
5865 8327 414704
9642 500 371596
492 6869 691066
9953 226 1272685
4857 4035 34505
4459 3578 659080
2714 9338 1211604
3237 3415 798820
4319 1051 93722
4958 9208 89853
7142 2951 134456
9630 4589 742541
391 7523 133868
468 5986 425002
4604 5416 960817
2030 7001 762325
9946 4044 107704
689 2107 1248858
201 717 4629
9234 2638 1312403
1768 290 1155230
5210 2004 717274
7264 7990 425972
2195 7865 386055
26 6858 485220
1948 1761 87760
9749 8615 584389
6730 5924 2113816
3127 4665 459969
9267 6903 802828
5027 9066 67819
2827 1500 279143
8478 5626 179215
9236 6862 1066803
3446 3681 1320261
5303 9857 1418245
8919 5425 703361
3851 141 427168
4483 2801 1660831
9891 8308 115733
4424 9172 71233
7539 8053 637835
2679 5364 877734
8423 4892 319117
2427 856 202855
7499 621 2080498
9899 5948 417927
4756 9712 251528
815 6559 440584
8736 2343 2245431
9145 2394 531138
7931 6165 563763
4384 8124 867428
5633 563 91006
4371 5187 190201
8667 9849 45286
7809 8271 672878
1984 5489 43238
8631 7100 795431
9594 3472 486594
806 1959 777904
3429 9963 51726
3523 2550 1548318
6599 8733 153293
3199 1624 700166
2568 6525 42742
7390 3997 342573
2749 6804 122338
5329 7116 555905
1037 3068 207135
1 1309 189350
9072 4390 270840
9709 1644 327661
6062 7341 259792
9924 5489 2024
3000 5561 918504
3572 5119 153784
702 5000 1933
2062 6584 133689
8389 6147 36775
1443 4526 451797
9912 2745 129958
3559 7779 342200
5463 6607 291724
6021 448 1420024
9301 6588 159064
62 7055 38099
6156 3105 545352
4136 1352 484078
4665 5493 204482
7961 7566 305496
8766 941 376816
6028 5781 515324
9923 8138 365339
8746 6938 727827
9635 2725 1875397
1858 6157 238171
6445 8027 209621
7009 8228 357929
7522 1620 762475
6305 3438 685652
8458 593 581402
6765 2823 1231712
5794 8773 336517
49 3418 309532
4276 4357 39417
4763 324 214907
3365 1393 1019789
4396 7000 92506
8649 9568 271948
4327 8040 192678
4428 9302 157068
5835 4252 29432
1662 2439 834289
8107 411 259407
3591 7003 43010
3463 2274 92172
7682 2016 1065936
6640 5308 660799
2915 3974 1708195
8814 3103 423962
6836 2804 224419
8958 2791 65395
22 4344 4592
3771 9710 6524
1785 6555 1515405
3123 3868 1628001
3285 1396 580242
8366 1519 1050680
8455 4124 206467
4569 121 592686
7476 1640 562259
9086 9202 46899
1079 9059 331289
4893 8412 93636
1946 4716 976511
8658 7351 160010
4746 2430 1164359
2237 4776 751299
3397 5265 472305
3173 2963 500154
926 2849 2136299
4356 4891 544602
7606 6544 682958
