58
7291 1287 837141
3374 4539 4156190
9736 1531 1428198
4685 5267 4052130
5411 9894 2605068
1218 9421 356061
2581 5472 555224
1967 9348 3352001
1644 6116 1052137
2378 5809 1354535
7098 615 737314
5764 827 6348468
3981 1082 1358158
6894 8635 1024288
9765 1907 2582361
3323 5695 958646
7838 1214 254715
5143 7772 209791
3047 4417 3558227
746 9321 3921602
3814 9303 3534568
8229 6560 580449
1474 7542 279388
8357 4492 1019777
5330 8978 787922
2582 1018 1076632
1250 6090 434531
1604 2290 1295470
6712 8307 823200
2422 6888 1341844
4016 3472 1287417
5218 4345 613484
8861 9775 584916
6435 763 662694
1415 8537 1330786
6419 2504 1767935
4913 3752 5832285
4835 7928 470937
8481 6215 2773136
6820 1117 3208375
6024 5586 3966055
9941 1311 2424560
6233 2062 590039
730 4636 1032039
1219 9145 466002
3704 2037 1437807
7800 3338 2013810
3746 1542 1421619
6481 5914 2009129
8234 7319 122026
7675 8299 3374126
5638 7792 4396003
1838 707 2004993
4112 2846 300165
8715 582 1168552
7247 280 492550
3073 692 1963517
5117 4359 409007
