133
17 2324 907275
8435 2619 145107
7409 5747 1778066
3167 9376 542702
6977 6145 209295
890 6651 471529
1415 2863 646247
784 5167 1443654
5936 7114 374895
1274 5136 309126
9472 7845 1020625
2907 6182 869769
3990 2227 1154877
6259 9964 5743
6121 5613 1093520
599 4804 137846
8111 6703 1571633
199 8315 396724
1851 8796 3447032
5885 20 1188408
9967 2801 210427
6925 6766 1455849
7749 672 183155
5460 4041 37714
5499 8437 882074
8623 7576 12036
8256 333 1922271
9966 6195 467795
980 7616 216662
6419 261 2320932
3685 7196 1178869
8087 8122 390058
5977 8714 17811
350 1080 272539
9721 1016 623937
1647 9191 478952
1280 4104 1080535
3096 2455 2239513
5260 4394 65588
2794 4474 465615
1867 7991 1815703
4321 1246 498735
871 8005 545589
256 5196 230546
9619 3195 885003
3140 6450 67417
1946 6506 1258662
9898 4222 699104
5062 5446 1318819
7543 8739 141285
1205 6061 84552
507 3244 173017
8990 6131 93541
5354 9753 278098
7564 4489 32985
7614 6095 729318
7824 1699 2721753
9781 9434 1227577
316 395 810408
9655 7858 1003010
9241 9935 2070651
6106 8142 111162
1120 4226 442127
7280 8618 119879
2203 7178 730382
1518 1534 645514
874 6639 227686
9643 3271 191170
1399 3404 1124652
333 3940 2543371
1766 4541 101453
1835 4235 371618
8688 8439 3074839
9478 1929 447738
4385 5648 1057652
7742 6899 85268
460 1006 612758
3453 6972 2003629
605 4539 123016
6078 1513 17187
2136 4617 25731
454 3990 351344
7717 5692 432643
1457 8430 625746
7344 3577 70025
6844 6266 233487
3539 6079 934303
6538 4293 1407717
8836 6041 1416046
7719 2964 532572
1837 7335 752817
1917 2813 174071
3589 9342 1142931
8032 8396 96509
5133 9437 106286
9131 6679 179134
3998 3311 27552
4944 3091 761434
5533 6252 1434316
7310 8717 213205
6277 7131 727515
1684 5095 101579
7632 3177 606103
1162 6373 212459
5395 7265 820677
1025 9586 219506
9198 7603 850960
6215 614 493101
8963 3845 231210
9696 9654 183124
9641 1666 663451
6365 8292 1077295
9866 245 279344
1125 4963 315688
4930 2313 997407
1205 7682 3865199
6294 5921 1881884
2263 9158 1907164
3190 3862 892646
5663 5088 1000095
8028 4576 763411
2226 8517 1137018
5033 1709 587973
3525 5810 128943
3509 7671 746602
6039 5147 1442071
3574 183 59866
1652 6400 810118
3756 4271 474036
9754 9391 305930
7872 4563 1542146
4948 947 127619
6321 5826 676712
