140
9178 1328 548655
5921 9007 1416129
7350 5870 1108398
7110 2505 134299
8757 9272 1132114
7638 9279 333539
326 5728 1550913
2463 736 61379
8424 2666 16133
7535 9060 88439
3823 439 213536
8648 5405 264525
9489 6767 74726
9701 5241 527327
3069 6359 1005953
9355 8965 481744
7203 2261 1003389
8195 4803 571114
8557 9665 548661
5691 1895 653422
8264 7450 301467
6214 2818 141780
3063 3975 278415
7819 6434 123701
606 9903 172379
2820 3880 286542
2428 1183 450687
9855 4281 1958620
6417 2176 493766
9681 9208 658495
6476 1834 44748
4862 191 422425
870 3030 231531
2347 1425 262758
8670 1462 507961
2806 6377 229932
9087 8686 567776
3797 4727 4180139
6701 5734 166858
496 6301 53031
792 9907 386648
1884 1630 16920
8072 8230 423024
4742 7493 734187
5077 8961 208238
266 1321 94287
2679 9991 106307
8361 9986 1948773
4010 5340 1410281
282 2668 577152
590 195 1704577
3274 9463 1427106
385 9443 2260100
6838 4540 112175
8452 5452 3503201
5295 7845 310057
2113 3234 703568
1497 9875 2494716
9108 2492 8353
8648 6789 1406347
2245 7150 305676
6614 8480 538627
6875 6652 84703
6269 2755 804078
7007 3673 625004
4545 2503 271296
1892 6795 488834
895 6615 1741910
9223 4464 317538
5919 8535 749076
2673 2145 276407
735 183 522421
3319 3900 324082
6285 1065 1211426
3795 6546 17506
4399 4416 1870078
848 7198 402701
9867 1256 160338
5838 8798 1507797
2868 4251 7309
5442 6845 375711
5783 3904 466935
5277 900 715822
1867 7248 370543
553 3066 2390129
8152 9998 280249
2341 6859 982110
955 77 949973
392 9686 509030
1356 1036 1086602
7111 9616 116313
8588 7999 858335
3974 3721 1270482
7726 2765 997151
5220 1391 188924
3246 7151 724545
1752 6927 2076654
6467 4854 715176
3924 9682 309320
8346 1046 7733
2239 1359 218203
8234 8165 212299
6136 719 394287
6751 6069 1754161
9601 1190 205108
1877 1893 3615193
3978 1211 178145
9443 8961 468665
5574 2374 24869
6036 2293 492752
3302 3239 236262
5947 5692 2353795
4389 6505 666962
5687 271 1095595
6555 1546 434053
824 9845 57051
1227 4915 1733304
2347 2997 2794
2388 6140 1071632
4251 2112 473922
295 7911 216133
8335 5344 329012
9435 1560 611006
5990 6545 588923
119 9090 105466
1811 9156 818117
92 8964 292527
7210 1189 1144273
4996 119 128769
8299 8290 1213055
1203 197 2476419
1112 4063 1900250
5210 3279 372564
1178 7426 370271
6573 3848 307498
3672 1219 766880
3301 4166 581552
9087 1604 666674
9893 7108 639228
7758 6876 60364
