92
7612 7991 678054
2346 1640 3977236
1053 399 1248736
6177 3895 543319
5698 5872 1483611
123 7626 978321
3984 954 258201
9203 139 352540
5660 5877 1141101
3252 6956 490907
5228 1870 148349
1587 9855 1119217
9779 8090 96776
1932 8777 168858
2332 2352 253877
5767 4780 2285649
7526 2704 1352237
7613 439 1237365
2731 5461 1063373
4426 9567 1592668
3871 2892 771774
6513 6837 325716
5388 6610 1160570
4242 1169 943835
9615 5717 2591946
4566 7299 432762
2277 6903 180693
5637 3954 1294836
8671 9335 47447
2036 5458 673971
2822 58 672026
1657 1426 809895
2128 5296 1322173
7657 1547 287351
1473 9700 204600
647 2456 3973953
6330 45 3624204
2936 3982 1817305
5349 6932 626052
5331 8074 917459
5310 6352 547186
9498 6518 986307
4699 7525 1288205
3099 6257 1485752
8658 3313 2304165
9708 5453 284784
7141 5547 1858765
5394 544 693587
2825 7912 239188
8615 7736 43428
2003 3968 1080803
4540 2221 22525
878 1916 647572
8692 4186 1821450
7334 9829 1322818
2283 816 1249658
8134 1269 1057007
4797 5997 179861
5321 207 2799381
8826 6069 1526300
6247 3143 1562948
153 7318 1609386
1219 9075 676079
2277 3210 467864
8577 6421 2531861
3449 7688 1960998
605 5930 1094225
3920 1013 2943577
9147 925 177159
6027 4259 234495
894 4466 398597
1262 3863 1503718
6511 1152 28522
3966 2501 883473
6074 3714 1070888
5290 6896 308883
2036 674 556896
7931 130 255706
2763 2345 1754321
1145 4779 941023
1063 9543 549590
5116 7822 1295222
7530 7380 1166919
8481 8588 2196146
5199 3216 2456537
1176 3118 221065
3930 4 1357426
8065 2377 671045
5100 9498 780118
3701 4280 1155662
6943 7275 945117
4569 1595 1656829
