101
6291 383 546096
2275 6239 996856
7947 1452 661625
765 1609 229826
3122 8137 600506
7222 9537 942218
4053 1683 1007195
1602 9526 209850
3838 3644 1425723
4933 9483 2209636
1245 8972 232514
9031 3514 257701
6002 4309 1075772
4467 2732 226094
3594 4325 1602565
53 9518 765490
1814 7438 326645
7435 7485 1103049
7330 9855 1416051
509 858 274661
6896 1306 2170776
3080 1760 2434062
945 8402 23980
1450 5146 1404934
8551 1600 1147501
8405 3759 1105882
6733 9627 611183
951 2638 1055184
2251 2111 26851
3822 9365 448514
56 7864 445395
8708 3402 465387
4019 8530 245590
1512 7264 742491
6072 9945 4926686
1736 6127 64905
5651 9248 2238876
5930 4916 1015208
3800 2289 365345
6312 1449 240292
1499 9144 366533
5794 8627 1060243
1830 5834 315648
7677 840 194330
4503 787 920723
5115 9914 3131
7133 6279 245621
3837 2560 78440
6020 3256 1676923
5509 3972 1124110
8623 5854 826697
3878 1957 1368416
9831 2070 316188
6009 3417 1295577
7773 5635 1900762
2679 6676 1318880
3661 1301 146159
7113 4044 1959806
121 4589 1894586
6494 8097 535309
2613 2993 24881
6152 1105 945613
4151 3383 240617
9327 8366 139186
4800 5375 2425000
496 4062 1167811
9380 8569 238785
8434 9196 1264354
2230 6781 556392
4942 1907 50357
1470 5176 495967
2564 7255 56890
8882 1131 986645
5628 9603 1278436
9174 2603 1885581
1230 1488 1525109
6526 688 926299
2190 8047 172012
6695 3078 1106966
9312 2640 134300
7914 7120 1284559
7908 9392 1168419
3835 7928 901206
5540 3224 2012697
3386 6482 3321462
9300 2711 243067
8701 2904 716331
8705 3812 812520
4835 5994 159550
6379 4789 2022002
6762 1705 564987
2353 9938 958858
7617 7962 1386862
9736 6476 1646345
23 2333 1698728
2625 7886 2949216
7916 9715 173467
3146 4636 26113
6856 391 3900669
3353 4141 735445
7253 5663 2859099
