100
1355 5156 255151
9049 8356 829980
4609 9129 633819
2649 5356 950435
4413 8412 776577
5936 4323 116128
6311 3714 999920
6514 7040 115172
8066 1974 367843
2964 5522 430519
3681 5548 422483
6697 2775 1574818
9505 5919 97149
6260 4687 1152088
1926 9481 18104
3454 6182 2765680
3676 7370 88909
8036 6387 1632133
7990 8614 396494
8579 7847 945969
3086 9596 636657
9246 8649 166743
1285 4846 1659994
1829 8771 110941
5035 6858 130826
7011 6525 1330382
6511 7063 2102012
4096 8811 92141
4902 157 750808
1997 2917 1799021
9356 6826 14235
6296 9915 36143
3425 4209 138863
6158 6962 2277496
1776 661 363653
7645 8291 15634
5507 9873 198954
7411 9221 296754
364 5252 67454
7499 8470 62102
8528 9691 332795
2795 6227 786449
1353 9330 1155026
1206 5703 828207
1387 9827 4694
2652 1173 1496464
1593 4109 728849
5533 408 983365
8308 8327 4214776
7278 6714 63226
6035 2425 550836
6590 5296 664511
6494 3825 479979
8450 3370 414631
5894 1444 2006237
5263 7233 758647
2223 639 244394
9050 852 1624422
6478 7733 1266236
2187 409 4017941
4612 418 872191
1766 7631 2257477
7026 105 1225140
9389 907 199120
9479 1 778798
8239 9545 745387
5504 1352 350622
9552 9082 41024
4780 8177 270526
9941 5139 593081
1931 2557 818341
2100 4624 1886770
5156 597 2514610
4392 5244 844314
2149 9129 1070920
4101 3493 699377
456 957 1203794
1368 1106 871978
9440 3425 1081945
7868 8443 5497793
7977 1921 368701
5639 1232 4268025
76 5081 1206914
7946 9915 965877
7800 4609 737191
3925 6009 913128
3869 3660 1044357
3727 873 641864
2659 6672 392244
9968 9955 414844
114 8124 977254
875 6918 2834939
6807 6709 1290885
2568 4703 927266
2690 6029 2550447
3065 6017 324
1454 9177 3494362
7794 3100 1634971
3261 2429 817469
2632 5691 1253861
