137
75 8630 24188
6675 6190 172310
4921 7369 1492171
6371 7009 1255606
31 558 1464403
1288 7947 229023
6917 234 121003
9623 4489 549712
742 7168 196624
9414 526 309543
5424 8205 212065
389 1970 2857050
826 1349 1384084
1444 1913 408023
6700 1016 667627
5756 5156 1939951
4366 9218 365003
7981 3668 475730
232 7191 358589
3063 4358 1365539
4176 6526 585237
4109 802 181380
3510 2633 147376
7236 4638 336005
7214 1031 279329
6094 7251 2207851
734 4594 739973
6847 387 124660
8058 8889 355705
9249 8351 479199
3655 5124 897059
5614 4347 426154
8630 3328 1273572
4203 4833 930207
3277 8500 1824613
3161 8151 852020
7390 5183 1137073
5265 3779 264486
8455 4341 102725
4098 2539 1068143
6211 926 15021
3370 9499 2833750
912 7555 1260254
9463 5930 566264
869 8769 664308
7767 2542 173947
4971 8475 148618
3768 7895 233536
6379 9935 566348
5335 2570 785938
8599 6450 443516
1216 4446 1107684
8941 9555 980119
6182 2610 1509984
4295 1467 18558
148 7845 325618
6542 9033 6844
9750 5210 456922
906 4293 2252761
6823 3347 586348
169 3622 152269
3410 9562 257486
4342 2258 72147
1507 4242 2210403
9677 3379 681195
5771 8462 1369848
8606 4356 103913
3270 318 12641
6101 7290 397635
614 3013 49504
1296 7934 1587219
1465 8726 142831
2090 9991 703307
2183 2167 706527
5723 4478 1506692
6910 7795 850038
1260 4166 902956
4641 6359 1020705
4273 7026 1699422
6384 7294 177735
274 9759 1473049
9725 3300 92508
9915 1446 313979
5571 363 442573
3407 2199 1101637
1659 7160 506105
6453 7497 1194570
8154 5965 84791
11 4013 262564
3952 4218 1496491
4486 1827 32410
4961 1769 254623
2981 85 317884
1261 4389 506813
494 7587 1322633
7566 7501 1101622
1329 1857 909963
6744 4998 1577674
849 6770 2320820
5598 2375 559519
3452 3865 365818
4208 2065 2225498
8298 5277 197129
8816 9952 1353093
7571 7696 239401
2396 9969 250050
294 1262 1022823
5731 6278 329570
8031 8952 814437
7814 3592 1547185
2968 7065 194368
1868 6528 416763
8278 4826 892676
7296 2932 530358
986 3676 37443
9831 2743 3366703
2244 422 169367
4075 3976 59580
6432 3643 1519430
4158 5806 60522
2712 5290 51828
1217 2435 245328
5840 554 144911
6153 5420 245375
6392 4578 79049
4775 4411 433222
7395 8811 285426
4862 7465 65245
3086 9574 980674
3226 9718 219305
528 6240 382500
1548 580 1248182
6619 9364 1576607
4927 8944 234149
2393 4064 587506
5357 187 932540
8921 4177 1221889
