153
8633 1435 1323861
8281 7768 140771
4542 36 908686
948 3779 629033
1267 7953 352779
8093 7274 149065
6870 5932 1890155
3925 6555 820439
5171 3041 185287
2529 9393 757482
1354 5636 425026
2261 5829 260607
8419 4650 239406
104 5888 2257593
7944 4736 984295
8350 672 66674
6032 2952 2014865
2444 8218 621085
1299 1530 327464
2800 8668 130019
2395 5109 933426
5481 7578 154881
3232 5593 513408
7716 1543 75311
1466 7958 854041
857 4198 664786
9300 8278 337450
7308 6810 903142
4743 2796 142107
8474 1979 840133
2432 534 962792
2712 9315 1030144
4571 1479 278873
9981 6404 177060
1130 2213 615306
1093 2044 166346
5383 1210 114488
400 155 1275532
7138 425 724507
2799 3058 215089
9987 201 246574
878 6393 328127
5359 186 248684
1723 8864 22039
3427 6336 197032
7891 8917 1298256
2157 6452 435922
8059 5444 487982
5259 3315 392173
6373 7580 735858
9541 6180 279195
6060 8324 539558
4828 2966 337979
1207 108 45861
3231 4334 494904
9079 9361 88324
2708 4920 525130
1878 2865 263952
1571 1410 89506
6185 258 78661
5767 1610 904331
8646 7291 3371891
2107 8148 2406575
8827 2820 1362832
9654 4289 713554
4049 4873 269690
6775 9494 31150
1570 219 1249354
6706 8273 1542935
6986 5269 570058
8194 3386 520515
3545 2188 236939
3885 5924 1195742
6950 7234 442372
5060 2902 49714
8805 5837 74814
8180 538 586314
7449 7643 494094
959 8359 418685
9166 7314 353516
4081 1806 332544
2536 4488 79824
8795 2463 715903
8390 2073 445278
7542 5948 720758
157 7625 3580962
1600 149 763084
5367 1396 876705
9066 6332 653503
8393 7354 173530
3607 8556 1269847
7556 1447 275971
7083 1332 617070
8526 7925 340635
7662 8003 269649
4135 1949 2284494
1710 6854 279992
1806 6663 1395395
8499 8997 1184449
5903 2585 163003
5658 6751 1634114
5422 4074 741611
8884 3467 763429
495 1535 1520219
4718 1863 863701
5459 4563 1971264
1477 451 1415414
8021 57 216957
1453 3761 404397
1824 4513 111555
8311 1935 450454
8450 2331 761472
5318 6904 1165783
335 8977 638308
2145 503 461361
2339 2406 458302
1875 8271 833917
4394 8212 437640
5710 316 488525
7989 4815 2330555
368 1068 15223
7284 4407 72257
5082 5496 401298
8150 7254 1128017
6563 4491 164880
67 2864 1082686
8440 9420 347086
7886 2735 175349
1581 2619 141294
8615 8560 2085
3121 3258 184098
133 1344 364960
1878 6370 760612
7939 2695 373359
2959 436 312509
4395 5873 874422
4742 4718 3556
7028 7143 399915
3320 1437 80465
1605 9298 672999
7209 7165 2400812
1807 1898 129089
784 3551 203898
7706 8666 134672
5836 6289 244385
4139 9624 228823
4486 5954 168650
5249 5359 759894
8946 8347 114625
9782 1883 3078874
7531 6150 255043
2838 7731 1053043
2233 6793 185342
