101
3720 5655 278972
7564 8000 230840
6912 2615 19646
7400 1565 399674
7703 5260 1559744
2060 1844 2789527
6727 6716 1101833
6155 6758 1735981
9623 2727 264935
3513 2431 636537
7110 9289 300914
7624 4849 901671
9353 7822 483125
4078 8943 673899
2799 5340 1832256
94 4250 1128719
6012 3141 722049
9458 4316 72104
4727 1338 3219648
7546 1523 1172149
7061 458 57655
6991 5866 574598
374 6870 865292
6730 4618 251252
625 8508 452081
8337 4295 903814
8100 9719 272365
289 4721 64617
8571 1830 33943
404 6290 375446
7796 4530 57048
1580 1413 1905692
9169 5308 2004087
6201 2702 1374456
5971 5648 196067
2993 2995 11411
6225 5703 528858
3667 6391 513944
3472 4819 811206
8999 3182 1977699
9058 1339 379884
8920 1505 710495
352 2625 559812
9784 9843 990686
4728 8067 415976
8247 8486 2571689
7112 1130 510
5147 8507 255613
4241 3788 146681
8903 3773 411039
4487 7533 571094
7782 5490 2312821
8965 8102 6129
3477 161 646739
2318 5944 3727345
1422 3093 416644
4165 6522 1718297
7292 8424 3013424
110 3516 622826
9286 1758 1971301
8817 6191 607618
4078 6426 2761059
5325 7093 1747211
5422 5390 1962738
5110 9199 535129
9787 4883 338498
1076 4490 3438061
8240 4985 66300
3319 4521 3301437
6357 5030 535407
5855 9159 459125
4464 9609 2420481
8966 1249 1068059
1047 378 46830
4505 5250 1150288
9064 6503 926761
4831 9506 1486298
8799 2296 2389423
9129 8471 158500
2257 19 351933
3582 4287 1110094
3555 7402 653304
6043 4052 300802
2059 8308 1634479
2348 9915 364246
5635 2866 2057141
9820 9981 370015
2695 9325 131906
2998 5917 1845242
5196 8954 1608932
1250 2807 343367
5301 2623 198544
749 4675 27156
307 3127 792122
3829 3013 349319
7309 5051 660901
6568 9874 1786262
2534 775 1384244
4090 1281 2559993
2722 2300 545871
7267 3139 1320145
