87
4305 2572 274173
3728 8013 578579
8942 9349 401205
1703 1305 249345
7107 2270 51409
959 4315 423586
8594 3368 131642
1388 9182 2649765
8673 3546 38530
1623 3500 539238
4639 7644 2372354
3015 968 1152611
1441 8201 358008
465 1851 5683942
444 9504 602749
7069 6571 250405
4529 2341 425104
4623 6725 716272
1376 3556 1231592
5003 1713 931273
967 6628 398671
4793 6558 1137394
3092 4216 1718682
7122 5097 2814069
610 3564 1429463
28 7690 388451
780 6838 247815
587 3254 1406244
6815 4334 1548866
2153 9385 1832801
1842 8734 1127973
8460 4452 1581681
5278 8182 1576448
5122 2325 264235
1694 6801 547885
8190 8951 2982247
3035 8246 436115
2134 5529 2396634
9056 5433 907169
7165 9768 342165
3206 265 831954
2856 4249 2813433
3973 6669 331519
233 4460 439827
1676 718 1973911
9675 2211 536231
9978 6477 1233403
3055 6193 258114
7505 4055 831378
4042 531 761327
5713 1235 226235
7067 7829 2702763
9137 8710 243483
5090 6541 3116131
8931 884 868696
4511 7885 915610
7347 9912 1866675
4558 3149 1212052
7363 1390 68071
9378 3489 433673
3753 8247 352435
8817 9380 3145062
4337 9757 1384329
9498 2821 889257
8935 2087 6150965
8352 1018 48070
9990 3342 88145
6573 1162 1122525
8330 5587 806775
4391 1522 1174788
1400 185 659973
2270 7904 159743
3935 7990 660438
8244 477 550041
4768 2692 1164102
3105 6502 3951421
5082 4535 2465319
7486 4635 290890
8030 9706 493617
3863 2151 2623076
5628 6824 80857
5986 8651 709649
2486 3226 315562
8674 5465 179636
9007 8356 1280359
6431 2668 1296259
8564 5817 2145431
