94
3638 3781 142514
1801 4048 440092
3212 8447 134758
5371 9315 829664
170 1259 414430
6688 1556 2343734
5937 947 2083365
3857 6010 167076
2045 9223 616484
1413 7388 2122699
6745 1351 627602
2648 1966 1185988
8599 7084 1324005
3644 9768 124932
466 7345 729079
5421 272 559262
9581 1962 228762
9420 1570 478765
505 1832 530575
4095 9866 330222
6266 3648 763268
9320 1942 1010168
1597 7607 3130135
3668 1957 124908
2481 6330 464258
161 7744 59216
7836 668 370077
5329 693 365324
907 8494 830795
1472 7295 475572
1719 6796 1618615
4004 3600 1029618
5902 8544 1836660
7067 3557 1850978
3233 719 1080484
4264 7671 3178385
2602 9367 277159
4861 6981 228335
8798 9316 1711846
8348 7091 1523647
723 5838 1771302
3403 6449 373465
793 9330 1316781
2389 5799 304884
7789 2010 1591308
3754 3346 2441159
5545 2203 3556005
8368 2502 234999
4958 5423 3319410
8701 3844 294864
168 8345 757843
3114 5799 579622
2002 3821 2805693
1317 7645 3239765
6866 7512 6024244
5656 4796 1333644
1606 8303 28333
8250 6973 1988949
2971 4086 1077970
9061 9995 451307
8521 4303 2187732
6294 7459 393807
1756 8747 790652
3956 1240 292893
3812 9079 842257
9473 2406 1907828
1733 4662 817857
7771 766 2259735
9960 1172 115140
5525 5534 30849
4648 1743 111499
4636 4316 1233055
5139 9238 1812134
6437 5555 240411
9387 2305 99736
13 3235 1378172
7970 1646 234344
8909 4756 1719793
8381 1586 401785
5011 1476 67607
9789 502 242694
1649 9814 926329
5846 689 303254
5568 9482 1401567
8211 9273 2645528
5779 7967 1587344
4675 9544 68964
559 9987 670061
3878 9906 428422
819 139 782255
116 6924 1099462
75 8457 1632192
1379 1056 96926
5981 9144 342713
