142
1193 198 571227
4868 3746 1321668
661 5816 600459
622 5614 207198
2162 1871 1317896
2057 5559 836217
5725 2519 817052
2315 6774 610308
1392 908 533473
8900 4133 1026515
2673 8526 609323
8669 9987 934794
9757 8876 261730
7761 3797 52350
4588 1690 1041533
9090 7596 141891
1249 6839 30033
6933 3857 83917
8688 5572 509669
7735 3892 497995
6094 5580 344360
4037 5920 727983
9742 5011 95040
9488 5605 471754
3937 3279 950460
8966 1585 268937
2517 8812 347015
6658 1995 30331
7499 8555 822486
7306 3487 579134
2695 9208 216071
7577 4717 567386
7247 737 407781
649 7771 203031
8176 8556 90817
8455 9640 1108492
7379 5496 524541
8133 5581 1045641
3145 7093 228644
1487 6755 1110812
645 2454 982723
7838 6668 150111
6304 3055 168353
1006 7257 1042558
6459 8349 1577775
887 8893 1374088
5577 7685 151250
6904 5417 304028
2842 2459 246772
3744 420 1909696
5483 1977 775444
4513 7229 370771
5759 7033 849699
2242 9903 313377
9074 7235 669125
5032 3285 173382
8757 3464 1011403
3801 5147 268975
108 3903 1473339
6118 9996 1639203
4989 6354 20388
752 1008 108925
4737 2413 936034
6959 3892 1071562
367 8245 537770
2837 65 479339
7772 9199 1952148
9832 3828 4423
4992 3419 1206173
7240 1694 128039
3270 4087 482380
4528 7127 1479712
3424 4150 170921
8436 5375 266440
9056 4566 71457
3500 5022 111197
5677 2056 328870
658 1841 131157
4936 7689 1091877
7814 5390 401896
7870 8642 1386044
9555 4232 26063
3925 3795 356509
4834 9174 2125749
144 5095 99402
9259 6395 743559
3202 235 1796212
9128 2985 556680
3824 7060 73289
4322 6850 212980
1168 1925 1880025
7905 9366 790683
5797 3417 551167
2562 792 361929
9894 2397 440305
2236 6416 362641
9423 8331 627915
6179 5767 1898296
6726 154 1167973
673 6489 744992
9062 2746 1070389
1297 6685 781404
1637 8300 145652
2347 3259 1461439
2776 6079 1497064
5201 9238 360744
5754 2375 118065
8403 5279 1178789
6884 4333 192906
4864 4365 706580
4999 18 963087
6396 904 24714
4177 3935 32463
4499 7731 3782495
887 1476 1147799
4495 4904 146966
1181 3897 1532002
1814 903 1210192
5970 7425 1123662
7982 7288 102264
7726 3347 78930
6326 4498 103276
7103 3184 524591
9497 4963 274908
8695 4356 1107958
5215 8028 257747
3075 1588 2432430
9926 721 954829
9840 1439 436525
1265 7219 777659
9149 9142 647362
6068 6953 145726
4376 3134 107074
4011 6511 107172
8675 948 1196843
1087 5473 116187
948 2022 2535962
3532 3161 2127919
299 1707 1353194
523 1869 1331603
5284 2576 113728
6685 2658 908544
