57
7536 8082 4054695
9481 2621 348178
40 1643 279591
3568 1956 4322274
5766 6383 6974379
2460 7144 137482
8961 7889 382289
5866 5357 1651711
7830 4269 185334
2380 4972 5351443
2057 1921 216351
6259 227 1734646
8569 4268 2168752
6660 6763 1424455
3060 7502 3178661
7419 5218 263293
6998 9354 1361457
1669 6201 311975
9839 6416 802683
4354 6561 836253
4447 3095 644754
9146 4804 658013
8908 2939 2920984
931 6094 227398
7991 1351 3647345
9004 9277 4954809
1496 7142 1076545
8581 9813 535138
5788 6276 430823
9338 1190 432230
2230 8940 6280556
3180 9098 1705658
844 8647 2976498
8486 539 5857984
2283 273 511010
7553 4095 1384737
4878 8487 288154
6572 9527 1499241
7588 6734 419774
6890 2343 7440893
2483 8761 231664
1011 9528 250879
8229 7516 5314
2523 5782 288745
4193 55 474353
6489 2648 1481470
4026 8278 5637750
1567 9538 595299
3868 7244 12244
9677 319 1224345
9366 7842 1391396
4990 1257 1520370
6633 1452 1730508
6920 8701 893060
4773 197 3073218
8165 8928 90730
2551 577 1220209
