52
7907 7147 403352
2774 3331 3124606
2812 2630 3011030
7943 2523 2042202
6400 4038 3921673
3871 5263 34411
9487 2189 338623
1596 7145 908867
2480 5361 4422479
1329 9385 5169044
8321 8796 344805
5488 5836 4399289
8528 4257 6305270
6913 5528 515053
6034 8047 3784734
6866 6559 1030393
7366 3205 1211465
9376 1165 848354
6943 7513 1759204
1156 6758 4116000
3859 2564 3315419
6877 3844 1817134
5733 8286 3328430
1927 8397 4447337
1820 2643 2643669
8335 8376 81552
6905 5276 480059
3408 30 20873
2595 5375 1120374
8284 5632 3191243
9407 5642 4021828
6698 8245 1187065
4276 2150 2458438
2385 3751 1525060
1528 4305 2816870
2932 36 1521252
3595 3362 2542095
6265 17 1444077
8235 7858 1127016
3977 3185 176250
9270 4631 3441077
2659 1344 1997759
4643 5746 808452
5577 6256 369825
8446 8689 200219
7333 842 378268
9882 8967 1321799
5285 3764 1619610
9476 9455 779876
9648 1473 545302
3084 1612 505355
2820 1258 1075563
