72
6411 7996 654470
764 8521 89785
6804 749 1662092
5445 8422 662524
4805 3366 3108834
8931 824 613688
3095 3411 15685
782 3350 1338117
9774 6209 77059
3016 8692 821866
2436 8323 451
217 7535 70760
400 8983 2826953
7822 2944 27241
369 6197 7013559
7991 112 891069
8172 2992 220304
6543 4728 370621
5148 906 327125
8556 9412 348570
2731 6336 2250675
7854 8216 2725571
1323 9480 3394095
6017 7895 3047022
665 1576 285109
7990 6175 2607446
2510 305 776949
401 3421 1956706
3537 4643 489332
1746 244 2087364
5937 8913 68682
2324 4037 1063892
8509 186 2936853
8674 4677 1297100
4849 9873 1769234
1504 6835 8340241
1723 3612 3959879
6448 5134 982548
7639 6511 1160350
8210 2825 3725444
2122 8417 493875
3121 2456 1578380
2341 150 2239036
3639 5705 2796898
3195 8037 426378
2352 1288 2828395
6915 7977 986491
4385 8395 490264
3982 9804 454820
3735 5180 1032615
340 4344 19508
2058 1500 417951
7785 9033 284460
9351 1569 1736884
5270 9546 215010
8319 4034 1716704
4896 9647 3052
8165 3039 1094941
9711 8774 254641
8947 1154 354369
274 3120 31180
8807 4404 1245920
3454 848 2191154
2438 5226 292063
8155 8217 1472582
9177 6725 1977101
6015 895 2325067
5676 8251 792450
4786 6715 192396
4085 6489 2568348
7826 800 779273
9843 4383 642529
