140
2116 8917 1498047
2444 8303 796161
9595 6574 129624
4781 1180 565592
4131 789 1844563
911 1572 789518
177 8769 1048428
3114 7708 191550
9307 214 823130
6926 5523 600158
9353 8432 380332
1347 4069 13689
8693 9227 2010569
7951 3979 381075
8801 6340 719751
5888 9157 699661
2766 20 50490
1777 9318 19452
2828 8919 751633
1635 5011 1080223
7072 6818 193766
8665 2289 170879
6013 3834 140992
7923 1808 2682610
906 7213 239283
4425 9218 1773128
9882 9645 255617
9944 9610 1656654
6276 7751 1460908
2542 2576 325775
5809 70 219978
5568 6201 84991
8248 2965 17216
4204 5945 9371
2561 7220 685816
7382 4501 325909
3316 2576 579480
3009 1695 255498
722 6822 1270992
1839 7244 111367
6237 558 689399
1410 6109 276200
6597 5916 67297
2824 7618 269017
4127 8159 780458
3760 504 770423
6838 7639 725551
1208 2908 390353
9693 7029 2070404
548 1996 265460
7170 8308 1087033
7104 6314 1309243
7283 5887 1505042
2685 9282 553228
6125 361 198276
2744 8269 2272768
3910 3013 10028
5030 924 369872
3015 5717 1412837
4751 4775 186357
9124 9655 416898
1252 800 1137124
8396 9317 822200
1321 3153 434688
7372 2536 130699
2911 1040 1575448
6532 3226 192250
2371 4406 1431893
6566 2138 2893874
1172 3796 195288
1572 9756 19063
3249 8367 1778957
1484 9076 765168
5302 4821 296754
5521 457 306571
2101 1263 1802591
9392 9293 899689
8290 4710 220159
1705 8319 1522389
6226 8794 364841
1705 4997 286445
481 1714 483197
3335 407 29601
748 2517 111078
2378 3424 348735
7034 8112 1692614
2376 1221 2238670
1273 2107 880477
9990 2865 152153
8500 4192 25465
7516 1750 138725
7537 2012 380759
8721 6637 708871
4923 4081 171864
467 3160 1187561
3510 8149 71469
356 4191 180634
545 3224 423165
8346 5397 64385
4121 215 518537
8871 5468 447070
7010 8388 125786
5797 1101 2056172
1385 6916 996124
2703 2518 836435
8740 8799 721593
3053 7661 1883586
4735 6899 402351
3404 4669 195924
303 9671 1143216
3191 4523 489672
9673 4685 355920
8387 4134 289119
4518 4675 499165
6822 4895 468985
9305 7262 989618
9267 4600 2090384
2409 3528 1902917
1757 1050 341015
1558 5823 64601
7669 4029 1716452
5250 8039 380814
3783 1588 2013799
1275 2081 210010
3909 6277 71490
7116 2775 826797
3805 187 650920
9896 7742 830963
5867 9382 1620464
1628 9635 149738
7201 2251 438916
3439 2715 14377
6133 2935 552575
6816 4921 1355598
8084 986 28532
3530 766 147722
1607 6848 1388816
913 681 185816
1923 4049 646204
4235 1050 1106273
