129
3487 3917 73782
6173 3876 10502
613 9631 2166257
2514 4531 127529
6664 4128 952530
3750 2990 848697
928 7466 523149
1873 5072 911261
2177 5473 139010
6575 4567 212500
6365 1585 2773895
5569 7453 443788
6567 1943 449489
2500 6684 1490247
4213 251 696703
5596 5973 194707
6994 1855 630414
2106 4009 366875
969 6199 538284
2457 4363 1439943
5067 3736 1438933
5436 7801 741834
1174 8175 175215
6606 6256 1046876
8670 5956 555651
2770 6654 846904
6959 4816 591165
2054 5725 237440
756 9452 537629
7021 3345 143156
4630 7141 545970
512 9677 1072692
4000 7651 814692
2850 471 710124
2110 6584 121847
3781 6820 224281
3980 5579 652764
4383 6391 654928
5557 3918 1240365
1239 5561 752712
1384 487 616500
6681 5944 503572
2487 7063 2182122
8000 9184 73272
7858 5912 1491744
1765 7284 1314749
3517 6077 405748
637 771 130983
5752 5861 685635
6183 772 1267208
1961 3221 390139
700 611 108473
7083 3378 1002313
6434 5877 1633856
47 5146 1244790
5434 6537 1842866
1864 1462 308260
8665 4409 782949
485 2732 1793380
9311 9823 70037
2670 4389 64274
9017 3184 726323
3442 5872 61647
5088 7377 1098888
2897 2157 286436
7592 8025 7322
8570 2378 762358
6018 5174 931636
1966 557 46902
1405 7781 428833
570 3968 787189
8837 3118 138664
9522 3830 1564842
2577 3349 281932
2936 6175 330694
9601 2092 5117
5938 9178 572851
3286 3509 272555
1329 8683 1212159
1426 4601 644853
9060 5542 415634
3718 9908 1516277
2009 265 1732804
2242 1764 174458
872 7588 428680
749 3402 717799
3763 2760 1596543
4604 8056 380843
8842 5646 187777
4523 8121 428205
1387 5086 3101342
1967 4985 2639
4158 2002 1110362
8417 1186 595180
7923 1507 322142
5566 7666 927791
2372 6408 1038778
9599 6589 6721
9769 3035 1204984
3087 6756 1381496
5097 2785 384429
9244 4751 1714281
1966 4298 1029044
9828 5735 98752
5597 6968 46998
7488 227 998351
8126 2255 739959
9049 3128 347947
908 166 266621
8148 1532 73250
3923 8798 2167733
7580 7774 884610
3056 7577 336695
51 4845 583470
8523 1964 988792
3290 3887 3939236
6681 725 2363448
1033 2587 773699
3641 3753 378124
4063 8449 177178
2073 6605 11178
5933 3464 246703
406 928 663148
2035 8211 929046
1480 1653 1698728
490 2272 747259
1605 6413 1147966
3775 6920 1284152
8902 8951 1539937
