134
6844 6473 684819
8064 7050 38807
8508 1662 292346
9312 6912 1332379
2750 8278 66895
1865 7968 43918
3761 4382 880973
9146 9489 227551
479 8136 482912
4951 5679 889625
1998 563 1284627
934 2473 1247204
942 9398 169235
1193 2571 211131
578 7577 1874347
7175 1811 328778
1393 3348 1093690
5256 1148 1387425
3744 5168 903936
8766 8343 678177
1797 7859 891345
2074 5317 1119544
4981 1420 191402
1911 3097 347732
3357 268 321824
1683 2403 1495963
1670 1584 10820
2976 7692 1279732
7623 5423 2092321
8835 5245 494464
9737 534 199745
7114 1695 644712
8917 6942 309142
3209 1410 43648
5502 7555 1153880
9664 2483 383011
7501 3226 1648434
9512 8729 67198
6273 3429 123301
5968 6763 489724
7843 2905 117810
6423 9674 904613
3995 2574 1105478
7660 6070 76648
2450 967 1570671
2480 4622 128779
2248 5556 256790
6672 3999 338330
6695 3790 163437
8079 5930 159683
190 472 312950
54 6923 2974
4442 5004 839952
6228 4506 543845
7583 837 475947
1830 6803 259228
1180 9568 353842
4225 6028 486361
2390 768 302429
1490 5420 1538092
4582 8629 2059409
1864 7235 331428
3072 9243 704813
325 6576 3074827
5984 8606 218040
4703 5354 2462513
1774 9405 177892
149 1562 881753
1354 9419 57122
7705 1684 476257
9004 6400 449071
7930 6463 344264
3719 2438 182377
1088 8011 765099
2871 1806 728083
5851 9392 1499707
5354 3686 901261
1708 8171 265780
5024 1555 531913
9097 2002 625632
1931 882 160226
8468 5048 208986
9406 8799 774286
3757 6893 2123552
767 9961 957804
8598 7945 44105
2075 637 461910
6395 6639 563973
2245 4965 303817
8902 4070 1349403
1837 437 497382
2262 2017 584599
1443 520 22431
2451 989 2825668
6375 1987 1411961
555 5656 1121450
2640 6690 224414
8167 1345 817138
4979 4007 1570958
5796 5798 1251451
7181 4110 846770
345 6781 2986686
4560 9394 81243
5290 8154 2034154
9483 2044 412625
5776 7404 220311
7892 6240 677400
8006 9350 768406
6059 1034 1009315
7585 4177 462835
2582 6431 458349
6853 2716 52943
5104 733 606008
3446 3311 1722885
7690 3222 115232
3566 4505 358782
2912 2826 805713
5437 3290 549901
126 9630 172487
5247 9864 2620718
4670 4022 774863
3941 7781 1034820
305 942 852608
7265 6881 1288907
9771 8076 57988
6772 1217 82442
9658 811 124635
264 9103 2692934
358 9955 323931
3672 1043 445841
2632 8972 359183
9078 7755 346715
3370 4853 330155
1951 108 2944884
