73
2156 9845 357271
8449 170 88539
5558 9666 2059296
9577 8689 4776190
1410 7290 924459
4618 9951 1696039
218 3888 4839476
5495 7205 509015
691 1606 3993358
4800 4014 541913
8082 6325 125058
5406 4721 964661
4739 5286 402027
8267 1998 199679
64 9236 1354161
9474 8636 686540
2972 823 3407552
2102 1924 1139559
6160 5535 132244
9914 815 1692279
3169 5808 1968632
2226 2861 1567539
5727 9800 2244727
8784 6577 45182
2019 2194 769313
8492 7213 865579
8857 4662 1703647
3760 3780 102667
5172 6913 326074
352 3753 1117735
8806 9015 308190
9594 299 2884133
289 4586 39958
1076 9516 2844958
5469 6221 144719
21 7461 421274
2174 128 732402
1142 9512 479817
7912 1560 390040
9729 9711 836132
3139 7201 991785
2876 927 2485397
6722 1910 1073887
7621 1853 85804
1791 6311 8469
9657 5140 161448
8088 111 5583935
4429 4529 1008825
6994 3136 705321
8098 4488 919778
4751 2552 2522619
5305 9378 70785
7643 3760 369143
7454 3511 99009
6758 1460 2013005
9629 6555 270869
6729 1014 3381278
6362 983 1843398
8317 7710 4424705
8462 5220 1085485
5116 5008 606755
8158 7590 1721311
8752 3030 365372
7584 9645 1328270
200 2903 2937652
5737 4912 565514
1447 6851 3330586
522 8495 2093469
1704 5418 707719
3242 6570 2369582
9720 3339 1929628
419 4085 1530552
1294 2526 1726611
