64
7226 3545 651278
8511 3015 2831834
3094 8584 345581
5223 4616 432906
2599 1962 573181
6350 5673 3834098
6949 823 455273
930 6961 155455
4285 1761 2024046
2162 109 1383034
479 1425 1171094
2203 5540 6821448
9558 3548 384413
3697 9590 1499751
8403 3254 2210931
685 8 721692
7486 541 2264494
5261 1454 2298626
4700 6862 360148
6355 9168 886539
208 2674 1102218
1789 9616 1023418
5627 2802 1024584
3003 463 755121
6008 847 749966
6620 7994 3233297
7546 7621 4583367
7033 8824 2129318
3037 4315 1900330
7272 389 261127
8109 6640 2143246
1929 7519 73732
8355 1089 6878191
678 252 5158353
7381 7788 2818247
5982 5189 663170
910 377 124648
1462 8375 10426
8780 5207 1051458
3427 9306 429807
9581 2435 978427
1495 5413 1303059
4984 1139 7560421
2812 2354 2126173
2630 6306 677330
6293 3247 1225852
5758 4703 535084
4385 2874 730473
9175 6556 723067
408 9355 940719
9996 1027 2570127
8080 2319 9179
8509 5091 2157073
2677 3323 411406
7436 2164 1308344
8578 492 2245932
3932 4015 1459362
4338 6396 117487
2381 7021 2004177
5306 9547 32885
6098 4905 390154
7249 1828 34955
5003 3822 2742769
4946 837 295699
