68
9583 4999 254481
8809 3324 309730
9114 3265 1181274
5378 2372 1591598
3529 8521 649617
3759 8337 1017359
8469 2617 434514
1644 8879 488185
68 2646 3629670
8421 6102 4758176
4727 7670 781152
8111 4099 747412
1729 2539 143485
5841 7494 1541321
9482 6569 789013
4757 6692 1464162
6096 5364 242206
1210 119 22177
6688 7601 1168465
1770 8225 2146702
6232 1185 399771
8078 8524 717382
2998 2075 2513491
108 2768 2304496
6086 7365 154704
6363 4728 401511
2793 4816 3936097
3653 443 374889
7976 6510 1936683
5107 4050 1214022
7867 9328 533327
7994 5495 1791659
8886 5806 238094
5685 3081 2604024
848 7421 991562
7892 530 2747662
8724 7898 131891
6085 2421 1506051
728 3782 1865754
6670 1761 1729731
6207 655 615743
2737 3767 629367
4377 5084 2306478
1080 9837 212302
8267 3928 1752712
323 991 4202263
8248 3011 490349
3731 9407 2588459
9122 9443 3160039
9578 1174 292877
1778 7266 664678
8531 3511 513732
7526 5284 572214
3322 7235 1813243
1455 1965 929761
2656 4251 2242618
6941 3449 3778952
2356 7954 2246266
7589 2575 2525959
9085 27 6187110
5322 5209 327445
2260 2484 2403023
4987 5664 935098
3269 4922 1000108
7044 7597 632292
6745 5619 2613060
3316 7385 1850560
8597 8938 1059792
