152
3972 5169 777633
2451 2832 164693
2247 5612 50976
4217 3840 1080924
5955 6400 547394
6995 571 433922
6472 9603 420414
6685 8461 2302129
5411 3497 174155
8915 5996 590911
464 1583 1268320
3737 1886 928446
91 1778 2810999
559 9572 1217275
7998 690 40328
151 686 1063182
5591 2722 117961
5531 1365 167470
3054 5399 126198
5088 3899 938909
7390 6342 638739
6954 1963 212681
6611 687 301484
7612 6892 755208
508 8209 372722
9817 6263 199030
7357 3140 25631
7775 1439 976235
2991 4808 534359
8015 3152 40820
6521 9256 545004
9974 5425 54114
2444 6288 1015842
2729 6934 64430
8736 8052 619803
6089 1803 178172
9833 3775 240898
7397 4834 73180
4352 3829 39103
3017 7155 115988
4307 6080 1134271
3763 9407 175163
6866 7250 528669
9916 9672 346521
4634 5067 434866
6251 4038 83873
7745 8723 1359696
8459 6395 1319578
3298 8850 506273
3134 5800 373510
1601 5805 990196
6715 3878 1394520
2576 1758 516186
410 448 830189
8984 707 84482
6926 4477 861948
8664 7423 91217
3859 7196 554106
3292 5911 1136957
2617 2851 43245
1162 4876 393726
7363 3666 869620
9937 2119 1394622
6258 5366 862250
3683 7479 163990
6523 5135 404862
1796 787 462841
7008 5605 635905
2620 1542 1688602
5175 9106 305312
205 3305 511180
1728 7338 103982
8646 3682 2430848
3234 7838 111461
9187 5448 607091
9708 3158 1542741
5258 2838 155369
2865 1050 510989
4883 4957 139731
8886 426 47382
8305 9974 382798
5584 5140 1024558
492 5342 426280
2839 9193 674016
8004 882 1072485
308 6826 654399
8537 6277 133900
2624 5659 3809526
7644 4188 875925
4265 8768 611994
9026 9378 811178
311 8114 209638
9905 3538 315887
9857 1828 480802
1026 131 471825
7802 5492 2534852
7355 5684 1144710
593 9495 202757
9223 8834 4117
5694 9381 487791
448 5763 247146
6011 3781 226216
1158 3842 599780
2252 5865 271267
9727 8941 419679
2555 2189 326068
9972 2932 59807
253 9356 139611
2178 2491 454963
8602 2132 42669
3603 8160 27023
9495 1671 1095558
5301 7391 275147
4306 3916 2755372
5861 2214 645435
8819 6350 1303240
8055 2330 512633
515 4342 946773
8315 8534 488458
357 9018 81271
1678 3457 268412
8545 8802 141943
2693 5489 89651
1950 1813 1592515
7113 2653 390547
568 4228 1392862
709 3043 947810
7800 9637 354740
9156 2453 1046791
9332 4462 1588469
4304 5631 94725
1543 8581 200859
5132 7423 662372
5351 1701 3540648
3569 1249 392979
2237 3673 2656897
4939 7078 352091
780 3765 211564
3360 2569 411943
9742 3294 28691
5716 5579 78681
8380 9244 1571695
1382 5898 235811
552 8021 734707
8487 3017 655547
5378 6016 626105
7481 5243 956539
2142 9982 440320
8437 3165 1101508
5738 5834 176360
1067 6668 358302
4602 2655 1116710
