66
7263 9793 4276423
153 1453 949808
9769 9999 2002817
8057 3577 1285698
2655 1921 396042
2097 9276 1703795
3250 3590 986477
6507 6721 502798
734 1173 1650605
2971 762 3074571
2678 9144 645177
7967 5522 1735676
1997 5761 2967433
3977 1278 2482981
2882 5093 755647
2547 508 1181307
5504 162 1481413
9855 8371 6424466
8097 2226 423200
5901 3933 2466249
2896 4840 2781309
3117 3142 1778917
2123 4096 443585
9701 2872 904314
1645 7694 2218162
5577 8607 387682
4300 9298 2388501
6182 5356 213525
9066 1062 75711
797 6043 1000840
2104 1629 817494
9652 3171 946113
530 3818 64113
8752 1555 2043522
6152 9393 1675749
1406 1386 1461261
3336 7738 120557
4669 2445 591414
4461 3880 2378922
9203 8535 1572247
8607 5242 2949681
2668 9818 60124
4672 8845 579058
6926 3466 4050636
3663 1122 87160
6357 3476 1251096
8693 7094 1508703
2677 7179 579201
6675 4617 646993
495 9812 981185
163 2093 218737
8134 5649 1139239
4391 6645 2349167
4473 5418 1826576
8802 360 950591
9731 2915 374511
4628 1406 4385821
8549 9687 772481
8895 7263 59888
6823 8120 1915994
885 5023 2568822
9889 2304 1806493
6022 8105 2383850
8339 9598 1079418
8682 5235 932705
3963 9980 3285349
