112
127 4445 261490
1205 3972 486808
6582 2036 911006
1376 7828 531267
8830 6120 481656
1131 6749 801042
2563 9705 1268698
4979 8990 1277112
9873 1132 309010
1783 3613 1202371
3204 9054 114782
5353 8167 762377
3245 9320 762702
8283 487 140390
5488 4531 2357768
1929 708 369187
8255 570 471291
670 4852 3719567
9458 8347 1992833
7800 6327 859791
2804 5214 2603381
7715 3313 1169318
9351 3136 846667
350 4379 1349480
3349 3646 270781
9386 3205 1342555
4044 5617 427776
1658 2964 683506
8129 6199 347585
2654 6601 191816
5574 2261 511783
5742 3820 2041892
9245 9217 1917988
8414 8509 771886
8640 9136 188714
4262 2757 1565228
7701 3872 121179
7390 4517 1224442
2521 9598 65100
2365 8757 2105639
1314 4378 3120609
9233 67 948820
2244 9114 97103
371 5614 955775
5272 4092 1525369
3147 7549 19234
4013 5260 697241
4524 8520 152082
6643 1134 1960597
256 3295 206879
6922 272 1950163
5383 772 332197
634 5729 459052
4034 809 376182
9466 7948 3135273
4308 9451 169792
6047 7060 1115604
287 5986 573194
9330 518 2616645
890 9301 453651
6982 7912 1438577
3395 2956 1101956
6898 5083 1251071
7115 1688 635044
2130 7835 1783787
2015 5899 1108515
910 1366 153778
4109 8699 77837
5529 2724 908424
8345 3408 63385
9403 8525 2476992
4828 4621 1733656
1436 9334 5422
4195 4564 129789
3195 6281 459184
7961 6216 80532
621 6772 143893
3653 95 422173
3038 4462 410921
1238 1669 1120485
3080 5196 1386246
3147 7980 281428
4695 9903 509997
7988 6034 443579
7041 1750 301106
4077 3935 602851
8179 1807 1029291
419 3913 185443
9591 8537 193463
5772 6172 1221651
6754 5598 77613
7951 5908 2177168
843 8348 43719
8847 6416 1086697
2798 3132 1113620
9998 558 2636048
6717 2176 440728
6011 965 422838
5766 2612 569592
8693 7060 18053
8175 579 109050
3619 7365 976464
4858 1130 1321179
3347 7805 175427
9642 5852 475044
666 8578 1648940
4885 5357 406288
2694 235 1580225
1289 1161 369820
2104 691 1258564
9335 308 193742
3092 9726 1545379
