200
1111 7937 233290
4668 594 207277
2953 4260 1490894
1083 844 23555
3184 8816 3383
3659 3340 965177
6056 9573 35886
1838 341 1101384
7130 4479 50471
2621 2327 516233
6175 3106 994256
6158 8217 2121671
855 430 375935
3084 4647 1409337
8704 2312 408551
3063 7351 256167
6756 8519 802704
1615 9105 199864
1152 9774 432216
6354 3512 46605
776 8710 22388
8808 5584 156789
7866 8534 378633
4415 7200 174806
9778 3550 1342732
9560 6610 1247050
6638 5181 828273
8045 697 169866
3575 4446 72016
1433 7090 293660
4943 9244 556209
3278 4359 285354
3366 9882 190405
944 5592 328152
8044 2926 1330075
9135 9700 268243
2160 2121 152624
2002 9335 429744
902 7089 182556
2131 3439 537490
9122 5286 446428
3776 2027 108556
3326 905 1162743
6297 7794 997364
9145 3822 729240
9886 9527 261317
4203 9383 96286
4441 4386 103192
8957 4125 367495
6308 2843 215986
3585 9000 1508021
4052 9135 412822
4090 2904 827281
2960 6669 27421
6061 6087 137371
2475 157 1040336
8083 598 101067
1965 8927 782529
6334 2191 360659
6580 4640 595339
4061 1750 360763
789 3663 345693
3758 6976 34278
5258 5790 1132597
8711 2979 1254703
3995 5693 280780
9673 8270 271600
8555 6865 628995
8182 7540 729792
7097 4635 425554
5439 7365 2544449
9076 4320 251088
4432 3031 497264
5968 9162 597808
8286 6061 107866
9502 9434 992308
2132 7074 477143
3973 2224 340303
6479 3283 733374
1687 3541 765278
6776 6746 1810446
1546 4528 1997481
8008 5124 116835
4944 5892 407280
3512 576 639961
3845 145 1507204
4487 6146 767150
7406 8649 506897
8965 9099 104537
6524 6158 250499
9037 3157 277377
8540 4186 198942
3845 1894 96148
1334 4370 947993
7329 7832 334652
3173 1996 103289
8929 5541 543843
3781 8631 505663
4448 5949 204026
2041 8598 797355
5313 132 138774
5924 7072 906647
4177 4742 825908
927 9030 440548
8058 5062 154510
2909 5261 767281
407 3097 513253
8145 1914 158841
8542 8810 434536
9428 2173 3309
6370 8740 533395
6274 7866 586054
7119 5838 287709
878 133 304071
7685 5111 68254
5518 81 1052245
8892 4740 310548
124 9672 615816
7476 9237 885423
6567 416 166327
3446 333 93790
6981 545 159623
4231 9004 52000
5456 1793 73948
2343 5417 68870
5512 9123 374046
1611 1676 362998
1958 321 49948
2070 5302 58875
8151 6078 374501
4885 782 875695
9638 3569 45352
8719 5138 408290
6305 4543 201504
7922 4287 10674
7568 3845 68867
2312 4318 928104
7861 9728 1102358
3489 9305 242538
2775 9333 61245
9479 6071 80865
6694 6243 297019
7948 9311 873869
2072 5660 362425
6707 5826 574270
8057 2800 128820
942 2521 653259
1531 857 635072
8389 1508 145501
3410 2985 104545
5329 5778 7970
5330 9 891416
1969 9270 188663
5622 1219 1771634
7183 2702 430331
1622 7550 56892
1947 8337 278615
6193 8852 200913
6810 521 39568
5771 6778 569539
2799 3718 331961
4168 8050 23765
5022 8182 1731677
7689 3487 534957
3854 7459 359525
5203 6933 529878
8400 6778 397757
8778 926 1110340
4829 972 130988
115 6192 200940
9340 3256 307003
985 5697 163131
9613 1533 434605
9400 1187 385744
3154 377 251933
2619 7052 1297084
4924 6970 109683
3828 6583 1382554
751 1725 92149
3414 2201 641412
9323 2700 1049762
3473 9243 217625
1108 6676 505346
25 9708 45718
5271 2866 135555
2467 8257 937559
5282 7231 2072961
371 565 563211
1440 1795 324183
4572 2152 952336
8978 561 251164
585 4510 37106
9398 3674 86982
9550 263 44815
2428 2475 860385
1947 3980 33096
2459 2214 57943
1675 7119 1372823
3872 5031 710297
1825 5207 473598
