93
5497 4167 159413
8258 8674 5079837
2936 5373 402034
3273 4515 459481
9730 9830 424139
6503 4198 946011
2609 4561 4010824
4889 6401 1100448
5428 3519 746825
7135 9720 2212379
4866 9010 113764
6647 8828 497261
9412 4507 64915
1883 1704 1185895
5481 9419 705468
2780 3751 434822
9150 1729 2105205
4314 4668 248885
1951 6022 526753
6857 6951 587398
90 9640 1432392
4991 9742 1021291
4208 7772 1766302
8352 2957 89642
3122 9190 342035
5721 6111 265536
5166 2815 827386
3850 2821 265073
9416 1675 687922
1951 4841 293519
7687 9004 3406842
7559 3565 464055
6236 449 156074
1161 9401 621122
9060 5039 22518
6462 8040 369616
1630 7503 4891187
5307 5285 1327791
7766 4085 87337
417 4731 881251
2971 9441 759658
9780 6762 1389110
8730 6575 738851
375 7217 1916121
8472 894 1907773
8974 6034 1177360
6 6988 1445919
4624 7425 140349
9150 749 1307232
6237 5878 1225114
6085 300 944824
2950 6716 1756
1568 8448 994508
5521 1556 448621
3709 8172 161809
8189 7284 1997193
9733 7890 36250
8108 427 736624
3318 4747 381858
9061 6925 1180539
7114 9609 404576
9156 7563 49876
3892 6104 1175964
1866 6412 1794953
8424 9903 2153107
2437 7370 1969524
6134 1222 5013137
8381 5670 1718937
2164 9881 970772
5788 3156 468373
7722 9273 2404148
8195 6378 180263
9598 4055 145916
15 4884 2650304
3859 1151 1437700
9777 9490 215456
4479 4967 3233253
1662 8276 384557
1419 9399 908951
4661 5874 530249
61 2312 1673288
7064 8652 6682
1469 9660 1438003
8312 542 3484488
6950 8193 275110
6332 861 891918
5357 7296 344417
8194 7935 513090
8200 5673 21370
754 6676 923650
8088 6045 1395059
7025 1636 57469
1234 3618 1043323
