117
7668 6552 1566225
1204 3249 39319
2952 3019 890554
3162 9253 954481
9762 3144 290836
666 4162 28205
8548 6066 1206777
1509 6147 1011514
9202 9195 679803
3487 4627 62105
1264 8747 1231136
3069 8082 1363364
4884 601 283799
3197 9411 432011
937 2803 1833767
9364 7132 2090281
5402 5848 126115
7862 7759 251256
3020 560 829423
2282 8331 238659
2237 808 2210178
1201 5663 135108
2766 9050 814734
7272 8767 864958
9510 6757 162253
3211 9576 318524
4966 5582 2355569
1713 5330 1040448
2284 5606 220948
3679 887 88339
9722 5605 817960
1265 484 40698
2091 5002 608932
9320 7731 1941491
5124 1178 235503
6634 2988 39972
5781 7301 584856
7659 877 1649651
6026 6626 119276
6123 2058 868901
6847 1889 937797
7015 4647 891274
3652 1769 1050906
1823 8810 1832661
1466 1640 974680
2026 573 640826
4564 8058 6604
2510 3227 2060632
519 1839 67984
7675 6675 55947
9430 4846 53809
4807 5472 1326539
1537 5948 101355
655 2702 183637
7183 8931 284999
2158 9199 242533
7298 7722 1046107
5910 7555 807901
9501 8495 763439
916 9716 18227
914 4419 1745737
8716 5373 665876
9387 9600 983885
1200 2079 1733022
9553 2854 3304132
3826 4356 741977
4740 4620 1998284
249 5866 104112
7836 6048 2347088
9028 6199 658649
29 4967 1060099
756 5229 306246
5971 8327 1288698
5424 2844 592463
5096 929 438216
4149 908 12259
7900 9904 1138910
895 5857 79476
2298 3893 23999
4385 156 782181
9664 7837 255064
9767 8761 1765192
1244 7736 508974
7251 9682 1395474
9985 4769 1415477
9321 3658 368509
4990 2653 1236807
1184 3075 849512
7107 9026 193559
7866 9181 1242608
3085 8639 315804
6874 5147 751126
9381 4706 429783
9053 2059 358794
695 9593 1198937
9727 5304 458077
8733 3948 197238
1541 7940 3919345
8353 5783 690476
4727 2947 2568667
6563 5466 589828
4819 6032 115766
9691 6226 3649932
1417 818 385973
1503 7569 137977
1900 5867 57240
7703 4129 1733017
5127 2345 1177394
5013 8881 2151240
6795 9875 1257646
4813 5925 259306
7146 8606 770354
7434 6866 1617419
9651 2330 204510
4931 5648 1161886
1666 2924 606217
560 1789 123777
