76
5466 8730 1029374
7900 3688 1091117
834 2967 982097
4191 4348 1479560
8141 2695 2425060
3032 6745 1548346
58 4627 1690204
1225 3243 2099
3583 1473 696641
9304 3652 2077023
2291 9357 351954
7326 2399 900079
5614 6609 1185939
6372 3623 201307
8807 524 315993
2443 2956 1049646
9613 17 573454
8879 7407 951077
3327 7905 1960956
4773 8387 443343
4174 7611 458909
8163 3633 2613415
8016 5151 1651728
6303 2808 1395221
509 8272 516734
8369 6404 1647191
9687 8041 806720
1933 2048 691399
6685 740 2638721
543 2768 2479817
144 191 490663
2906 2150 1186901
9201 2207 243996
9366 6441 78458
2419 8140 2274730
840 6470 2459755
4875 9988 310711
7861 4257 589753
3995 1431 116478
5604 9400 4271629
4972 2024 338174
1056 2514 605879
7150 8768 93393
2118 7767 240553
1462 4425 549813
378 2961 934028
1311 1303 670485
9949 5318 833114
1818 3786 1013357
1829 5750 45737
19 9708 5431733
7592 5368 97437
4405 4614 781713
6377 9015 3070976
2536 4230 420936
8918 5300 2730334
7619 6237 2167393
8264 9359 1052533
4999 172 2962407
5303 335 783953
2154 9797 684871
233 7880 771992
9486 3630 2002060
2584 1014 2420622
5055 4861 787217
7662 7243 858154
6759 6268 1818123
3659 5018 651408
5956 6403 703612
8742 216 284827
3108 9308 2135187
7992 1721 3120707
968 3917 743722
441 8917 3674988
1711 323 5283622
5648 6586 1356742
