97
1954 3753 316511
838 5799 368500
5536 3004 74111
7768 8354 239992
9533 8627 267836
9307 4201 1789689
1397 4477 281934
1385 6747 1074132
2439 1089 1517447
6319 601 3524279
3146 3071 233485
647 2747 692760
3696 1955 697865
888 6129 240836
4221 9126 118481
1995 8274 1349480
746 9505 1316666
2178 4727 246283
4520 7719 3635847
3183 4487 64209
798 8035 209800
591 9187 1621242
5878 5955 1269176
9134 7192 1004141
5287 8425 1537980
1343 9431 2291627
995 8990 1733223
1625 4712 2168181
3124 1202 560413
3863 6708 761673
6836 3956 429015
8859 2582 1970936
2118 3391 1546156
3194 1438 2866108
7405 9408 27305
7194 9383 911937
8646 5371 112274
6874 3743 202851
7992 1711 91745
6814 7998 511320
7817 3351 1797959
967 7624 345396
5368 3314 669511
7919 7628 1882467
3974 9300 2852129
7713 5476 142915
9860 9664 1190719
6486 660 1812659
9274 7617 1826772
4417 8524 158609
6703 7559 445842
9765 9725 1349029
6644 1014 1147875
176 5591 2785185
1787 8803 813783
2270 9477 57598
7846 9437 475394
3735 5647 1863174
4754 3801 5863
8276 7709 3364630
9704 3245 1590
604 6453 1446268
8248 2788 167565
4974 3950 1798749
1003 6122 1685008
2426 6915 1726730
4900 5546 468669
1835 312 29771
5451 3402 520562
5343 2850 958138
1240 4672 1071454
1502 1930 315475
8193 8227 231799
3377 7295 91880
3670 6965 80215
7532 4532 2599497
1442 9355 1924012
9495 7211 3485564
6612 5299 286061
569 7721 32479
8303 3350 1459662
3692 6904 343875
5462 1432 197483
797 1289 388244
3949 1653 2148534
5350 6127 1298191
8479 6496 1406364
8322 7063 348243
5140 926 295943
5824 7095 553626
7988 2284 1079391
1219 35 1245983
1003 8453 75211
6682 3893 894251
3466 7122 1154659
4697 201 2280555
7862 943 1043344
