69
6583 6282 1980967
3594 3101 1536442
915 386 343938
2190 3174 2186729
7974 4001 13474
3749 4842 260597
4365 2382 114479
160 3569 224078
3236 8676 8312
1390 6084 2569079
441 6616 3017487
8330 2485 1945852
7720 992 982414
5421 6056 4837610
5807 4258 6196587
6644 7427 4118838
6992 1572 1610829
8312 748 779171
1045 4188 966566
3123 1897 455614
4836 8447 625693
513 1377 323678
8184 8370 2029153
2647 855 2424376
9656 4278 553042
5181 3079 792721
6845 1184 892597
7624 6506 998933
8155 1088 4026351
9617 8149 2283276
2676 7908 805709
201 3785 1625241
689 7392 775502
4596 7375 270623
5217 9668 995614
5106 1623 81941
6651 151 653096
5511 7170 475514
7653 3469 1073982
3050 2972 995436
932 5891 632866
8873 1315 1687521
5966 8432 122199
6733 9022 736235
1498 1541 713358
9982 7598 673584
1825 2324 145533
2216 9734 262798
5322 1852 2449276
7436 8276 638487
6552 37 2241961
1710 1467 428134
7814 275 111554
6729 3913 1669389
6808 8558 2096587
7448 8749 1058584
6162 7099 1863770
9616 9647 427463
5384 5271 530998
2091 2842 8183205
7647 4825 1396256
5480 3048 2626184
7932 4395 2519768
6804 2804 2634001
2549 258 5200529
5658 1956 1048611
904 5576 835594
1462 3984 24768
9781 2580 189246
