70
3617 9792 1349329
6005 5740 1966954
7913 8507 4669490
2670 9383 414508
8040 6486 979575
2506 1410 483458
4117 8756 2701793
8613 4751 1400410
9026 3612 5614408
9728 7567 1653668
6915 7123 63090
6928 1353 1635973
4928 7806 307322
2514 4412 643665
6717 3407 1503834
2929 8613 353224
8648 4128 315498
5314 1825 2499263
9381 5936 2582327
735 4702 462295
6766 4128 527715
1079 2253 1225094
288 9694 697572
552 7672 2356147
507 6762 842599
5136 5750 1204025
1403 7875 1353678
4233 7334 599882
7138 4161 191193
153 4968 540146
6481 8811 903863
5398 3257 1919834
1189 8342 714687
7752 9809 3730233
3045 6609 650679
5565 4971 3981205
5796 675 559005
7123 7220 5527111
8106 8852 283961
1433 1459 1211775
6337 8138 782190
280 787 5435775
7214 642 326211
1102 9442 573234
408 5079 956319
1003 2092 4617885
8771 3951 1820179
3427 6615 1793318
3021 8469 64636
390 6322 9975
2196 7095 1782260
716 7697 26984
4246 8887 4642364
6441 3323 189395
7423 9081 2093048
6024 5926 532136
7865 6759 124375
8757 4147 1000698
4745 955 934814
7598 4245 174080
6518 5933 277988
4168 6857 2504203
8463 8517 1286689
683 4583 839002
216 9813 2962751
8032 616 233108
3594 4255 67712
7750 981 50068
2519 2704 2334249
6296 7255 943866
