97
6530 2999 500686
2979 7208 4332075
2253 8614 429972
6386 2152 300436
5951 109 1634963
6138 7188 263711
1097 5256 48779
1004 2851 61304
7561 4637 729250
3276 6000 1596540
1559 1124 1473454
9190 4982 1099842
4908 8433 273783
9920 6236 1323429
1940 7713 1618196
1623 3160 1972547
4067 733 354645
5 66 370784
1533 6774 648051
209 460 1200087
1132 4949 470149
8708 9366 1055599
2110 7099 677985
4822 5090 2681507
8945 9978 714337
7062 9275 975220
2289 9729 616485
3663 834 1967970
6515 3659 415939
9220 9708 410097
1494 1828 448449
3873 6496 1501093
91 9481 856913
4565 6306 152087
1849 7708 860641
783 4265 930853
7550 4757 1375955
501 9875 1552730
2342 8036 420831
8644 5963 263297
5768 9349 565893
4166 2677 489246
50 7041 1071135
7419 9323 289806
9504 4947 250867
2912 8587 3144766
3475 4093 1168888
443 5527 216231
6263 4823 32922
7542 8369 1564870
3972 4345 385077
7311 800 132663
4255 7237 1555245
965 219 619058
6921 2080 117203
191 7712 1851932
1505 5052 428370
8237 2040 3623069
9709 1181 894422
4542 1091 1649111
8634 8209 769457
1523 4543 984475
2784 7251 5928282
3087 9971 5931
309 4071 366264
2690 4194 4513151
5278 9039 1342836
294 2456 1457330
6372 7669 1669749
4832 8660 101336
4583 4513 222358
904 1980 77656
869 511 314700
5703 5759 2038796
3392 3998 277901
8877 3830 1630831
2567 5956 545290
192 6390 398523
1753 1259 318400
457 2927 633284
1086 5358 1697977
9307 5589 1269649
7706 1742 79238
7038 1737 978753
6971 9526 812547
8591 3566 159280
8241 768 942871
3468 3973 937701
6149 9619 820737
3211 4362 731283
9841 861 1544707
3032 147 405953
4169 9087 638597
9633 7819 1517957
7085 3977 342156
2186 2651 3444469
5418 5682 1448130
