173
6606 9787 440241
2498 5490 855414
6422 7842 66452
7422 2724 442160
3538 4292 492034
6787 7779 332918
6792 1019 1598973
4935 4528 1209050
597 5672 224388
3392 8871 900434
1929 7857 667909
6220 2335 557198
437 8385 366575
1999 5209 244036
5961 3787 1171321
1621 9880 240949
1014 9683 1173599
4719 7456 233404
2233 7018 317232
3929 8330 219440
9423 9065 40098
3157 4398 18362
3534 315 1362427
7554 9645 451827
1950 5128 249318
9244 6298 151539
6631 7243 156220
3027 4129 1806662
7322 5359 605463
9970 4848 187413
3931 6977 122391
5096 6019 979892
5607 1609 811740
7379 8091 269538
9461 1895 10848
2312 9485 425973
5924 509 175752
5247 8086 225772
5888 1241 83616
2080 1234 182244
1493 5363 317601
8930 8003 286127
8832 7132 730136
5292 8100 16199
237 2267 1583308
1775 6274 78096
4354 8535 1869224
2976 764 829267
6905 7404 473173
8320 4067 291062
1698 1200 1154717
2084 1601 151082
119 3072 542805
6509 5063 1296707
2714 6234 219511
8580 7571 280914
5734 8791 157057
9668 4018 1432833
1316 5136 112462
9454 4065 164445
3983 2126 375649
6090 5922 670622
2224 7594 682594
9715 5023 651018
7587 251 176234
294 384 999760
8319 4117 301989
9774 5376 88181
5559 6749 157064
3096 6083 799186
8134 6628 62471
5038 1314 190779
3986 4831 31112
637 385 1322137
4268 9148 101284
2401 3354 1045483
2493 8091 744155
570 2534 3159722
2850 9851 1201954
4528 968 206614
4533 429 1605862
2206 8393 28278
6707 8088 126828
4792 6455 1968644
7270 2030 29306
486 9963 1083842
1410 4662 411596
8315 7898 956287
1388 9238 38711
129 3978 3371205
6950 400 16419
3401 9862 589991
1850 1541 34540
5979 5528 1351577
1264 7607 351878
7746 8631 139150
1085 9679 320711
9511 4390 24210
2302 6706 625556
1009 2806 1075884
4170 3620 1459419
4096 380 139058
2901 2427 861982
6871 1736 533850
3663 9416 1004490
4647 4864 171810
8462 4164 300792
9353 1595 843270
6104 9759 1546313
4216 1771 69268
260 8063 44016
7211 9039 27813
2832 429 119948
8662 9033 53778
24 238 71274
4762 5881 357090
9379 9869 1172637
2147 1952 429084
5810 3832 1727883
5196 7954 893605
2595 4816 138897
3273 3829 208771
8671 5885 155615
2669 9510 671161
9387 9749 27090
7661 4034 615758
6249 5310 409026
2853 5500 1203526
9614 258 248521
738 3336 591029
904 7041 691530
7741 5135 536496
4797 9658 260314
3872 9372 89619
500 2416 1155376
869 6689 138753
2832 6516 312032
7468 2707 105582
7771 985 503663
1290 68 442444
7578 6519 318132
3421 7980 253592
7193 4561 190743
9899 1074 169687
8448 5170 368358
9270 1564 437140
9916 8225 1288836
5312 1127 1145429
2317 3795 44385
5164 6404 602432
1754 2886 539636
2034 107 12685
2522 2428 1902008
1301 7018 87009
6580 9357 1607614
5428 2774 433309
7391 7410 1100039
2595 3101 657648
9490 5730 15541
5407 5455 446260
7666 4 59366
8216 6957 126678
7648 2799 17061
7647 8227 617041
9333 8930 1912887
2076 3134 999898
3936 9587 399036
5230 1218 25436
1030 9827 911501
3710 1381 801976
7782 3304 401857
9483 8821 453023
2425 8484 2145143
