91
8304 8843 1194782
6072 8320 848127
4680 1483 255058
1913 5448 340088
5414 8077 951481
2189 6402 1419248
7914 3086 38608
9973 5977 684849
233 2838 515885
2343 6425 1582518
9092 6114 232074
1362 2939 379945
1675 1479 1815717
4310 1560 582316
4191 8226 245920
3947 6048 3979965
7119 8439 167210
8225 6821 117865
9098 390 207686
4024 5363 1876625
7509 1151 369228
7428 2207 2016132
8553 1797 15900
2367 5581 1326761
8696 5373 1113345
3669 1628 3570758
2398 2694 997547
5944 7370 757920
2799 7405 2305239
9315 2849 1569540
5679 392 87802
1055 8095 2395505
1290 9957 454688
946 8450 1152284
6144 790 1662896
9825 1729 1981983
3529 7903 232430
3467 3388 642497
5474 2587 686013
7806 5477 138929
9900 819 613354
2228 9410 48067
5339 3608 1009408
2826 4711 2571364
5975 7200 224470
1885 4915 1247798
7007 3629 5171096
8879 735 637032
3695 1931 2940619
8640 6682 748395
1836 8939 575019
5044 8214 1185094
8936 5826 1265362
2861 9559 1385101
6362 2944 758674
2098 4465 629673
1986 5952 1253044
9285 9176 2427587
2732 4748 1098313
9858 5306 150715
9416 5346 2347093
8173 892 199698
2417 1595 203444
6479 9910 825124
9647 7232 190425
6114 3410 486611
6892 7952 1040957
8335 8634 567135
4845 994 2573942
8639 1719 497469
1223 4414 1674328
5786 7718 2856906
7502 9634 352761
5197 6755 512214
6440 3109 1380189
1873 6675 588255
3772 9925 38429
3872 803 1537837
6697 1179 398425
9698 9774 2084248
7298 9373 1225483
9120 8103 797454
7667 6091 213326
640 21 1249837
7979 4427 4101321
1776 8560 2376350
642 2005 618868
7820 3498 582877
3624 8073 781409
9849 8970 398571
1548 1078 445465
