123
6091 269 693691
5947 8052 173399
1173 3239 3407387
2262 8502 27136
8419 275 413255
1192 757 919326
8059 2533 497921
6722 5701 966318
3533 4477 1438347
4082 629 14368
1116 240 2428482
4469 2926 509853
2052 1960 869328
7317 3085 1382944
15 2645 3234173
5367 9402 600706
3010 4109 1086111
4956 2232 700287
8719 5253 111150
7946 9920 209226
4424 49 527395
9678 2096 258274
144 9430 4817293
3635 5736 384393
3314 3926 153577
9333 2653 1582924
1943 1509 671217
8766 6528 648621
3608 6673 4087331
8451 1990 1734731
1990 1224 166156
5932 6539 1577434
5181 262 1280725
8526 8036 131892
3307 9026 2539895
5447 3625 233835
2614 8068 312964
6984 4467 425777
9187 400 577528
7680 9073 465795
8328 8047 373538
2606 6977 272035
8450 833 803187
5986 2905 458969
9833 3610 483449
8161 7137 849652
5996 7186 505675
4858 2394 231416
8912 2497 173433
656 1374 265719
9001 1140 294427
7802 6474 2861127
4818 3141 66893
4879 8221 97757
5394 4470 720763
9902 2660 242499
6698 9368 551494
1648 1790 753649
213 7883 100378
5267 7833 934128
7422 3011 106450
4568 2625 167984
7047 5285 1656561
3041 9428 508653
2678 6648 65047
6571 5999 804894
3408 2827 575705
4931 3226 529638
7359 2554 754234
6712 7942 83052
8862 4476 2540545
9687 9712 414170
1556 3167 1031570
225 8150 303116
3857 3072 2326666
1506 8407 149122
710 4262 200871
200 8300 1762239
8196 1648 684018
3327 832 284891
6061 8526 1679034
2171 7338 197116
2602 9902 930307
8974 3493 583322
5056 1044 186695
4331 4795 373826
3376 4115 538081
4542 4028 231009
6983 1137 484584
2496 9898 258703
6904 439 17818
2408 6884 2769715
8487 4167 1601897
3415 2707 21801
6599 5411 321314
3191 7130 547445
2011 5790 138168
6053 7437 196714
9483 8760 2132293
5774 3292 843758
9571 80 285018
8035 6632 122380
8057 7482 324285
6362 6193 1151153
7722 3345 404488
6586 5788 328317
1335 4697 194507
800 3951 2493424
5589 1520 779089
9004 7650 29755
1321 4617 1107548
524 9361 36171
164 9409 608820
697 5229 528083
8872 3904 1915792
4275 8158 639845
2029 2120 2068722
5150 4508 1146266
3914 4898 272202
6812 3690 90076
8475 8523 2348676
9760 1587 721724
784 4866 99280
