77
5297 8385 5429229
8231 7575 898976
6289 6626 618952
4824 4812 1317593
4674 9758 194714
2402 4152 1384390
5985 8861 1033947
9589 5157 348361
7947 8277 2364144
647 3752 131317
5916 2747 91936
3620 2400 548528
5796 513 511605
1936 2956 1272791
2255 1471 3061269
6257 7257 918403
981 9685 886446
4469 4990 1111661
7338 1638 777617
4411 7262 9900
3393 9242 7867897
1168 978 998821
4232 170 1407934
4211 7276 1765374
7428 7323 1373239
4336 8751 1602690
5806 6136 1502296
7743 9844 2097559
5897 2817 968847
3296 455 5634426
1485 1719 552536
7100 4534 224581
9458 5638 1787624
3355 7633 752964
3721 423 1706440
265 9589 3268068
8131 9050 365467
1179 8944 620124
6501 9863 939100
8285 9779 423460
133 6989 1839104
3216 7344 1253364
91 6494 3746694
5216 3881 464482
6748 6243 465832
3832 1453 14820
6588 2848 131712
3717 3515 601873
3580 2738 1855675
4090 8921 777593
4777 8926 1056143
7640 7962 2817169
2247 6439 635821
2097 6716 1580162
2532 6140 938744
6465 593 5487
806 960 2797768
9964 1999 1660118
1715 5892 534717
5113 2194 455382
990 7065 1370551
446 2190 471004
3229 7744 242775
7396 30 746915
2776 6512 401499
2660 3135 70055
307 1155 774839
9400 3850 75009
7340 5096 2148692
4947 7390 4860687
4352 9421 192454
8778 6947 3033511
4211 2233 1020349
2736 6608 102443
2922 7007 482459
4869 2625 1200530
7522 6122 402342
