54
7088 2141 1236423
5201 6450 3773930
9922 5327 619385
3344 2320 679896
6582 1144 1687090
3620 1457 5007561
6654 2606 692465
8672 4432 1867298
9158 3582 1464099
8235 5440 958935
316 4001 603705
5589 1969 2451788
9587 626 2168033
6672 2027 3856454
9993 1980 2004134
7921 7150 2307423
7300 8499 166354
3357 8460 429277
8981 1561 776977
7874 8541 2827340
1167 8342 416182
4691 2440 4221108
3738 1409 101511
4367 7358 737359
7190 3045 1019427
2622 5239 4155103
1749 8672 2301306
9163 4355 5216728
6326 5090 192863
1832 4557 5740866
2898 8111 202480
3850 3954 150232
6180 1292 3401220
3149 4511 597699
6252 4462 314633
697 5768 318672
4547 4451 477586
9463 3383 665675
4561 509 3584580
4986 8118 942640
6462 1064 250894
8437 6453 4671766
1644 4734 723706
3882 1944 498992
5026 2322 3066112
8265 8859 31552
9443 9298 4339241
1022 3676 1680403
5229 2594 584426
9552 6929 4549667
797 7472 36520
3505 2176 791874
1102 3218 4894282
8056 1704 3544128
