115
9076 3573 318048
9125 4276 511426
5048 4654 2097301
5214 2011 573063
1872 1403 427856
3583 4700 188191
6157 1889 531197
160 8105 728157
154 7535 124397
4321 6579 885510
2300 7145 2739247
76 6888 774228
6814 3295 396472
7760 3293 292619
8064 4847 69501
5107 6218 189174
445 2533 1269061
7759 3615 33772
3808 4929 257135
5524 7725 708858
7880 2219 1409084
8772 4880 972018
4248 7660 1844118
7926 9489 1785459
4709 6737 320925
9497 7201 1378001
2772 1542 672013
1213 590 670063
7389 9299 1393112
8951 5099 1746762
2689 5463 1169493
8805 8597 4283304
815 9494 13941
8573 6028 655666
8738 86 69319
5178 5843 1622542
789 9050 1168202
2862 4182 1334729
5648 4808 44841
9649 2262 86633
7577 2183 448911
797 6416 1017067
3465 9967 384204
4320 3624 1922756
1112 8967 336534
7775 9421 345821
6146 3595 74058
6911 3956 78940
6887 9627 223076
3634 1515 596266
8506 7690 210494
8565 9555 19702
8003 3018 1199147
9161 7585 30777
8078 14 727705
3516 4188 45631
964 2646 357129
1884 4939 2211599
5019 6858 191896
2210 1787 670316
5778 3890 479304
5575 942 1421249
1868 6999 72496
726 5913 491083
2996 2049 2705580
672 9622 744038
7313 4025 1155218
3479 8103 1869218
8128 5286 706237
7998 8618 124518
885 8988 481782
9477 2546 978337
2231 2015 667474
3334 7897 1161953
5014 2368 1659548
6847 4285 98139
2878 6772 489575
9219 8328 174414
8502 1716 760764
3029 4917 1378137
1364 3712 2014271
2561 7339 513061
2098 4245 136155
3608 5786 1191983
9953 2126 1420271
8357 7632 108914
708 8987 205281
2573 6043 184768
5066 9156 513716
1159 6350 167159
7209 50 1711313
4596 3553 9370
4262 8708 1357220
6363 4938 1323015
3442 2838 1361509
2159 2579 1016106
8141 9797 346848
7972 9416 582128
6203 7065 4908401
7137 3959 1260003
3638 2821 616622
1080 7648 315756
6583 1759 508110
1524 9806 100313
7740 9782 1312547
4143 1655 1339059
5294 1464 420116
3667 5261 744261
489 4794 779674
7215 8834 895291
7823 6224 1866935
6384 3297 794023
1413 362 4537413
4744 2318 74135
6467 4462 897722
