59
5218 9372 91766
2964 7578 2148635
5806 4068 1302621
9085 1477 756379
3346 1274 4569058
2421 5640 637831
7511 2918 1480649
283 9556 1266310
537 1219 4252196
5130 9211 2088121
3870 4502 2180153
1685 7230 5534504
6991 1360 419748
4980 1770 1595281
7572 6713 223352
1164 1843 6205557
8448 4791 142469
9445 4570 201434
2297 7577 548685
3512 1033 2597234
3571 1843 5846110
425 5662 545161
9497 8092 114847
1895 5353 2629417
7473 2218 1679996
906 4608 1874488
4310 5609 74053
9032 1876 70227
5128 6345 603488
9244 5575 219056
627 9360 8685727
1779 4494 1081
9423 2365 1138505
9949 2986 2356654
7338 6864 1599361
4988 6515 1669531
5640 414 271170
8605 1790 290151
1766 8239 2412858
5208 3352 1202218
9935 8060 64114
3843 2767 1052112
952 4099 2926483
4789 7393 63793
3448 9268 2831534
1173 9663 223365
9408 9265 836262
6184 6889 269715
5557 5357 2790574
5777 8178 4032797
4368 5993 1969907
5097 9085 427425
1985 2201 2126888
6029 727 1132596
319 3840 372004
4215 1026 1263339
1322 7965 3581633
3353 4872 1198450
9857 5235 1310927
