142
4100 5767 977148
8144 5577 214420
5616 2059 2688652
2598 6882 165833
6188 7725 948939
85 5791 2132706
7481 8341 10926
4179 9739 19921
3212 4570 142896
6262 2682 69318
3730 9895 67573
1039 3948 1545278
2505 9511 115499
760 3059 1576317
6106 221 31653
1015 6250 412598
2301 7957 1768329
5591 1084 1444863
4030 7247 1021174
4173 4067 759552
9688 5808 115017
3853 8026 280267
6564 255 446011
2047 9302 132591
6141 8945 205515
1556 1737 77918
40 5021 436475
763 662 415689
4225 2902 121638
2030 7235 128629
261 568 1253971
1447 2636 339340
1500 8583 1146839
8338 439 860845
8316 7407 917215
9219 5 980285
3918 7910 120154
413 5572 856503
3081 2892 527083
8740 1058 1406114
8866 2536 430586
8379 4475 97408
8633 2219 148812
4544 4853 570522
9171 9375 1082385
6444 6656 1390708
2664 1717 2346109
5913 3914 43644
6927 1753 760399
4663 5410 294774
5012 7419 1734812
8519 7253 1133200
7974 7362 204852
357 9733 176536
2587 5162 2435207
2512 9856 91670
6315 2462 130643
3358 1293 552632
6174 744 391277
7140 1833 2090959
1650 2431 2050772
2949 4003 101580
9596 7351 424634
2719 401 473611
9554 2612 1902011
8450 394 1716915
7469 2413 268722
4171 3792 447510
2758 8004 17255
8429 5837 84164
7822 1589 473600
5427 8088 1072023
2035 9715 96214
3829 2988 133392
5330 7922 896349
4296 4327 349956
5478 4160 765629
3870 3829 478982
5692 5774 22827
9165 6906 1072984
6290 6368 288268
1143 6207 96037
722 7296 739304
3700 5009 247702
8405 6520 393056
7455 4161 159725
4808 3528 731589
900 2476 696973
5964 8594 346315
883 2344 394904
2545 9282 652930
3127 4390 2181620
8420 4304 460477
8347 5969 2796520
6533 5934 566170
6842 8274 854032
1291 8530 1297120
907 2089 384224
1085 888 1248379
5172 621 680276
3709 563 1460757
7639 1765 1118233
2999 4549 324841
8652 5975 337215
3833 9650 621547
4736 346 760282
6354 1489 1535954
4198 1407 162971
4222 7134 113875
534 804 1289411
6949 500 66175
890 1073 454067
2382 974 648706
803 9466 64423
9625 7777 760242
4274 6207 1068897
4962 5776 244800
4909 5066 245721
5093 8274 294453
292 2203 172342
9018 1987 320551
1491 795 1038110
9102 4419 1425491
7404 2858 180752
1279 4477 683001
2263 3797 948872
4352 4748 548096
3759 1375 632869
2090 2170 576416
4954 8840 673809
1323 6414 96759
9758 7733 368350
9821 8503 2904490
9198 68 889492
1789 9582 2009297
7747 4343 495335
9992 1617 735943
6031 1646 832366
7958 2147 713934
9157 4927 194139
735 517 245368
9879 5640 688068
