54
1917 460 919389
3290 7929 2384062
1349 8267 3323240
1102 7302 640520
9413 443 1828428
494 9321 1880754
7946 3879 3225210
918 7603 1197616
5294 8044 658167
9290 4514 950794
1201 8028 1566418
9664 7635 7793776
8968 388 862879
6779 9660 193504
7625 1357 613281
8485 8459 944600
5899 705 719666
9761 6751 1400267
8074 3018 1225239
9423 4172 1797983
7799 3536 836148
9109 8170 4897848
5102 9806 54570
171 7449 375423
693 2682 2424227
2563 6295 1111492
7773 7825 113010
3096 1846 4396218
1383 6702 5421546
3302 8899 1698062
2290 9812 102035
6288 3829 1178985
5310 7947 1241004
381 3922 624972
6736 8855 7849859
1137 9726 63838
6260 6369 395686
5080 518 10365692
9204 3011 226889
8001 646 1710312
9507 9596 1526306
3631 4432 422683
6303 6611 57239
2916 3360 2448305
4871 7841 4544585
5432 6680 1687546
9042 5479 149248
3971 1668 387699
9014 8779 229668
1367 669 3349104
6313 7093 4574591
82 4811 1096474
6591 3360 253833
7238 4266 59110
