80
2782 1002 1097215
330 3909 417412
5732 9803 1424935
7960 3209 1712091
4693 5547 2203139
3879 4305 307952
5079 6327 153117
9776 7231 1334590
7290 5731 1541253
6079 5450 430108
6665 7536 109193
2320 5857 3502496
9479 5854 2023012
4244 3227 840766
3908 8765 1518225
2519 8094 3139036
6809 9647 1754738
8908 7252 1571405
3018 1100 583526
1032 4398 181548
9731 7521 602672
6948 6434 788746
5545 5553 259321
1949 9131 131231
9277 3851 14156
3988 2139 329438
6875 7930 210911
8000 9842 1920112
8122 7897 150240
7256 2781 4461129
7065 1055 1605099
843 2460 773035
9009 6719 1186186
5551 1628 215047
7893 5275 466899
7806 3929 153752
658 9967 212900
854 1249 1171454
5953 5018 382752
2292 734 1399077
1786 6072 1788393
3142 3436 2437772
7900 1164 293177
3625 4738 2614521
819 1080 2587790
1830 2016 604453
2279 2779 1884472
2237 9915 1024969
6713 396 1843291
3687 683 1018244
1445 2721 287060
9646 2095 720049
2589 6333 732188
5207 1529 574540
6772 4333 1691786
5303 8660 354144
3813 6156 1448676
1540 3755 715261
8025 5163 1227718
4384 962 1681929
5914 5753 1327382
581 5736 288035
2153 1100 4818566
4548 8674 807957
1197 9517 321737
3390 5368 1055056
4002 2066 2501096
9270 7544 77989
8495 7041 168113
6209 1417 3568471
2945 9142 2325649
6392 705 800980
8395 2275 1448683
1217 6319 1310998
9934 2122 1638219
7093 7334 888298
6733 4208 2280145
4799 9271 3100897
6840 888 2414515
5524 919 1046867
