86
2423 8286 388971
8815 3495 14904
5821 1750 505577
1770 3623 88576
1587 4147 323391
5964 2787 3665429
7537 2029 3402034
2916 6193 208512
8411 3177 233319
4921 1855 726378
1751 9748 1037412
3233 2384 1545458
9731 9845 655175
9870 2579 89789
5301 9865 154923
259 7301 2002380
7954 1953 354292
8211 8913 2621455
7475 5823 402309
575 6997 331143
2840 4373 91022
6679 4139 1352559
7538 9950 572067
4144 1967 965605
2496 8593 342390
2503 2376 1211907
2506 7948 417714
4270 8040 1562301
5278 9777 771679
5158 9689 273779
5064 8352 177759
9634 7766 3858185
823 8497 535666
2394 9592 389685
7074 8647 1048713
7329 6788 288037
3860 9116 67992
9891 8628 2249396
9406 8201 3511584
2817 6028 234865
6639 7377 129936
4555 5096 1366499
4283 831 350444
3957 410 663006
8865 3936 2019286
6928 107 1530590
1366 2395 2394070
9303 4016 133694
8054 3500 582927
6028 3954 4939754
1487 5579 1548119
7028 4602 28888
713 6620 4517835
7588 6766 588542
3154 5491 1295765
4081 509 250671
2043 9670 5128353
6756 7502 1004484
6517 4224 566938
8194 9613 530274
1054 8654 1891270
1658 1863 474599
2415 7276 835175
7588 7004 1129590
2622 6691 2001915
2448 7202 2114199
4172 1682 2635042
3110 9540 987150
6690 8016 525659
9222 6300 70224
2150 6768 623840
9458 5740 500316
7850 9041 500662
348 5364 2333515
8879 7385 468958
6514 5122 664411
2721 9207 1160941
9259 476 3398652
3374 8526 370774
1229 7463 755197
3964 9430 6438
5323 5250 4358544
9234 5508 605394
4266 1468 208562
4256 2266 2649328
342 6270 485238
