150
1395 1463 587026
8222 8056 245137
5776 1765 1923388
5207 8916 263818
8680 7921 716647
7383 8082 462435
919 4239 574785
338 2676 829061
107 1143 1128181
6617 9407 742167
1464 4122 49551
5714 6511 434475
3660 8872 12940
6535 269 595730
1893 2621 390638
461 7984 292999
9227 6270 740980
3103 221 1519145
4369 981 1897708
7466 6428 16049
8606 4599 89970
800 1806 1761195
6845 9005 747788
2307 7835 714335
6919 8356 311865
7613 9956 255720
69 391 90106
9374 6979 2428969
2546 8597 48307
2975 4010 356720
9398 8358 358592
743 3944 129648
2540 6497 343864
5547 3170 112760
2065 4840 89987
9612 1457 452005
6661 3381 440123
1528 593 4657
4845 4309 183635
6623 153 972681
5840 7626 1515106
8162 6243 656593
1115 7329 946077
7945 7835 605144
1592 9617 2072875
647 309 489427
6215 7760 284668
1601 4304 932987
4411 4041 1857446
927 2254 549187
8452 392 527523
6599 769 531894
1776 1967 56179
5643 4049 271052
3525 2074 888356
5017 890 2342782
1623 2856 167716
2213 8994 668974
7949 9519 55891
5155 6033 2571298
8717 1726 209513
9653 3531 85056
9966 5491 534914
1567 6912 519385
2303 7415 418732
1881 8519 284810
6059 360 155660
2452 1989 222908
506 3103 1212641
8509 7074 1035132
1233 7751 979945
9534 1639 478609
6353 5506 468665
8031 3838 7043
1448 9525 160414
7986 8286 1563963
7190 1787 952619
1209 6887 1027718
5263 6951 823690
9131 5688 80293
8648 8791 479703
640 1498 121302
1865 5173 573277
7270 1622 344982
5301 8505 1388605
5068 404 36120
1516 9850 1120745
9470 3946 241959
6951 6736 129399
1932 5961 809983
6685 6094 85780
7030 4794 381504
3990 8554 1140537
7023 8928 955457
2887 8919 783159
7658 9953 824444
7644 7785 1473048
1434 8844 13458
9775 3435 2240052
1686 9316 199837
7184 1950 35760
1295 3030 527309
6277 933 1517131
8679 2902 1363253
1619 9087 150596
3986 9698 152403
629 6439 221093
1807 9679 1656770
7730 21 386116
5967 8109 104450
736 3262 1155360
4105 5099 533831
7147 687 98170
7854 6718 68470
5328 4979 621627
1529 1342 50649
9219 3780 342164
8349 8838 557410
3329 319 2677942
2409 8557 2307007
2345 6593 324790
2958 6564 442546
3391 1288 915661
6557 2065 49429
7297 7568 2237805
4486 9174 83049
9720 420 1516605
9911 5026 6046
5342 9346 135663
800 7553 1041400
3635 8807 1372964
9865 6547 470602
1538 2451 45653
5677 2272 1277131
2703 1591 100887
5161 6408 464624
2854 1882 635675
5214 9058 110127
5807 3294 259831
7054 8199 262931
4050 4108 199592
4574 244 46237
2026 1622 1763669
1027 6133 867442
6078 2667 103576
3896 4541 2323676
6380 7029 1051385
3157 4065 941294
8904 9569 176090
7514 2428 374086
