111
8402 8533 447703
9689 6498 1263092
3803 4185 2148118
7371 5351 993204
7622 5491 2204271
9444 3740 17838
5249 2588 191043
574 6625 2192921
1942 2419 974776
7607 3304 945821
5523 2197 653336
3780 9217 145707
8385 2824 964318
3714 1709 261770
7857 1786 91566
7073 3664 631584
3862 8010 4352211
8586 1188 1771938
5545 6950 604317
7342 1630 57423
1287 2840 126816
4941 6139 752985
802 4164 50804
932 8957 2400659
7309 9671 387424
1380 6834 572611
7843 444 535159
7326 4333 1030767
7414 3462 29972
8989 4350 165195
9932 791 258613
9685 8138 210454
9024 6492 1640798
1227 8366 895997
1879 9373 507170
3630 4638 201347
585 1057 851847
6998 8314 4227920
4583 3080 3812393
581 9294 1415459
9344 3899 281952
4263 3654 126766
5996 6192 3774591
3156 1637 724155
7029 3647 1237026
7711 4116 467169
3216 2701 411022
890 2251 1634285
5440 3221 110821
7212 6542 1318992
5724 1273 135012
8692 2200 147829
3706 1224 292904
8906 4912 573934
2620 6577 130420
7599 9728 2353390
3703 8116 4079016
3011 7150 815757
9259 9178 1173409
5332 4968 585537
2147 7597 251110
6921 7254 2752969
790 23 336966
1643 8263 708500
7496 5993 1414543
6321 8712 358897
7668 4513 595429
258 6369 1970952
7674 8388 1433284
2507 509 88861
9091 9884 2604857
7737 101 317830
5024 5547 329561
1899 8185 429562
7233 5319 985081
5017 8746 171334
9778 1781 267546
1370 2607 2535085
4566 2622 603471
4512 5494 304763
3948 3236 2719
888 4144 1314975
6253 8123 614326
3710 7361 611457
7269 1866 224606
2762 337 721271
5501 8706 68039
1489 1580 1199258
9379 6482 383700
7686 2230 194866
459 9318 684711
3676 3859 1932512
804 5871 1368114
5947 9799 1587690
5792 6517 1116818
1587 9607 541677
4995 9260 38436
2690 1624 374122
779 5704 701514
1761 9620 20600
2173 8780 137792
681 9380 125651
1849 6878 1110454
2057 2964 269369
7425 1687 464437
2057 7597 285073
3536 3105 1884377
920 5194 637875
9185 8991 213850
4426 9726 743173
8630 8434 604603
