110
1201 288 648575
1008 7910 2797786
9131 9034 583104
4355 3345 433651
2312 7875 451384
176 3329 652459
4193 1620 2994365
6793 2155 75551
2228 5812 1207217
9572 7911 986661
9197 3914 816099
2747 2032 1428588
9570 8395 616017
6227 4678 742149
4261 2200 2236441
7924 6514 397650
7898 6666 713522
2185 1647 2186381
434 4678 140080
546 284 541820
65 3770 107226
2791 2960 613728
4355 4673 40550
1010 9993 1317995
2951 1544 468151
4850 4356 261588
7003 5973 507552
7812 5739 164374
9242 7939 23181
5067 7957 1975082
2764 9030 632207
6151 7131 1463468
2035 4791 446966
2630 7714 1934104
7631 6302 738890
7720 5182 198237
3718 5116 427187
792 8396 598745
3914 5348 1313950
6035 882 540354
5982 2735 81326
4498 1006 1300777
2859 3207 473584
398 9107 391383
65 7326 1495354
1155 4888 800522
3229 8569 1232651
8821 5133 787660
2714 144 855290
3929 1109 257181
3486 5392 865089
3013 1803 312714
9569 8814 306116
4150 8304 2168143
9757 1685 931047
3682 3078 977788
1415 4186 1512864
5705 3705 872720
8885 1637 1173840
6517 5972 144187
1545 2328 213282
9079 2272 1089115
6581 321 353630
6604 4504 16755
5623 9570 820719
4608 2104 2539267
4788 3857 3333895
6566 3592 1007918
2416 673 2294253
8449 6115 778930
4317 9464 591159
247 3363 1203601
2101 7671 1412464
9254 4649 1603501
2912 7445 2462726
8154 4943 446945
4472 9940 496374
4334 8855 393184
3029 5961 2137048
2403 7633 1040227
8393 6136 1608233
2218 4810 1470448
1156 2355 1611376
7936 7968 253309
3219 3726 3782024
4841 1363 333760
6040 8852 202777
7413 3169 3095848
7948 1505 396873
9707 1467 597676
4876 9148 104480
1710 3016 689302
9747 1604 1311763
7993 8103 339225
4391 3219 375649
3164 8371 253846
1084 1781 633004
4206 5181 77698
1595 1186 145619
7906 9657 179138
500 929 278040
577 5915 2259191
626 1663 634989
9629 1634 339770
8088 189 285922
5804 7859 294783
738 6065 247427
2649 1701 835542
1591 2391 1308170
2866 3379 455854
