90
5940 3252 1227816
6569 1056 3182826
5163 4280 7619129
6415 2584 128394
63 3200 412435
5538 7812 331502
710 2103 573881
7993 9034 3515
7024 9641 197381
1528 2338 825343
8566 1264 1151128
860 4098 924307
2508 9341 806401
1305 5053 296693
376 1978 1286017
923 1362 2010725
5336 2384 643457
6545 7634 453746
3086 2111 1442319
7389 5176 64551
7225 6794 842866
1876 3115 885784
284 6295 1484364
2075 9194 557850
3328 1562 1438202
3503 964 312616
8978 7478 992905
1315 5716 414297
1287 6001 1599532
8451 9280 1306342
9300 342 395060
5144 5423 1706321
6936 6567 340846
2485 5445 840771
1783 2233 174287
2845 5867 252841
3981 6608 2589895
5620 1854 1241880
7142 4970 1805130
5124 8596 2132962
1836 9370 2998850
1535 8440 1550490
9957 8402 981762
9013 2496 60948
9358 1799 157736
9780 2797 637814
7459 4361 494642
2471 1778 3317937
8281 8341 1289843
4167 6250 35197
18 9679 424454
3177 2558 708060
2959 1812 140120
9946 7253 1267612
509 2037 439354
3489 5828 354452
4688 8114 1293475
6653 5560 115912
7313 4013 465104
632 4709 955579
7360 4897 1218068
7383 9955 533095
4423 9470 143107
2983 2827 2607574
4107 193 1044910
1033 2412 630408
5199 7772 2241284
3125 9262 802864
82 6334 181131
5096 1119 513223
2141 6324 3732362
5918 8227 217701
7164 8134 2807611
8439 7167 117309
6140 653 1586896
2266 1067 162089
7575 2103 619977
4734 5308 667438
9884 331 734809
4710 2683 283034
1227 9379 1764513
3983 9718 720488
8617 7684 688035
4519 4995 718542
5753 9724 842282
1115 905 619923
5329 3826 5007142
2405 7826 303252
1328 7309 304792
7977 9962 5600483
