157
7978 4786 1175336
542 4150 1726520
6812 6557 3000271
187 4105 93178
3034 4725 2406954
1469 2158 1024365
8735 7626 401778
3341 9900 212674
3780 1870 208585
1779 9941 317061
4074 9972 162158
6052 776 229700
6419 2231 301519
3795 827 136261
5702 9786 627621
7722 8444 311738
9186 8472 494133
8625 885 438039
833 307 540739
7500 8778 401681
9840 3062 318304
9605 122 730611
8804 1870 593040
5585 751 243437
7482 8049 710139
9159 1958 811394
5982 2927 515856
99 1786 268819
2850 1430 277153
7927 794 822433
4646 7718 385020
9374 679 325787
9920 2057 1201741
6050 1327 542202
7053 4551 177261
1871 6319 349277
3686 1856 78190
3580 4235 214491
2099 5029 1446083
851 1156 754439
8506 7749 1064059
7311 6595 1106891
1729 2870 226958
5824 2964 612770
1600 94 451670
8279 3046 506583
7074 4988 1386062
8407 9411 231080
8853 679 275715
1251 5349 1018996
4047 7691 1431913
8783 3292 716622
5818 5005 82143
7623 8106 2624143
7961 5768 216282
3399 2062 44324
7457 7904 369661
5192 9611 795527
2954 8125 1044268
2873 792 467161
5211 2350 163412
4345 8287 410780
1818 8045 3074212
1840 8233 162219
7292 4556 1014573
9560 2622 1023411
6786 247 173683
5524 615 365293
5846 364 303470
2672 3559 60055
3592 6489 136369
3346 4784 1263074
2840 3380 152110
1857 3518 251173
3382 6585 3797
2006 7458 62699
7626 6943 304717
7009 2233 194872
8271 9370 407821
2276 8109 209508
3382 896 1007255
6289 7696 685938
9332 3259 1317473
9105 1241 523624
346 6758 69308
3153 1862 74242
4563 9402 617247
4460 8785 2255534
7161 6138 952506
2088 6605 373290
2911 9195 337547
1958 5158 357575
8710 8025 829806
3785 6606 802826
3518 5344 1400659
2778 7040 938243
630 8857 355392
7362 2518 174972
7999 6065 1818689
4463 1105 32269
2276 1533 517179
9629 9495 282933
4705 8068 173462
6912 8592 1229439
5996 9208 944729
7847 3144 457632
5766 5698 195005
19 887 347021
6735 2910 523418
5167 1178 213989
4268 1970 1692696
3260 609 587900
5111 2865 1144494
1231 2902 524396
4861 3240 659812
6116 4456 1743014
5747 3184 142618
4672 111 971994
890 486 443761
9129 4127 138603
3230 4523 516630
4969 5275 238629
3467 5403 215090
4030 8784 372225
1830 602 857985
6040 2386 979966
3497 7527 2263295
2515 5744 820113
7910 6587 608010
8186 2816 854384
7212 7464 58051
3145 450 217559
9692 8979 1872800
2375 6275 30044
9590 2457 182299
3360 7858 611793
1769 5167 138291
5955 2122 1265224
4785 5581 299125
9938 3817 566274
4605 813 222044
5822 9951 221947
9548 6353 426340
5936 5664 551204
1944 7734 988384
948 1208 1475622
368 3258 759386
3044 7368 529352
8136 3426 566459
774 9489 830005
1750 4461 287073
2928 3426 789262
4203 1395 455335
525 2455 169205
82 4318 265096
5494 453 74322
5813 7314 1176623
