114
6473 1587 587936
2484 3118 445110
5967 4285 1022870
172 9123 609
2562 9331 1034772
1557 2273 582374
3876 8268 2062997
6064 4196 107376
8128 706 27641
1342 7236 908766
8353 30 1148700
7240 1924 947883
5120 8259 310032
3445 7873 33836
907 3554 643153
7967 4877 385432
2046 7439 1202013
9500 6498 3519604
2418 3923 256671
9272 2479 494082
9690 2165 704384
3485 2522 307697
5568 7522 1583420
6940 2178 1093406
7347 9734 1007451
8832 1391 866606
5368 5111 28691
3578 1233 426105
5193 479 858725
8637 4895 437553
4491 1200 222601
1717 1656 1363236
3750 2354 1539582
8878 7855 228765
8165 1011 116681
1171 9486 309540
6794 9426 978289
2453 3660 906792
1387 4889 30439
5975 8016 790591
246 3019 5111959
3438 5189 621349
8895 2613 59939
7577 8703 210018
1535 4916 625801
5025 2096 28292
4775 9616 566924
6094 592 1544742
6380 2739 208664
8110 1925 1680147
1895 6405 3237269
1823 7063 39293
4597 572 21902
8328 9006 721949
3697 2693 156388
6399 3118 761836
1735 7349 382243
8963 7468 383130
1439 7427 448637
4871 3145 83369
2576 532 330472
1971 4891 992713
8232 7873 273219
8466 4217 2049303
4130 7392 1905073
7222 502 1834812
8734 597 1422239
9446 7991 1132843
6373 5078 522905
2340 8896 80420
2592 8779 350400
9790 6342 752487
8709 1659 351916
4563 7073 255182
5401 363 235631
7920 6798 75077
2349 4822 2862462
9281 1247 503529
8921 9208 712244
1876 3448 105453
2012 2536 315153
9181 1812 633328
6197 9355 1527351
3024 6691 904514
7848 4191 316250
1990 1994 886298
9323 4663 2143834
1955 8691 3115922
8372 3812 1304146
4306 4689 2665543
3463 8564 66079
3391 9345 207186
9912 7142 2403779
3220 3177 181180
3794 7977 276094
3823 3586 806508
7798 6340 1344500
9146 5974 243881
5697 8154 2053597
1566 4265 166103
6084 5317 2076469
2692 2872 1082215
7163 7606 462265
7003 1676 92261
9135 5032 363099
1881 1804 759570
4736 7072 196642
7622 693 357313
3615 7193 491664
5080 7179 2351060
8170 8092 504895
9654 5408 1790452
6004 9690 1202251
4594 5669 3543956
