78
5315 7672 255596
7091 4845 33622
5324 4614 545523
9019 9152 36053
3804 8972 981258
9405 5773 199720
8465 3537 1192960
5806 9458 1127325
1325 8315 332375
8397 1250 33314
7718 1752 844840
3025 1442 3561103
6583 417 97159
5459 2747 1089469
9370 2513 490148
3408 3645 464668
3389 2979 1110348
6230 4260 730936
1600 1657 861871
3877 2803 3646704
5515 7031 1072186
6977 9559 49448
6506 3292 1281347
9479 4027 624644
6220 5403 499955
8705 468 2672860
3002 1153 805602
416 648 717140
866 6751 920412
6021 4787 1553709
852 5221 1566170
3059 5072 2109249
6054 756 763955
3883 5536 1144907
9978 120 470405
1418 5550 541629
8131 4933 120870
9181 8111 277756
9206 654 460268
9466 2340 542738
9427 3874 1943978
815 3942 1571557
5463 7055 1983533
3785 5725 1304266
7611 2382 772417
3105 8460 186056
7110 9813 134130
8484 1287 1667906
8959 6770 460445
7032 5042 644886
6720 6679 2626918
4761 5834 13767
2276 8002 89767
7967 9718 3237945
1397 1326 4884712
5035 8226 3715395
6108 1322 828381
5705 3682 1220306
637 6007 1993738
6209 5779 3846157
4308 2043 130556
3756 8838 165840
759 4564 2281842
9685 6573 7573103
6730 874 3417378
4036 9583 138078
7887 689 1228528
3181 1718 4281053
3217 4192 525607
1899 5522 220869
6898 7021 1981521
6727 3885 1137238
5308 312 414382
5463 9361 1560780
765 6114 3831467
7023 6847 1852423
598 9612 118400
7681 5983 184433
