164
2096 5586 657293
5638 7038 422526
3906 176 688719
2133 3329 167124
9172 8154 223489
5428 7507 178969
5986 4315 566213
5744 6379 423622
3693 3199 556270
5068 6397 39107
3939 4948 1497469
8763 1989 771376
4776 1886 459553
3328 4989 859896
1530 5571 43538
4316 5503 247383
9665 351 131287
2500 9472 1523398
1901 6666 2648261
7596 9954 906283
9295 75 1256336
2633 3890 76602
1187 3997 953382
816 319 187591
9210 1438 221738
3409 7750 304322
5179 9134 25934
4354 1350 33540
4532 2480 163451
7725 915 15092
1773 4118 281406
9508 4771 343306
1380 5824 120337
9323 6252 291442
1736 8290 733829
6564 1222 332194
7195 4790 76120
5288 7399 23817
5628 5191 88987
3647 107 629012
1819 1243 166660
4775 8737 564765
9842 2981 1588867
9703 3143 263994
9238 5937 480664
7630 4312 52192
7000 6324 1928309
819 3806 722604
8608 3975 470113
2784 9036 635133
3284 2875 1190947
625 3351 397358
3429 7230 395026
1495 1986 1892397
2572 5461 821153
7102 7509 712623
340 5460 156477
191 3582 18540
5012 7879 926610
3615 5501 411902
9732 6851 659902
1140 2508 225967
5805 4142 1888435
1038 1505 212644
928 8923 8508
4726 4109 674315
2371 9223 84702
9247 1175 2399191
1715 4902 222527
3105 8744 2204159
7308 7601 16769
7943 4834 550280
5631 5465 841816
3221 8538 576954
297 7551 1477650
3873 6850 71315
2912 8397 136673
6296 7115 386064
931 9334 497140
5162 2936 47796
4179 5960 47688
537 3134 526415
1596 773 314189
5073 1136 18483
8558 6336 55949
537 2360 851839
3161 8512 106902
9953 569 1965423
9919 2535 389886
9418 529 1525298
632 8705 204390
2041 4041 3545
4142 720 1982388
9075 1831 121729
9384 6563 640389
5893 6329 412289
365 9304 107433
229 9196 147250
8529 6296 1714250
2486 7058 631398
4951 6549 618148
4387 7152 396735
1452 9440 1074946
9592 5100 78365
109 5724 1269745
2534 4562 626180
5791 2748 88884
251 6854 1278225
618 1616 91233
5257 6974 205718
7940 1276 1864126
3878 6845 1363331
1750 8516 868501
4899 6268 162616
9269 3113 614478
6046 7854 402052
4230 6165 371790
8989 4967 556521
9831 3432 547134
2139 5974 419216
43 4216 37396
9510 1255 126889
4415 5697 1189286
7169 8310 1214194
5997 8091 208693
4114 6279 368987
6769 7425 23550
8773 1550 517262
9359 5059 728922
5272 850 583206
2537 44 958733
5162 5925 775305
6464 5493 1012400
1799 1983 699
1794 5751 1187507
2092 1382 775998
7283 7686 847261
7854 4152 2611211
7019 3192 33744
4027 9577 203229
3752 4653 844584
5540 518 462262
300 7352 534234
3743 1564 44426
3632 3431 393828
265 4087 137949
3083 7897 972287
9472 8287 144008
8951 3342 214856
7623 6372 284098
9328 6412 1377040
8978 2969 15455
75 8259 824171
6935 3596 547683
4792 7634 205077
8203 4904 292053
7151 4938 414612
6722 7605 1898927
4256 7067 777541
4277 1008 334934
769 7423 155956
1315 8817 1314401
9717 3987 3214978
9775 4278 375736
