51
6958 369 353787
4949 841 3040359
5650 151 3484986
4098 4712 1624440
3657 4673 226255
5996 8326 1567203
2772 9441 5643441
3695 6319 2180695
7073 3414 1244737
724 5257 943048
8900 9018 1632873
3203 9141 25596
3312 5367 105508
2646 5585 3239843
4918 7170 3938283
5789 7360 3379282
7557 5191 2771951
8362 9379 1490772
8241 7050 1620721
6790 867 431618
5546 6618 41272
6144 1679 173703
7730 5229 421808
5562 1953 1302752
4821 7601 1099279
7884 3448 1550659
6826 9417 373583
7349 4338 6249801
371 2510 2641937
3921 6017 1294082
2009 1237 115106
2725 6510 294878
2223 2971 2884844
5656 1715 3023034
5865 6066 1591751
6755 5553 2857448
2041 7069 1014123
6287 313 3853523
1029 7954 166005
4556 7471 3557478
4839 6501 7249673
3562 8130 1907253
1621 6143 247513
3803 4846 747314
9 1784 2534507
8761 911 1892887
6643 2117 3561574
1640 3906 5102775
594 6099 769648
4778 3321 1451529
5908 1755 1082863
