102
1929 614 1677409
2343 4748 1366891
7889 7529 999209
1182 8488 886333
5830 1759 283117
4109 1091 426437
3828 8630 1777228
992 5452 289428
8910 122 547411
1997 9621 1344997
3336 9650 811205
7305 103 1597216
720 8723 2154920
7929 9935 1039263
6790 2524 1076874
3788 723 1694659
2847 8430 765328
5544 4340 438940
5426 5830 1947509
6444 498 3596206
604 3397 457722
3516 5269 1301046
1169 5174 3622828
1867 6865 1223772
8719 932 457463
2046 3286 513280
605 802 1378161
2657 7224 100866
6859 7594 2206921
5447 4593 380906
9349 5403 1278739
1889 422 125752
2923 6334 459492
5816 8588 419842
4734 1749 1132119
9840 7808 1661582
4898 996 1798079
2608 7637 351600
1470 5946 63869
1435 9635 1513184
6643 8355 768598
3444 8789 131380
3137 1645 1170221
9669 6077 240241
5319 569 956392
6590 9660 397875
2255 7190 1556310
5169 1950 2736305
7509 3842 1588771
608 9977 1603866
7769 301 1885299
5614 8114 1737410
4784 3619 309391
4599 5619 50631
5815 8292 1168999
8684 5528 232635
2283 126 57522
409 4552 681432
8404 6653 57289
1698 3590 136952
4521 6883 359669
31 3529 354210
5129 1541 487082
6566 4608 1110410
3477 7919 1368733
939 9997 344458
4863 5559 961662
6585 4820 523800
6145 6235 625394
6209 4462 887158
4870 1878 700533
9298 7872 2793286
1389 7660 138824
9369 3338 382380
2066 6137 843942
4146 7380 2585724
6734 143 377669
5246 8966 1284364
1603 3216 1007066
8645 9767 1082959
7930 6090 2150960
8966 5742 1903338
3717 9687 927492
9480 9803 315416
7887 4506 446020
220 9254 236244
8611 3455 350378
1073 6010 402976
308 5552 500872
3171 2870 224806
8610 6490 950974
2751 4451 354129
701 7831 1980753
1339 8885 649953
3948 9826 1126975
7617 8416 463655
1782 3573 1416925
5284 5539 1025793
1475 2945 577344
2408 4021 1986772
2584 406 159152
9052 3227 994428
