94
40 9457 4300570
9047 6285 373855
9771 580 2069462
6131 3053 375326
6056 4044 122084
253 5960 319576
933 3407 538835
8395 2765 414339
9206 2118 2619896
474 2979 774220
7969 8989 39906
3567 8788 1500829
88 9656 126338
1750 3073 1242327
2215 4275 77632
430 6491 705300
3659 2204 1248733
5386 7401 241750
6291 9780 230633
2939 3781 1756074
646 7358 230940
8459 6773 659175
705 7257 2444031
9116 7301 34332
2872 6747 284480
8499 3431 67531
3721 5748 4058893
9480 3810 29533
2046 1778 678950
179 2221 1279825
6951 6245 904597
9284 2115 1639063
1249 1013 75941
1923 2085 2234374
120 7473 802488
8841 2447 1009615
4045 6636 332660
6973 5516 916132
231 3709 183574
4822 7637 4686170
8101 7655 69562
516 6786 491665
2234 3501 801757
2305 4848 6527
6420 358 1793261
4588 4282 326992
4615 7166 12413
8272 447 384014
1133 8287 13148
9063 4712 501541
6887 2126 947464
8897 4347 438292
5645 7252 255742
7842 904 4994487
6292 3107 2151321
5921 1497 1084808
4465 3851 1660474
2821 4111 841205
3015 2323 230280
8920 6933 184478
6197 4422 2606813
1135 7813 31118
5167 7430 719519
3563 8974 2668406
7435 1 1744440
9248 8614 1470148
3157 853 2829962
1759 8377 1488471
3795 4501 1479854
8728 4578 33718
9303 4859 203202
9515 4306 3173834
8692 6312 3205192
8017 3510 93890
958 7895 505063
2480 7752 964280
4787 1819 254712
6011 2277 1455817
7684 3625 326030
9469 1437 1400478
1778 7954 10970
3698 7090 1244318
2784 6341 574640
6482 8007 3168915
975 7600 1895487
5930 9227 291563
1006 1386 1001021
235 7566 106144
262 8717 2334179
1909 6469 423503
1015 8039 970975
90 6031 323147
9110 7990 1359114
9736 3311 821657
