82
3435 1280 1698766
6630 9978 298637
5239 8344 295346
3980 6927 1150633
661 3853 5332211
8124 1473 39685
5053 5054 114727
1722 6245 1992577
8597 94 1172255
2923 5739 3647676
6165 5995 601677
4657 1966 153718
2798 2353 457334
5022 8726 1210225
615 7735 907948
3050 7784 67910
771 9475 193799
2446 7531 220290
280 136 537268
4649 5736 4965661
8513 4798 568378
8948 4778 1070093
8416 9499 749726
5665 3238 693720
2565 2646 263464
8370 4451 680382
1904 6241 592151
982 3189 258279
5895 1641 439036
288 8866 709980
5952 9926 48109
8624 1230 2096262
4774 5745 3064143
7835 4122 1822891
2216 2451 2748466
6606 8486 98868
48 5662 328886
2307 2944 139701
5320 6078 796991
6762 7936 5149041
4471 7326 851441
3593 4364 2641938
8720 2093 190350
3694 3135 91123
3887 3060 555461
6888 941 36670
8462 8097 3662618
9551 1797 2597511
5784 1172 7481
5988 6176 68300
1385 8285 2528738
8747 927 533875
8132 8761 489876
9428 2063 3506660
7950 8731 2584050
317 4090 547375
7761 5997 856308
6800 6587 20744
7622 2900 1763049
2001 6484 493285
9933 7662 798641
7779 4590 566674
7936 3680 1608832
451 9520 2496571
6181 3401 1196587
4577 1663 137969
7263 7617 717444
1991 9140 14930
3267 1126 2581995
6781 5120 714329
6616 8368 59439
7446 638 695280
6788 4814 270291
6352 7661 802871
3818 2106 1561964
7921 6857 486333
7217 9428 2780225
1763 8963 267901
2479 8284 3107370
2484 3718 1098284
9144 122 4869724
8095 1422 1762583
