66
2667 3103 436504
9368 7222 3154038
2410 5742 345791
7288 4821 5651339
2081 7735 2340967
2606 1207 1915992
3439 8328 4657752
3700 799 430258
2702 399 575167
2626 9619 3556774
2073 6844 310598
8984 2137 48652
7478 4174 853809
421 8142 3838979
340 3410 7754874
6281 6470 1564891
1595 6010 3911031
6612 6806 190391
645 8443 428356
751 7115 8454
9795 4221 453142
6080 29 801786
3110 4152 47504
4177 5304 2603857
418 1402 1499694
2222 1679 3466453
8638 9530 1001105
1423 5264 2881043
4176 2498 1257069
8408 5209 442020
2092 6247 274494
158 3660 1983392
5097 4270 51399
6917 4693 750401
7592 1865 1074260
7420 4501 365923
7055 5282 918719
9146 8027 289895
5958 4761 1177347
6482 5858 1430939
973 762 2308359
6076 7043 71655
139 7819 1451111
7371 4198 3474315
3127 6827 24220
7229 6932 258410
6633 4625 1194425
8618 8850 1278831
9366 2121 1761557
7098 7269 745538
5067 7990 130771
631 3166 1198914
1886 7595 4605
3768 7813 487543
4513 9471 335346
6326 5195 4631146
9104 2291 711798
6028 4685 606586
5061 5290 1599309
5549 2188 464609
1407 1475 4672910
5558 2771 2074719
9408 7144 549424
1859 8003 792878
7388 4524 1227766
9058 2697 3198196
