56
4041 9308 873305
4202 2427 7544820
9044 4751 2078026
5502 6137 1912607
8393 9013 1340380
355 3291 1815556
9024 1170 302788
2665 8344 146581
9516 1354 203828
1460 2783 883031
9028 9003 2598498
7581 1764 1269636
9425 8680 681099
8912 6914 656630
7322 324 3822933
2722 6116 4184119
1428 9896 487876
9689 9060 29615
9318 6556 2327539
909 1656 6554676
2795 9973 277910
2699 1786 1492787
7370 3046 454291
6491 5367 2514178
5358 4665 625983
169 1336 5317491
1168 3887 2952163
8470 9685 2319289
9838 2477 736450
2967 8921 5664181
9676 493 507811
8166 2847 868365
5363 883 872927
7103 8519 1912336
9281 9504 2657645
5235 9425 973779
8497 7849 2116964
2628 6290 553294
1405 6613 1635197
3845 7743 2558801
1467 8672 693791
4969 1434 2260212
6088 7602 449740
9460 4259 3653511
2008 1034 354121
5307 2202 2865149
6808 2159 3303211
1658 9903 978947
7487 7004 128107
7229 8292 1472500
2077 796 594356
9302 7835 2121438
8066 3208 863371
7051 8159 1280561
3930 2837 274309
6791 4000 1981291
