188
3595 3758 758157
3449 9849 950568
600 6315 100194
482 1947 215722
3095 3785 237293
4592 7017 118637
529 3664 408172
5128 3842 181718
5856 3276 574278
5110 9939 47379
9380 7990 166768
1229 5127 43687
2775 8524 785467
3999 5816 878422
403 5363 486795
1625 1762 169367
7856 2506 474687
5604 5276 1941806
8531 9789 104239
1005 3273 131529
4874 3113 464634
2848 2086 453503
248 6042 534359
9171 7047 1038938
9733 2116 1263381
3098 214 1235568
5587 8212 1690204
1542 9533 423651
1330 1456 126581
6323 57 1273499
8975 9545 282638
5892 3808 523085
7176 6465 240492
7636 1240 427263
8960 1834 609045
550 4325 2078417
3968 7155 621410
3746 3932 441557
5524 6020 2125983
578 7082 466857
7869 5049 138230
1165 7221 128250
8354 6564 1700992
9954 6895 9651
1461 9985 211501
6536 7960 950
4617 3681 1141813
1580 707 146592
8212 8991 113570
6414 3831 335926
6711 6923 1241798
8062 2401 389290
8857 5510 858996
6710 787 171648
4407 4223 42539
4183 7518 181324
8643 9251 51803
2384 4882 1129909
6138 9972 908036
9231 7457 634735
7203 5301 592211
602 2963 348819
791 1813 375667
7578 1544 151849
5057 9554 216169
6984 87 144954
1602 5077 2933213
9138 3186 53751
8890 9106 147968
4335 9637 185976
6717 4245 77098
2213 996 207254
1375 1983 429443
8800 5059 2145823
9857 6055 606317
6085 6838 155952
8587 1117 1357288
6309 6394 151262
1056 7293 1473964
5233 1740 41039
4010 906 207001
5486 4256 1555191
6321 2476 707199
7002 9323 402507
8066 5612 155853
395 5355 107520
12 9600 219674
827 1763 2718805
394 575 91343
6263 109 318733
5626 1910 98305
4929 689 48337
1706 7452 202340
1013 4837 419168
9191 2531 196571
3318 8085 58260
912 5305 328249
5913 8387 173324
6309 8986 260037
2605 8973 575796
7552 4194 4978
6006 8311 698119
639 6171 275583
5125 1282 1298272
7442 4417 40991
1485 8286 110174
6482 7293 1625197
1449 5008 837288
8452 563 148527
8408 7487 1577404
2791 2733 408577
7568 525 599273
2919 2596 462013
6233 4938 149950
607 324 577445
6336 3295 238031
1392 8436 64103
3739 8345 485878
8434 7406 295055
8989 7075 540213
7994 357 44082
8861 1935 406064
142 7155 201918
8845 2195 733286
5073 4784 643194
3620 9114 476821
5796 749 336147
7458 1429 843324
5170 3884 465908
9540 2904 15826
5227 8008 362212
8015 9499 140877
2033 653 380841
4192 3284 1650945
906 1341 425102
4623 7180 658899
3038 3744 344749
4251 9486 25604
9204 4359 37867
5592 6011 1082626
3869 6789 451250
9445 5840 920415
9286 5765 911144
1593 134 597171
7497 5553 596091
2825 9575 279945
7636 7507 349673
1453 8031 159887
1447 7658 418769
4009 8012 10742
5010 5960 409900
4217 5837 2744
5964 274 440425
5388 5951 896632
8356 6979 89135
8000 6696 333982
57 9880 810814
22 5226 538616
9843 9669 392460
6321 8770 305245
8608 4250 602995
258 69 614335
563 3459 107445
717 870 16746
1749 5963 54744
8151 3555 906765
9207 9545 606965
4934 4273 3488179
1252 1318 439428
2833 6868 191781
7864 1476 1494378
5057 8483 695555
8791 3000 36243
8497 1891 156535
302 6929 323867
3282 4946 159162
1642 7920 130897
7960 3770 326532
191 5749 364752
1055 2508 981082
8206 1824 1618674
5331 2379 152633
7160 4682 1088164
5813 4490 298775
5339 4896 229173
9428 3624 263751
743 8556 736712
3854 1 11596
