140
6665 4608 1966991
6455 4962 244087
9016 6567 320533
9231 9531 633758
9356 3589 165100
5694 7704 37062
3813 7599 37890
5855 6062 637477
4782 5544 1395795
5250 6222 1549496
3127 4567 1202930
6628 7329 774373
9243 3392 144712
504 1384 187841
8658 8653 169274
3673 4271 867507
5271 7251 1460393
5540 6935 473856
4656 8891 216269
9820 7582 616614
6826 5458 183002
1608 9555 55459
1616 6720 3521178
1333 8894 843243
6778 5868 212257
1692 4950 1173417
8044 6988 872167
1916 2895 22881
1209 4947 1503459
126 6378 162876
9349 3106 877891
7313 3128 1783355
7653 8113 323424
5559 486 436997
6908 5840 751139
8650 9168 435526
3176 7582 1339797
6055 4420 831332
9321 540 104855
7935 3458 350618
6442 1372 901023
459 9544 487314
6866 1140 247194
9954 1259 255208
8120 9297 788460
6218 5592 2055075
1233 3479 175029
263 9372 996190
8536 5260 603733
1056 5783 719238
4037 7450 201730
3150 9778 10126
7704 3937 189301
3688 3215 308676
9059 2611 408479
3183 7033 73423
9013 8625 53507
9984 7387 1307506
4335 1243 62885
3270 3306 760442
5253 7596 1114713
3947 9675 607616
2104 4012 1152003
3904 7611 1553175
6843 8763 905181
91 5355 27467
3850 5684 194426
3955 4841 2435890
5431 8966 433440
355 1781 347877
4790 3225 823898
3811 1903 918853
3113 6268 933995
2559 5389 1340194
2713 3959 17952
5701 6085 242994
2482 1000 176289
8112 2334 1722372
8416 7843 538989
8474 338 198562
7459 8486 1380666
9511 9560 275579
553 4807 1330267
3812 6368 293168
8663 2996 752584
8221 710 578730
806 4037 851417
9623 9691 2213728
487 44 2143081
2484 6392 681366
7288 2861 1172823
1552 9279 392435
9238 3663 255897
7753 590 64707
4181 8167 319202
3102 9302 1196192
4465 5705 725666
6486 4048 1067817
4500 1537 793862
6104 5483 1518541
2388 9464 843547
6611 9059 799701
1879 6531 952094
1500 1667 958077
8466 6510 749984
9731 669 429036
2914 9771 928606
430 4531 206723
467 4426 122028
2621 303 752502
4102 2048 161458
3691 2720 116729
7549 2089 1272683
5687 4531 235874
3680 1949 1059422
3886 4262 172658
6343 4332 542144
8678 4861 3786277
3539 9682 786817
2227 4396 232493
6809 4049 539189
3470 3524 32198
1365 8477 483342
9850 8505 242493
2904 8266 711677
8497 9056 331524
4633 4404 51951
429 8818 88729
3166 3308 615542
5898 4058 358956
8914 6113 595106
5463 7874 101260
3027 2480 511716
8958 4512 182544
269 6422 3707561
5274 8836 1397301
6225 9756 61510
8648 1159 25472
1909 2523 890102
5091 2773 777990
