50
1769 8966 3705973
214 5519 308776
4226 8145 886689
7735 5847 266276
2809 8536 2440140
4872 6974 5270026
9633 9440 113511
8822 6346 1117905
2211 141 868607
7222 3623 1220227
1557 8922 4829554
8768 4434 1765448
5285 1961 940317
3699 311 1845767
7364 5348 4834256
1407 6214 4860057
6345 6120 2050004
2814 5800 406551
7959 7454 3718796
4203 5345 4219792
6938 9212 860571
8100 2045 363009
6234 1259 1021176
5240 3141 611207
8836 7907 15604
4913 1661 891556
2528 3470 1644806
7773 1011 1004461
1990 4296 1571844
4253 5812 1004917
9630 6516 5614023
5757 1970 1496454
5331 3422 171321
6362 4920 243640
4941 9779 3104107
9395 927 5872557
7911 4129 7299594
4092 9253 1377525
6789 5901 461999
2397 6792 252828
9822 7966 1565855
3104 4184 366349
3555 7305 2760673
4314 948 549639
4579 4197 404455
5724 3844 538279
4430 5651 1586089
8484 4269 3687038
2781 5313 4504764
3424 7527 3484988
