185
2011 117 12736
5741 7627 738779
2749 6303 8059
4787 6688 99193
1299 1099 1019726
8195 4468 34370
1817 3581 143500
2898 3737 160209
3510 3028 685017
6356 8719 1005457
555 3063 792818
6705 4674 103156
5140 3596 568912
556 1989 1116748
4534 9284 1002423
9344 949 414207
8942 9179 203070
7107 4191 501353
2205 7779 488402
1374 3400 240030
709 5067 29950
3321 154 1595683
3857 7198 521238
6035 2683 252596
6768 3986 122909
4415 6545 513808
6937 3160 129341
6295 1507 673922
1697 9539 685021
7507 3747 21603
1686 3926 643569
4669 5530 637185
4980 2992 603855
1218 406 128465
2956 8712 1220913
5718 382 815714
3532 6875 1003137
2535 8420 318041
63 1491 337924
637 7984 68234
8508 6454 551648
8668 1608 1791087
3220 3618 322727
4706 9085 404807
5627 8272 457721
2967 8540 49487
3345 6483 600254
2749 8986 727088
5912 4858 98790
233 8626 145418
1032 3586 383034
4729 8732 108191
7245 6911 98110
6840 536 377759
2458 2790 1580022
398 8966 810071
9785 4664 1547886
1236 7639 1812337
1527 1242 433351
2971 7844 563743
2808 9654 2132432
8427 4149 878428
4379 7208 516513
5510 6273 589710
8718 6705 161993
8131 9794 923693
1132 8315 113764
9816 4264 127229
2051 5740 291030
2556 690 49312
9656 5355 127807
7748 5741 102683
5460 286 1057736
3313 4252 152020
2874 4641 996585
5172 9977 1029214
2064 5379 645462
5016 3917 548438
3294 8708 471918
6744 6574 1528245
2064 9196 748303
3299 8734 541702
7421 3940 431446
5735 5590 356849
6620 7577 49535
3280 7713 642222
8214 8471 52362
4356 9072 421872
4561 687 1082852
62 9616 173321
9120 2795 6366
4538 5107 314105
6542 3544 533534
6638 2162 604569
8534 8820 216990
8810 3093 890603
6708 614 134931
533 6183 772884
7031 9483 457437
7658 5717 187722
1030 5662 17869
6761 8911 211877
1132 1009 640730
6888 9924 421808
6206 8301 78480
2036 4612 2268336
8771 5870 263521
408 2629 725663
379 1961 520632
7014 4657 64210
422 2041 73379
3095 6790 1929000
2456 1835 363584
4883 3504 129358
2692 7323 459312
2914 9906 76014
5692 4306 1640763
67 5292 16809
7750 4014 3939401
7457 954 66821
8068 4051 20431
982 8812 694377
3164 6668 1175898
2765 4500 565111
1124 1081 2136547
1623 5799 712520
7468 6737 613729
8824 8467 320994
1424 3190 653370
6419 1121 1082045
6096 963 263127
1049 691 587766
4762 7454 848942
1741 2859 92276
6134 8979 342693
9779 9406 1015635
269 3464 773310
9075 6255 179516
502 6294 173641
4528 2224 153642
4899 7896 210945
3855 3609 113064
1803 7661 131892
5324 4971 256999
6972 4296 70572
7739 4150 477681
9580 3200 435285
1716 3153 396743
5990 7943 354692
1816 985 1721576
9447 4286 1289254
6772 8197 390005
326 9739 148851
488 9331 93954
6547 4493 60307
6661 5306 309781
4138 3778 200292
2371 1489 35999
7944 6283 1340935
9039 767 1050948
6884 6987 37430
9073 1144 56920
8617 5662 543794
636 5324 94451
1514 6583 792549
6095 3386 190427
1150 5233 384890
3583 5438 241663
978 1827 447409
5508 7742 492138
1426 8066 822995
5036 2490 635313
6389 6513 729431
1613 9235 1546063
1181 1170 485750
7420 7277 247410
9542 7075 802397
4656 7165 38235
2169 6355 256600
8819 431 708880
2570 6386 173839
3176 394 612496
2329 5720 402423
8294 4091 67504
4962 350 197460
