82
2298 4192 814904
4549 5572 2111972
6451 569 491400
6468 4907 2927532
3003 6019 2433749
122 1278 3542671
3704 2488 1837658
9462 213 413761
3676 1545 3365438
1998 2156 782699
9114 8540 1756710
9892 2030 1741043
9959 6475 571946
553 3487 664903
9657 5759 419159
5573 8750 1748360
9258 3108 100369
3235 7945 1448255
9681 3987 2843848
7747 1462 948106
3934 6616 823370
9940 5475 1861268
8001 2933 1963707
5810 9598 945754
1681 5191 2422973
1773 354 75052
5039 8418 1535928
5330 2279 50808
5174 2954 2806951
6784 9137 307741
3735 3884 432742
4334 134 2677650
5200 9333 1219446
3628 4000 91793
8433 8807 49568
8435 1749 3017811
3322 6797 30418
1077 8493 1326483
505 9570 474827
1327 4116 327081
8679 2057 312868
4438 9021 370630
2405 2521 568188
1739 8636 124123
7717 2056 2156915
5532 9284 972231
3158 334 1462501
7994 6438 255594
1252 6761 2238081
6753 6719 1113194
8809 7844 2065140
3572 1925 5578005
5671 3614 386543
7403 7226 660275
6286 8319 1353150
7298 8818 1083150
2867 9445 302682
2216 3339 2974309
9713 2134 256255
5626 9615 463892
823 541 2853767
7583 2863 192576
9924 3577 1349589
1706 4412 1646859
9835 1414 2324099
8728 4010 682577
2972 9344 1758796
7809 7606 489992
2713 9447 324127
2992 834 786855
1468 3371 139709
4394 2971 739838
5627 2931 1077495
3492 8896 563475
3240 9846 1650527
9789 4421 1002314
8538 3203 3515042
6698 9762 188730
6061 9360 90344
6041 972 186993
7777 2147 27435
4590 3228 305281
