117
9753 6690 1504556
3241 2857 1000476
3597 6864 184243
1441 1649 1111414
1603 7013 334045
1933 2017 323842
9593 4803 555747
5232 5788 449614
3574 8678 71352
2574 7856 955870
1535 3150 2421325
6630 2162 1098320
8584 8738 604678
7963 9762 477199
9592 9951 431749
8164 8045 442957
6046 8097 1173685
2774 3417 56289
3927 5774 867257
2081 4245 54492
8564 5626 734726
4384 5723 338839
649 1035 76285
2570 9031 200251
8991 9460 226628
7506 9007 3381026
7156 3049 238365
6295 489 249038
9264 5229 429013
9245 9710 1264700
6647 4069 3535833
9157 9889 258299
2270 854 489664
2577 1241 1076323
9523 281 76625
3337 8673 299599
8931 3769 125271
7970 6525 922509
1260 3703 51749
3596 8595 1663001
9450 7720 539698
9137 7511 315695
5138 9161 1808884
5295 4563 1510233
8395 2162 63831
4935 5658 925328
3796 664 1118192
1181 4385 1302542
8209 3756 3191684
6794 8026 771352
2537 8471 206209
746 758 685000
3830 5972 383096
5772 289 1634415
1628 1197 201860
2170 3932 9321
6920 7378 1129888
5076 7750 3904322
7767 1672 3682448
1016 5552 2362581
3738 3249 339215
3929 5015 2205299
4942 1202 418834
4457 4608 102020
7047 4822 35830
1388 7297 523158
4672 75 1158727
3645 6756 949946
1245 6950 4841828
3240 6592 467748
4024 6952 136055
4732 9488 267483
8945 7941 670636
6364 1902 23203
3936 2243 355656
5726 7056 2200976
4617 1525 1126600
2232 1318 415022
3655 1523 295576
6112 6219 5345
2458 3559 240727
9229 7236 197960
9176 8321 710746
3771 6751 655557
5082 2489 203758
4186 9398 1086232
7302 872 1154202
8277 7315 360156
6381 6126 30529
6489 9754 1177052
7076 3684 1553477
8893 8996 165142
2127 7238 2415652
7238 1867 546185
8718 3670 867358
7895 8831 1270552
5425 1854 369595
3238 2312 265491
2968 8819 1304784
2194 4393 621251
9515 6312 1411556
5293 2155 963646
7402 4429 1722741
2203 470 723189
6449 1667 1021488
4389 2348 19678
4685 6521 1046526
6252 2751 888270
3491 3756 389520
2908 3285 119881
9282 6573 962688
4651 3039 99693
2044 87 228842
3868 4163 1210082
6756 9554 886933
5710 6208 337524
2636 5838 728747
