66
3145 2189 8345
6742 136 4609092
4072 7266 2411142
4106 765 1605124
750 2496 111739
4934 6688 371275
3148 3085 214855
8767 8225 30273
4707 7981 2381622
2518 9393 1371531
7332 7193 2340474
495 3204 685930
6723 972 1401011
1158 4478 314588
8155 96 64053
5670 7481 890751
2558 1066 3223031
4157 962 1889112
740 8645 757376
9902 904 1050476
5214 9084 78162
5753 1338 1107959
1405 9840 1272510
6815 1301 1693522
4200 7561 281741
2208 9915 1151781
3157 2118 1433345
739 6110 1202257
6225 2422 2766749
5704 8981 3272268
112 2212 372804
279 84 425227
5644 6719 2978618
8063 6357 1356638
1926 6798 386833
2112 2572 2612485
9800 1436 1029262
7475 1071 636568
4377 6355 859984
4284 7769 4191436
5909 5125 3547513
2488 4567 634835
2327 4739 723109
1394 2924 479171
65 8248 645870
8212 2976 8929324
3228 1137 112295
4689 7761 4404520
3503 664 526183
3457 6506 1837015
2181 4572 680460
1660 5422 3161102
7021 2210 77579
6313 7508 693251
6878 1634 921635
8134 2555 189482
6824 5842 2691992
5710 2932 775749
9003 3555 1843903
2505 8067 158450
2750 860 2309386
7527 5888 937083
3794 463 1869674
809 2099 1084517
1334 3197 3376671
8767 3462 2547282
