64
9904 2860 1617378
162 4359 1205740
558 7996 78275
6971 5848 1795752
7859 9422 317038
6644 6801 852710
6043 4288 3742134
7446 1046 5547548
2145 9057 4077466
5548 2081 1221796
8595 8002 445761
7464 9621 793363
3761 5389 508217
6599 3438 1407581
7138 9628 360802
7464 1667 1413029
4122 5004 1656814
6039 2966 1549206
1570 6800 309025
7204 1665 2086600
3710 6021 2461536
7173 8962 454652
5763 4158 1778512
23 4754 1156341
7112 175 1639690
8352 641 1835701
4179 7055 1501327
2535 1691 673676
4421 789 122178
6867 9143 610594
732 8142 1834220
8046 1560 35030
8119 9636 1712954
4480 4809 355794
7316 9988 3759585
2181 5248 117701
4042 9704 1574858
1399 4551 517746
4128 948 21993
3042 9727 2877175
1703 18 59001
1622 1385 2419537
2570 4408 1335310
489 213 1193811
8690 6900 30418
2471 6643 2542004
9403 843 348760
1035 4441 511040
1230 3309 1390173
9472 9457 3811079
1422 4405 393490
5979 7987 10694633
6586 5154 4928815
110 5624 4860808
4511 5620 168504
3851 4451 813078
6679 4888 36589
8445 3621 188022
7215 3502 507934
500 3046 2759360
7460 666 1330979
574 1965 732988
1772 7152 91108
4143 6365 2825061
