80
4681 4457 147578
4707 1833 436247
2399 5228 1380642
2505 2162 700677
6037 3246 1310499
8443 9125 1686173
191 3888 28307
2068 4705 2120712
5620 8507 659953
4264 5493 2003613
2823 4670 657851
2748 2699 77230
9769 1645 1729475
5779 2968 233559
7440 5969 576996
605 3213 165887
1480 5691 1445614
7147 9638 1424719
2695 9285 155201
2478 9875 1725395
2863 9263 291825
1749 5247 224356
1404 3006 1210560
2491 9044 410847
3882 6472 981841
9134 2218 8452990
7670 3734 131476
7531 819 3444898
7792 6740 2712922
5827 2942 618914
1983 9118 3023112
5368 113 2104017
4414 8847 897071
4166 650 2929756
7191 5514 573404
4952 1124 1767904
767 9447 854917
2235 8786 111441
4154 156 309476
8296 7266 136459
2848 1532 117270
5036 7343 581224
2956 2340 413764
3364 7514 8368811
9466 3373 37445
8494 2684 786523
1494 3778 306491
9959 9623 653581
8485 278 15846
7553 7954 642424
930 4517 941117
4929 6613 333710
6979 4313 466450
1772 1644 218887
4730 9305 1633347
6193 700 2927032
255 2873 1719610
9055 7644 1750506
7789 8145 1850169
4044 5689 153128
5533 9241 669776
4130 1054 18980
2786 582 2696670
4978 9893 1306999
2435 4707 539612
3361 5100 2814738
2947 7972 465397
2537 7441 1580115
1393 7039 3774543
7487 565 195723
6571 5874 933438
1642 3486 441208
6301 1502 1803454
1453 4484 194769
7303 2509 56584
9822 2508 1004727
4615 7089 1644399
2491 5962 3173442
3096 6314 2582016
7943 95 331561
