110
1269 326 506379
4799 8861 2268245
3529 9681 1230022
3302 5584 1274882
7309 9681 618125
3787 5533 415718
2522 4516 241276
2514 5956 44095
5140 4536 739836
6234 5913 955638
5599 9769 3815965
843 7539 978162
1666 3187 1600244
6267 3691 182042
8643 3665 1191017
3197 2393 431890
4720 5311 621541
4983 2760 29636
2095 6221 1367697
2126 4702 666501
9136 9939 191209
9944 9091 11923
8376 5060 1197644
4916 68 2471216
3996 6989 119633
8019 9832 1626572
3841 2438 133931
7338 9433 473671
5173 7361 858516
1664 2515 1584280
9398 2580 573619
3902 1108 1190204
3351 791 877717
9358 2405 1650110
2136 3953 550861
5737 7419 995316
3293 3602 242394
8525 5069 1900550
4236 5713 292549
4483 6937 1872208
4734 4213 2211915
6115 1418 916977
5442 5575 1780061
6970 96 1443810
6601 7516 537078
5739 6347 503550
6406 9954 234031
1168 968 689230
3915 8010 873448
4983 3739 246169
8342 3843 697143
9573 6338 346058
3911 8853 325787
5001 1692 795132
3347 6742 396888
186 6266 718536
4288 3765 1441646
835 426 307471
6551 4950 533959
8371 8766 1049975
122 8427 1022544
5496 8251 1320479
8137 639 1630691
43 7999 2234807
6952 8605 817948
2474 8596 105112
1264 8069 683492
7379 6953 888647
8201 6838 1723709
1974 6354 987231
8348 3606 27687
7356 4822 115326
9020 1486 276811
3099 5482 843223
3422 3511 193234
6649 7623 826060
8298 8607 796190
4649 8906 421563
1569 2676 115724
3631 1014 990208
8663 1133 1097288
3659 1964 1365482
9557 7185 4457333
6758 7739 367121
6469 7660 280045
8334 6853 34567
2414 4697 1922405
5995 62 526282
3112 4622 135732
2512 4859 1300065
5352 4422 46068
5001 5734 289886
8153 6296 2400475
9006 9609 1322126
9553 4351 83018
4149 3368 414540
4828 3709 547514
3462 1973 842606
3 7426 122317
6593 7155 561988
9136 2414 3089665
9845 8482 1923823
1332 4016 1726814
6813 6715 382342
8943 7241 1517855
1968 8227 1719104
2270 6501 831360
4225 4730 218585
2924 837 180482
5155 6625 230528
