156
1731 4456 101167
1303 8323 1295404
6154 6025 888995
8680 981 914454
351 1233 356777
3742 7935 1045149
3422 2369 71030
6030 9357 365969
6269 3648 681613
3812 9861 1186661
2172 1296 419140
9360 8104 1316847
4291 880 100806
6045 3462 869658
3840 1424 1209551
2 7028 308923
3323 2008 1645731
198 3887 966836
8897 3519 234645
6611 8612 1404103
980 1723 190751
4323 1704 294922
7351 6714 163508
9962 5675 248267
1413 3961 502720
402 3167 947379
7279 2114 2173927
7263 8479 489997
4982 3432 584221
8 4134 212597
7444 39 235777
1055 8479 1444110
5988 8739 366261
962 8170 153705
5217 380 123685
8544 3292 37342
6114 4118 391330
85 9880 702920
897 7144 662075
9421 7441 210275
3645 77 71214
472 2799 3071640
9139 1215 72483
8272 2689 282764
1796 7331 48453
9971 4746 1701654
4455 1375 836373
7026 7979 52863
371 2909 597319
3227 5757 154488
5252 7840 873265
9093 4388 1820576
8105 347 228959
2932 2299 5388
9495 8896 1629295
3834 2622 109644
2793 7663 922609
5774 8135 213349
5022 3094 364814
5262 1385 838565
4597 1584 95512
7503 9947 148139
651 6211 35234
7344 7536 341711
4364 7533 992967
3157 4479 102896
220 3161 655732
4895 5935 344025
6258 8455 48806
5707 6412 298461
9245 8989 152923
8950 3855 401160
8151 5710 25992
7463 7122 228403
5769 7476 768643
7149 5735 615056
324 9548 107002
1706 4102 256179
4107 1848 2010001
497 3580 1221638
2359 272 1091864
2875 4985 1668157
5950 5680 710965
2188 6477 554909
9529 1222 248403
4737 7924 1148884
7680 6745 703762
119 1023 151983
346 8617 78811
7405 5864 54755
8835 6519 65188
7380 7658 277264
612 4706 459338
6680 2996 718038
8422 3851 2008576
2295 2953 222794
8293 4041 343472
5363 5739 726505
6134 8027 130725
488 7911 525941
9902 8793 1865357
9058 5409 305309
28 6889 512305
7451 6072 259567
2698 9915 2158346
4246 8778 25528
7393 6623 87087
6330 9262 652589
5817 8805 72778
8162 2183 40385
1217 230 668672
1043 1701 727744
7661 6525 400443
5169 7645 486564
5905 7705 405836
3480 3242 872305
3306 7560 2133741
7915 5596 254312
5155 7346 778460
3230 2202 5995
6744 486 182580
3552 9665 3109690
4896 3141 284159
7306 480 358485
1757 836 584709
3469 7566 2380068
7613 4617 1390763
9702 4331 400955
9554 285 973659
5464 407 840558
3138 42 283726
5700 5501 451939
3662 3553 111662
9594 2606 1793463
4747 9299 1090994
5660 3260 104264
736 9185 660970
4213 9619 180498
9235 5713 151403
2129 7984 220449
4900 4872 1257022
8769 7842 570950
773 4860 2271127
6409 8037 1065620
8736 1397 1287501
74 5374 526774
5950 4506 166671
3227 5953 302508
686 5492 1596795
2 6233 599758
3223 8347 52475
9169 9224 1048910
7013 2117 10816
6880 7993 708623
122 4026 19688
4657 5977 90688
