153
2333 4219 339281
801 5868 1834120
742 5918 2630468
1895 1619 547844
4420 4345 404779
8632 5531 551984
9052 8920 404729
3965 6509 85085
926 4030 610089
7589 6907 47213
8930 5215 80776
6896 7295 117615
6153 8734 958320
8599 5608 190099
1329 9190 1336502
7385 6732 929912
7624 6902 3427469
2088 5459 145122
1100 4275 48403
1297 2627 1223347
8405 1156 516818
8209 9543 315006
1664 1592 1692896
7258 8777 14422
1530 270 819257
3116 7282 882967
9032 5219 795501
8585 571 1614258
1322 1127 185515
3300 3273 455732
4175 5710 462114
8312 1777 282563
9714 2318 5248
1723 3685 506216
7884 9671 227470
5829 1468 271384
3271 4020 280983
2578 5914 243681
3586 3400 326578
5482 6849 1437365
9059 5295 530233
4111 8869 139628
3183 8100 645316
6090 2562 94849
6905 2264 19605
3896 5305 1524423
4292 1584 104050
5846 3125 938522
6640 2092 583701
8101 8663 215038
4739 8491 604357
6997 7281 1736653
2093 8582 1054628
7931 718 405301
5595 6682 3505791
4517 9748 1037245
9430 2380 97850
5049 590 1045599
2259 9542 1483001
1257 2341 1606005
4991 5162 1357962
864 894 4855
7265 7876 967643
8433 9107 8148
4553 5526 348500
8498 186 149559
1729 4367 296491
2172 7057 568040
853 3520 854903
7596 5906 195968
979 6930 368035
4205 7935 769914
8864 5815 225280
2542 8033 628112
2220 6908 972661
6398 333 2048708
5083 3047 569303
7650 8993 199935
5602 7357 2359983
9932 758 61255
3421 8947 268649
8723 8224 67219
9108 4792 370383
9167 8273 5755
3494 3714 83977
902 3897 1973244
4302 8382 269121
9166 235 286696
9216 3049 129401
6246 1636 484725
1803 3914 1427899
7559 2446 297655
2902 9887 315
6668 7917 60408
4512 5846 238954
6420 53 2207569
5972 2681 201243
2601 1066 1223002
6355 496 279826
5437 2614 78399
8090 673 797746
14 9041 468283
9476 8473 587653
8130 4755 37181
8357 7471 498693
9897 9707 212095
3633 4199 193024
1144 5024 545769
5410 4971 790863
1056 8892 1354275
7868 6491 790747
38 5182 384821
1298 4025 193389
6041 8146 329781
4386 2542 1885718
2454 2633 303201
1546 7576 104479
6814 7863 1597129
6338 1821 1125152
697 1122 823733
5958 6707 1587770
5152 5728 36958
9101 9442 952430
1638 8853 1222229
6912 3422 117968
7443 5460 366541
7785 7521 487944
3390 1655 295189
1713 1055 45575
7265 6487 750129
2189 9164 136546
6613 7333 924928
5247 573 816571
6896 3705 810989
6230 8756 104494
5702 5957 120242
9276 8193 514991
3579 4292 37876
5165 3781 414142
4099 2488 1131723
4026 9343 129218
2677 6350 281691
5145 9840 222814
2621 5293 2105335
5655 7110 117923
1169 2624 834929
983 7838 990453
2830 7342 46880
8851 7273 214796
3277 9744 2116399
9617 6164 353567
21 7770 1040975
8261 1512 115432
