155
1591 8543 1036224
3185 4286 1594118
3857 2727 245872
7665 3515 272622
5301 470 2356742
5328 5305 315531
9952 7532 32999
1118 4498 179690
3848 9379 205683
9020 1554 701097
2026 5885 1859331
889 1658 862363
6720 3864 706109
9221 6696 652095
2929 2870 52989
3250 2296 119159
3046 5180 2185541
9724 1524 444499
5033 3472 306793
7892 9380 3835
6361 9127 527801
1033 1164 144367
1398 8022 135959
9747 4631 161255
4976 6864 677907
115 2816 549488
5632 537 198896
9573 9210 535530
5144 2366 273312
74 6194 957923
6619 7959 487405
6791 798 50015
9658 8672 439081
6039 6943 197818
1450 3825 24816
2946 3391 341691
827 1339 545657
1460 5778 628377
2253 5461 1199682
1074 542 85964
7255 68 351140
4604 1577 879918
2596 6522 422537
7692 7888 17777
7095 7462 209986
5553 6788 342497
2115 5268 2324619
3501 3179 1801557
4337 9880 1346162
9386 514 86060
3227 5016 2047564
9905 3540 1081607
7840 4942 116083
4489 2910 1270919
209 3300 484953
8713 9060 20201
2798 5386 170309
8308 1194 165852
2427 3674 384998
8001 9291 1731485
5978 8974 223990
7636 8580 1061876
7659 1825 460814
8614 1631 185710
8674 6215 1170024
1626 5401 1298892
9357 4181 872788
1655 9029 171749
8542 8685 1264636
4138 7806 267523
6362 8006 117389
9204 1576 109462
5587 1310 174176
8580 7083 721463
1791 5720 296127
4775 9176 229849
6590 917 1306638
7041 8758 610093
2887 8894 1045294
7874 1030 589228
702 2915 197149
8378 5364 611761
2003 852 278187
2981 5645 263251
7991 54 876195
264 9405 282378
3894 5560 305948
3460 3019 286541
4611 3572 556207
6899 8094 464171
933 6405 780837
2527 741 269922
6789 517 337425
1863 4107 178575
6219 8052 33893
3953 5569 44968
7052 157 1088210
1641 1931 237782
4555 4242 362300
5425 2321 178085
8771 1715 2254781
5637 2750 155903
7523 9828 176846
8041 4586 633230
2992 3836 215377
2566 87 139568
3023 7856 404206
8649 3415 436248
6966 8720 494228
9762 5938 1833393
8770 1644 1362479
7626 7966 1786455
8965 5835 78982
1759 1938 673529
6266 6263 416772
7452 1022 6978
4517 5852 110463
1311 1636 1047362
3406 6926 60223
3605 5010 1012313
1187 795 2259749
1247 3051 2562778
2003 5052 487392
211 2496 157022
3140 9181 626621
6344 4519 384639
6888 6850 61679
1905 4728 217605
1995 2340 125597
1101 2064 364825
651 2720 33216
6603 75 1097335
9790 9507 377108
7332 8827 1484186
3765 1534 1897038
361 6176 693681
3701 2254 1359178
1791 7358 286024
2082 6930 597748
4945 6970 49606
7972 5877 141157
8982 2947 1427798
1681 1696 565859
1183 379 121529
5978 4411 937232
4481 5308 50076
7751 6930 2146653
6824 2112 87830
1925 5416 711460
3637 835 1492776
4701 3562 185351
461 4216 123678
1936 2338 237168
9186 3208 5565754
9706 8618 419350
