53
9814 4657 715895
9674 8280 3575474
6826 6105 367340
9435 1514 1354358
3812 2542 2571985
4675 5960 1124686
7223 2802 2765040
1121 1148 2632984
9346 7394 4197276
1341 6632 6236362
855 3821 3223547
6861 1020 500428
9100 9546 725652
8983 8411 5442174
5367 8017 2058691
4694 1444 1426558
6138 7165 2995
4056 9979 4453706
1063 855 210692
2291 3356 3286677
5835 5400 1199496
5851 6937 1122848
8259 2113 124131
5189 5740 2532288
1750 1186 895622
6299 8216 922967
6642 3212 2040940
3047 9334 928915
3728 6879 3214828
5262 5595 1206379
2995 1763 302831
284 28 1462433
3421 5644 300294
8958 3284 2049637
2131 9141 31203
2580 471 12499753
1662 2380 87519
3328 7387 1647995
4574 9902 601935
720 9040 797876
420 3339 1995021
4700 8875 674475
1392 9730 1246935
7998 7107 3531030
1506 9032 656343
7622 8882 705951
2023 266 580463
5849 1157 1608874
7534 1900 84355
4597 870 774044
509 6372 5330253
1867 4011 1238903
408 9714 730943
