71
1747 3959 2233711
8127 5922 2719402
8870 4951 1134545
4769 8551 2032694
3831 408 1317594
8316 3317 1499959
7028 3328 242087
3928 6693 450514
6062 5787 295312
5690 798 101510
35 376 491054
1988 1378 1994957
6809 5029 4050483
6185 923 359897
3219 2996 317579
8702 5570 9161721
3613 6257 2473750
675 5897 437020
7345 1680 716292
474 3562 2801738
1963 4126 348172
954 4220 1742150
1156 2344 1847358
2291 4905 3864592
6168 8813 678358
8805 1150 636866
2162 2335 3645508
4562 6433 115721
2355 809 433498
8429 4783 122122
6845 1774 301790
5665 5515 1973744
8151 9438 834838
1747 541 2259726
6124 754 1803578
9029 6891 2047669
2451 6758 330061
4244 1238 795547
6999 5273 289870
1479 8235 1303784
6983 4635 352680
3070 3666 21730
7726 9308 3200169
7332 5404 1707642
2538 6764 145916
4663 8344 761282
1292 3709 708510
6840 6427 3244422
188 4015 1174062
4120 6522 1010266
1179 779 1968705
9974 8715 1137310
2378 8125 1249957
6616 1011 2357
1623 1576 173595
393 2270 4360211
9524 1226 1064881
3055 2645 1228676
5637 1384 72424
621 2292 4330713
5998 104 1825262
20 6416 1574900
1298 6041 2574747
8343 212 477388
1761 539 301238
4890 6064 2445219
5132 2584 194363
1960 9841 84152
3949 4849 1142161
8250 4511 385931
2029 4143 872360
