52
9838 6624 1202871
5873 9954 266225
3456 6701 6873910
161 9907 402475
2839 8977 358392
888 8115 2797664
3200 7605 4196792
4074 1938 7185100
5933 2775 4506999
5114 9251 341825
2880 7092 920540
9476 5727 3281409
1153 3299 2332796
5733 1644 992205
4102 8410 1277873
1041 824 321184
6047 2612 2197367
1065 476 57923
5156 9931 3083271
3143 2155 903588
7522 4521 1214908
148 9495 2889144
3981 1486 837007
116 4142 4009893
5149 5748 347037
3882 7086 324881
2434 1017 228934
3192 2880 774743
6708 820 1146108
4536 3313 570765
6015 2671 4799794
4609 8123 4007769
3395 1365 2603169
1163 4163 880868
9061 2041 739474
3173 4716 719503
7825 4679 227185
4282 5505 20235
3826 7935 1476367
6646 4711 695707
4284 3570 1153025
8380 2001 2323547
6072 2728 3369742
7689 6587 265981
6457 8357 4660074
6384 8547 2686959
3275 8080 521545
5443 2802 522673
3002 2333 2546
3768 7116 2928392
9504 4601 3737433
713 4176 5814183
