143
6441 6789 202244
5113 9628 949104
7229 3440 989728
5280 7024 3356491
7118 834 418292
9008 2306 1187266
9128 6504 921169
3396 6926 2166224
9958 5088 141133
4299 2887 378848
7472 1388 592389
4959 8637 771855
7593 3615 1136270
9234 6515 1304185
1913 8578 1358931
2711 5881 712703
5506 6480 532455
7688 9218 1109983
3202 1416 107925
7609 7863 95957
3440 1905 556766
7885 9071 507148
4955 2712 877402
4283 8459 1630504
2984 653 345571
930 9657 69907
3594 1072 89297
6106 9251 306138
9465 1464 188304
6375 29 388639
5935 7555 568421
2092 8291 693682
5592 5037 619058
6187 2409 402221
2591 3423 185493
5612 6726 244522
4624 8507 584389
135 1475 347586
5727 399 506736
9598 5599 2542561
1873 411 375929
8553 5087 2124
5467 3267 191302
34 1356 1133094
4721 7891 384788
1788 3304 2268856
8372 9205 1064970
3528 7922 406185
7910 5738 3466990
6593 1293 670348
2187 3368 353121
8590 1046 5027
6899 5802 280380
199 344 381075
778 8321 316452
8182 2477 452170
4261 3430 21249
7428 160 589140
5098 6283 216415
2904 5975 435195
5278 719 242041
7780 8992 2087068
4977 5497 1212466
2961 9572 362710
5575 4276 8994
4140 4275 131661
5197 169 757929
8132 6099 105106
7071 6902 608728
9989 8992 254381
3328 4565 60271
4155 8515 232827
2932 1067 296472
1704 3680 520007
3325 2752 2014149
8733 8821 847455
6971 6726 1107169
1765 6303 253399
3304 3525 286008
7068 1118 1298766
3411 4331 417136
225 992 267373
744 7361 1489611
2229 8246 526978
1709 2323 213225
7438 5848 2599433
4747 4507 72019
4932 4620 270835
6776 988 671172
7379 112 30161
5579 5913 285825
2825 9744 207011
1044 2599 6136
3301 2519 583562
9088 5877 521872
7157 4642 762832
5274 66 919926
7584 1766 808721
8348 4924 1106742
6933 8739 882089
2292 4791 68824
3822 8273 213193
6616 5823 24682
631 5062 1259940
8783 6517 1942481
4139 5650 81044
1221 1814 572251
1952 3145 17949
8494 5056 165686
6379 842 532324
7026 4076 125305
9261 5552 89726
9549 1954 384702
3010 4879 307390
808 2871 1088950
9139 6871 814865
3126 3043 1600863
7981 9298 725660
4662 248 83759
24 3051 17137
5997 7900 45608
6235 8772 940863
3775 6287 176462
9192 833 1974706
8423 9361 83418
1595 6482 33963
3314 3567 1002112
6020 5002 1326462
1983 6854 83956
7940 5458 587837
9128 5319 272357
7647 1585 470637
1538 856 3189470
5790 7211 280986
8008 6223 2464049
726 1260 1074339
4219 4018 852986
2965 127 338345
121 2737 201119
7627 465 243152
6780 6066 121879
906 3441 472503
5600 4869 5213487
