95
8647 2397 320190
7197 2454 564925
7155 8409 643241
3068 8934 6208073
5497 7006 602757
9688 1306 1277712
4492 7066 448342
9160 8318 632004
8771 2927 211415
3239 2054 2253085
1501 8453 172403
8218 5953 359770
4605 803 809068
3537 3151 903818
3623 133 657788
2133 3427 1706552
4011 9754 962002
2223 1873 806872
4770 1880 497146
273 1109 567850
2004 2565 146880
7548 1846 55067
3815 766 305905
8818 4745 118257
9644 6596 468166
2399 9012 1100738
7643 2028 1357409
4416 1739 1354825
6264 317 1226752
8388 1438 1015120
2561 5541 99465
9810 5917 293640
6371 5617 1474660
4013 7321 370983
3329 4580 2444028
7973 1292 383971
5261 2764 1135469
783 8701 1257404
1007 7743 847040
4201 7966 1508131
1339 7005 609249
2257 2627 154127
4124 8229 2622745
5929 2312 2438890
3836 7340 985882
3445 7186 730842
6256 298 1931366
8935 4128 145529
981 7303 1421964
2238 9051 1799698
1737 4013 582790
7451 2363 139819
945 6374 515319
9315 7220 2508101
3588 9835 4255172
4730 7806 743704
635 7435 311303
5116 5529 286070
5051 2427 411375
4946 6723 112181
694 7211 2150763
3508 3513 3203826
253 7868 1114787
1971 8102 2660543
7217 8955 1021249
3443 9131 768975
5528 9392 682972
9800 6313 1014875
9123 5134 153071
2219 6555 349417
3795 9421 3389044
7205 2994 58761
966 2484 858829
1316 679 40760
413 6546 2947786
8090 6113 96468
9790 6228 80052
1589 8756 1698118
6523 6632 1119120
3737 1429 5877
8227 3387 2061038
6064 8008 622624
9324 4716 698657
454 9671 375040
6337 2331 2882941
8781 9780 3110378
9956 182 2429768
251 3461 754805
4900 2295 520176
5865 6930 118065
1541 9009 542859
8401 5255 1132229
6654 6799 750368
1235 2505 282769
895 9272 27941
