53
7117 4209 882291
8548 6540 520304
7767 8534 392800
4017 2486 585890
784 3377 5896081
4325 3701 718612
8700 9022 2396207
6374 8744 1680774
5212 9519 1955451
2442 6403 3462330
2290 1489 1093377
6281 8148 46841
9237 4780 5863374
767 3033 903295
7867 7970 58213
2508 8347 3395656
5128 8130 676302
8837 1098 1687848
3430 1746 2055707
7336 8583 842182
2611 668 929973
6939 3168 265329
1057 9404 2486094
9903 6572 1849748
3220 4639 3414925
3967 1404 671725
1030 3594 2799086
9855 3688 1019568
3002 7483 46508
9469 3256 776606
1584 5653 4246893
5861 6839 2126840
8727 9869 1243176
8676 5654 342399
521 5997 1866764
3645 4162 1981224
3514 4687 4606638
4452 4880 2547139
612 3044 3242489
4969 4231 985930
4075 7025 2304615
6023 3142 517523
9936 8872 682217
3605 9702 5660272
7966 9219 2753103
9333 1580 1374686
8160 9346 913057
1977 3310 4241687
433 9772 515446
9962 8961 993137
9798 345 4736368
9464 8044 434219
2875 5264 2311081
