188
2928 800 111934
4303 1028 68197
1857 5021 472693
7018 4132 126862
3440 8338 449202
8553 9770 132994
9539 855 651349
1385 315 1511481
1248 8505 556070
8228 8986 79209
7340 6103 526911
9629 7016 178935
6645 8656 307030
9096 6769 43374
557 7301 807892
3332 1635 786452
9757 4402 473788
7187 4629 125472
9423 7078 14200
9631 1668 359062
8442 3424 290925
3793 6374 170143
9033 1632 655007
589 3485 349445
1754 7918 1405402
1854 6529 214950
8924 8935 327580
9413 4176 1890501
1002 9989 357088
12 871 500644
2506 9800 964912
2946 8237 144352
8729 3667 844075
6581 2692 360039
648 8625 1492928
7100 3317 671849
5812 4862 631711
8086 5490 478271
5520 5809 113882
9092 7040 772781
7668 5650 578049
1402 4901 29489
2307 1183 611192
193 103 1450531
4257 3064 178704
4257 6214 198381
5237 7409 13792
9658 5092 1608925
2734 5850 819628
9892 6451 347886
4365 6561 663054
6929 8232 438153
240 7366 745726
9039 759 94704
5869 7500 17758
8513 536 1071532
9847 7633 1320318
1530 6940 208849
8515 7957 277757
2058 8053 597516
9931 8390 147269
1940 8881 315762
3035 9433 721406
7339 2023 1570135
7279 6484 359586
910 1135 708604
4816 6574 2948356
7104 9949 127398
6840 7446 627882
5789 1326 263935
6947 6810 946527
2698 3782 1525436
5839 5206 1392657
3305 7033 127727
1138 2013 657356
4378 6795 665679
7814 4691 1007506
3114 7896 547654
2492 3455 122412
7531 2009 1250025
6028 3933 844945
7968 9917 941689
6852 9117 1883589
796 9314 2101287
8429 9769 172560
2169 2290 577788
4757 2806 824137
5871 1981 240092
6953 7311 555776
6380 7591 809011
41 1055 6893
1901 1449 440004
8107 5428 341687
1458 4281 442549
3379 8986 3327
7152 7910 689800
436 265 65765
1711 3940 744462
2481 9918 324473
5442 8727 99561
9802 3309 209712
9471 1315 230807
546 4006 427984
5907 7053 842568
4567 1325 31174
5985 2136 61597
3203 359 29352
7975 7389 212576
2368 7133 2178532
2674 4390 855581
1379 9765 60733
5391 7709 57881
6012 9038 358140
3408 2988 101249
9497 283 2105730
6863 4749 386828
1588 9158 607153
5552 6066 148461
2658 4969 1031030
5588 1896 170681
4455 7875 194125
1431 55 3203
3998 3267 167020
5791 6199 1067364
3383 7907 11543
6595 495 755133
5525 6199 865816
5299 5055 161666
4111 9117 141007
9035 2785 686122
7322 6370 137859
2187 9568 26515
359 9407 728059
2793 9466 905953
6767 5557 808301
2039 6318 601421
6809 294 570776
6243 9851 353169
7700 6001 138253
9618 5881 1594616
6064 9523 381379
536 8446 614896
6180 7478 432565
9256 4670 154516
3533 9241 156496
2990 9037 40465
6086 8127 111772
7804 9628 1221371
4570 245 138624
6932 4803 64401
2219 7902 179474
2185 2350 435091
4941 556 340307
6608 6803 63238
8372 2345 6718
3476 3503 503190
718 2402 69707
9372 9995 153356
4892 1514 254732
6680 7840 131178
6209 5467 334560
2841 1207 370098
7082 4471 554468
5744 2501 885931
4604 9364 372498
3692 8 1116866
940 4146 1003245
4226 8827 877215
7597 8336 71186
4655 3646 306137
6712 9041 1559769
7138 370 589511
137 8118 418598
307 3691 149401
5739 4203 454571
594 7375 1677266
7037 5605 333697
4419 5894 81159
2044 5701 92565
1727 1055 292160
116 7603 657722
8923 4244 490445
1849 9899 873225
5161 4549 384839
8208 4818 195488
4064 7504 387691
2449 3049 134151
3675 7550 22129
