127
6702 9546 913623
3666 638 2050834
9562 915 74270
1088 7801 2868622
3291 861 26959
9152 5128 1195579
2442 6065 1595159
4409 7909 2241728
5583 4771 557423
6494 3790 1692771
9257 2459 251877
9942 6374 31813
3104 2735 850754
8083 1898 48095
2956 9730 614506
3582 6167 742422
5030 1762 504939
192 6551 360945
7843 2820 752836
3238 1762 2397520
2123 2545 115259
165 8041 301380
4942 6401 1182131
530 2666 228427
9874 1418 487911
7033 2240 543190
3120 4858 1778569
6041 9138 251718
483 8153 259648
4048 8295 879419
2107 5206 165964
749 9458 1192354
54 4868 143732
8797 9722 1018824
4612 144 3484233
4715 5612 288850
8905 9565 1214880
8882 8303 503724
4646 5203 2015376
2567 7455 1034532
3200 5662 427563
3216 3359 151113
4051 553 163581
4972 1315 759350
9901 5384 192159
344 8702 597721
343 5909 248565
9370 488 74268
9509 3425 1377429
4629 2032 2190010
2903 5724 2722061
48 3522 522717
2058 6078 275059
803 2325 982339
8392 6236 535777
3839 5554 1883764
8499 3970 2765165
9222 3703 2418919
1098 3281 489785
6658 5089 8761
2801 3012 1046524
3499 7237 3830
2225 6952 223689
1456 9506 564882
3597 4926 1001538
1227 9129 1657075
4513 2053 578998
9572 3017 660955
7000 8448 222111
7350 1457 1937525
7199 5715 287715
9328 2539 207705
8692 4207 506056
9742 8245 198121
3690 6977 558169
1891 537 2540185
7918 1358 117457
2845 8090 155647
1699 5077 1052737
1879 5536 1166137
492 2224 1262573
5890 837 2556935
3248 6320 40274
1204 5281 295870
5889 4289 621287
4317 1140 33656
2854 4237 733840
817 9419 1361183
3333 6738 601630
4038 126 2696870
2299 2031 1364182
1811 2579 447813
738 9706 93326
7437 7562 106765
1229 174 177528
9790 2937 338035
6416 9610 300743
2272 9692 194673
7849 9796 88586
3591 1924 184538
2658 278 1176284
5252 1086 153001
2144 8853 23872
3664 1273 115866
177 6891 263955
7998 4572 730090
5878 1893 335638
652 158 76707
2545 6032 358394
9207 661 518238
1940 2346 786913
9586 6795 666434
5882 2797 1777897
2903 2047 1356611
1867 1855 522318
5885 7351 198933
2853 5493 2124712
6217 957 537674
7512 5487 112778
7335 4786 976029
3961 1804 188886
490 671 546998
8243 4867 113641
2667 2209 58496
8143 5042 594195
7941 5591 1096340
7216 3780 752835
