54
9842 3777 3652105
7331 8710 725192
7135 2415 2454390
5215 2569 4018810
5642 276 1433882
7438 6534 2090472
9943 8284 19692
4703 4942 6160707
6436 730 859223
3099 5200 269071
6432 3739 1611897
5081 4240 722184
8939 6674 2192824
3201 7269 518086
4770 6286 1018670
4854 5690 1567679
7775 1243 151730
9066 8696 742800
6825 7829 121187
1083 6815 836869
7406 8830 8991329
1448 5569 539442
1760 5571 5761039
9063 5414 601677
7321 8004 223081
3565 8709 891037
5693 2658 363873
3296 1025 1693084
8745 3755 3017037
3023 1591 1871457
7334 3860 3631152
545 7627 714111
470 9278 4500762
2966 2405 1330658
7181 2074 4505617
8499 6631 5564217
9371 8270 111549
861 3396 2399897
7504 2969 3084276
6029 6645 613370
1695 2519 666985
2188 286 1159944
5505 3085 134349
156 5904 485423
6777 7899 667086
1523 1487 396143
5085 5371 1287783
1684 4894 1541423
4966 8157 6823935
325 8890 597734
3105 9499 412820
2171 6687 2509597
8903 9107 932860
7721 5516 807783
