197
624 9798 31165
2526 3240 527184
7618 2091 327288
2015 509 296871
1203 7733 926463
7186 7770 489633
3866 2188 922881
2245 2292 1762687
4360 2591 2530888
8053 6329 311944
7917 4983 440551
2634 4474 96506
4167 1984 176169
6140 9915 370759
9033 5532 1620299
6367 9210 23484
50 2343 59747
2154 2054 703792
7910 6589 8053
2392 4500 750300
6247 6849 171900
1951 6769 11353
9299 7841 824185
7777 3352 80892
9624 3061 661155
269 2730 68902
7024 8192 65889
4373 5287 141715
4790 5587 516740
8530 1259 1847288
55 1930 486999
2855 42 1711622
1742 4165 1012737
7830 5106 389630
7661 9616 461755
9152 2513 904687
7489 918 748090
3339 1800 298713
4270 2489 1269467
2817 866 249015
3652 1400 72302
1237 2300 150775
9641 5688 631371
2464 8838 216980
4854 445 79804
1923 9119 557353
231 4261 2481295
752 490 1376375
8004 2214 166767
2430 4869 119682
4740 3631 768471
8030 8857 2648796
6478 8326 262879
9366 530 140636
1360 5931 446083
7617 5112 77667
6913 1321 402625
8235 3494 500019
8238 9276 235643
7843 4045 124140
958 9142 324572
1205 4228 858083
9899 9555 800455
4714 666 245225
7415 9516 37871
4397 4328 384077
903 1385 331534
7801 3038 15825
7426 5730 38737
3032 8768 154417
1915 2556 731650
9016 5305 32057
7718 5673 25848
1627 1943 303697
9171 962 233851
8234 9752 345277
7609 5104 980140
4344 982 223626
6087 7310 532831
2568 5424 449169
7989 5934 381766
5607 4689 203052
5081 2815 164811
9542 3278 306791
3169 6778 729456
5848 4374 953900
3517 4272 52308
5686 5599 184767
4566 2457 404490
2444 6906 1708235
972 1354 39553
6395 6404 176671
9171 7333 85625
4573 9449 32879
1843 4017 361014
6963 6341 429733
8582 6349 53182
6441 2815 1009953
8593 1963 187020
2828 2592 3236623
9252 6255 61521
6829 9621 339267
4447 501 1327594
4823 8404 2962160
2503 4478 624110
23 3861 1149949
8330 470 414172
3092 3904 259870
425 3792 291409
2951 7774 341459
3820 2392 855913
6237 8726 25003
9871 5055 512647
6955 4303 1432762
9930 5958 70783
5660 1650 548987
7511 911 876988
5364 8168 86245
7124 9489 813184
3787 118 103753
124 6606 1162395
6007 7340 374330
7592 5140 775083
5649 4227 43747
4623 9833 21245
5088 810 106949
4524 3360 143512
7541 5804 663544
8181 106 795959
3847 7571 680188
789 4832 99400
1681 9228 140721
6887 7184 553432
5516 5091 49842
6512 5418 876049
1893 128 376325
4541 3532 74650
1439 2553 398509
5123 5247 197403
8290 1661 232405
2809 5893 167989
3919 9108 332657
4672 9018 433309
9330 5094 5556
928 9141 96995
4848 1784 180554
9550 6053 31864
9826 9963 612131
2953 9029 1372171
970 7293 650476
2877 4474 836364
136 3587 416325
6055 1234 171025
3245 7638 22430
3604 5469 334334
2584 1638 45036
882 7128 71306
3605 4727 286837
9850 832 185710
8770 5154 1518009
6631 6058 282487
7486 6275 1054878
4448 2395 600009
5488 2137 209232
4210 7178 476872
2102 1744 338689
5656 8003 817500
6119 7880 712252
3210 8086 709385
1295 1758 448468
4737 8503 474066
6964 1163 604905
914 8763 191615
2654 4929 771839
8885 5938 9091
8580 8343 516137
7717 8171 335054
7767 5242 187095
2772 5015 515228
4481 3501 570597
4112 689 1156298
9489 4718 257907
1646 5772 29715
5660 85 487800
8165 821 93882
7565 6678 2165796
5695 6730 360848
3925 6224 118027
6443 4131 29178
5200 1869 18768
8435 8919 495011
2548 1994 348136
2679 1480 99636
1984 2515 1608702
5026 3552 160996
9671 3706 453920
7136 7135 145607
