55
5959 8346 1048084
4184 3723 433864
7809 5533 6233828
8256 3716 124567
7660 8147 1110376
1181 7902 2219904
9527 7126 238139
5990 1667 907097
5403 3370 3372816
1127 1958 469373
7768 4146 197543
6649 2814 1270538
8218 1212 2298253
9111 8043 1053791
5716 4507 580035
8727 4106 573847
9461 1400 547643
8308 3522 1637655
2603 6675 154846
9820 3538 1609022
2289 193 5095714
2868 1592 9486143
5538 1529 2248676
7961 9930 1356502
3799 1800 1736971
7339 6059 1587660
3886 5271 4567158
9193 8834 148103
7019 9819 1267116
1719 9295 334617
1302 5462 1683089
9871 8837 2962732
9842 3265 1400683
9425 5596 57125
3504 2700 1774177
2565 7262 981096
4683 5426 1584430
1647 3260 1308541
3756 8294 3541958
7514 1691 3226290
5590 5924 1513790
7815 2430 2660061
1727 4222 648614
621 9162 4429773
4357 8036 1387449
4844 1184 946936
2023 1668 4724317
5492 7563 771779
2743 2056 617937
3660 1382 567854
2298 6544 2029396
4872 3294 964647
7130 4036 427931
7143 8565 2554022
2611 4113 3325492
