72
8856 8590 711812
1277 1424 2186571
5777 6453 381615
1052 7859 979009
5204 9537 1023422
6080 4508 44177
5755 9324 164605
8188 8816 583298
4733 4003 2121330
72 5204 1170293
330 9955 197484
3729 4525 4185749
5438 1742 77859
9382 7926 816198
9745 3065 4697699
4096 2471 3435408
5764 7835 659451
7908 9890 169433
2677 4045 838107
2001 6009 1122668
7042 6258 1407408
5546 2372 1205350
6766 2596 546907
7593 8043 136859
75 4477 2305408
9729 109 128822
4725 4263 186178
7317 9373 1000771
8473 84 3098515
1488 8129 404710
6740 2188 429502
2360 911 6213616
6898 6582 97381
4536 8257 2921202
737 3682 1608124
5267 9544 1767823
298 1123 999725
5621 9975 1762786
6717 4546 2008311
6781 3344 1664100
4673 66 259485
4011 7346 1338140
7851 1826 221924
2908 2599 190156
8831 4523 457706
4140 4788 31624
1504 2635 237215
212 157 3272396
6007 772 123400
7027 3552 856534
1608 5136 307737
3522 2186 627243
1191 624 2323494
1345 8975 117569
6510 2734 1389767
1036 1201 459631
9277 8096 207653
7641 4450 3115358
2238 486 566690
7393 620 1146439
2018 9357 3745559
7474 3767 196014
4383 906 995582
8602 7389 2404591
4024 6370 4953804
6963 6505 3163637
533 6700 6554705
9871 1456 643496
5737 2374 1766954
4855 8263 2495982
6104 2482 208854
7733 8411 160975
