115
6691 3150 753187
1523 7602 1043848
3736 4144 100897
9485 5215 22960
2580 524 749597
3344 253 594344
7543 8158 81782
6642 8422 110304
8734 4206 1388851
5557 2388 112860
6079 4032 3775483
4675 7349 2547178
1302 8608 2418417
74 1821 631433
3380 8562 3073495
6104 2884 1137807
2700 8414 32002
522 5669 588125
7401 9804 3676858
57 4652 1430349
4847 7076 4156878
4758 1006 326479
6974 5941 121911
1268 7989 98488
3920 2062 786474
5022 9279 255723
5565 5552 2499109
2395 7053 33418
1593 5387 505350
2950 3477 601378
4998 7426 1579551
3019 6011 226342
477 7914 2058126
1707 7233 804068
1928 4768 11132
6801 3809 51166
657 7389 60934
3746 759 656132
1788 9214 2506870
3624 1101 730629
4609 9008 1067182
2261 7296 703474
3235 3942 296150
27 4873 33672
6925 4673 478023
7789 9274 1289471
2561 1312 783821
8968 5461 73683
6710 8548 53824
9266 1933 594785
7642 9603 651427
1616 341 405634
1971 4439 675747
5149 4055 699179
192 8326 220500
9913 3211 219010
1926 4738 382036
9410 5845 192574
2747 9465 751047
3535 8646 72513
6768 6481 368415
8953 226 328482
9602 1134 305590
4371 9425 1151704
3762 9220 494549
7051 6456 454395
1546 4396 145600
3786 95 2467138
8935 6129 2776685
7729 2501 460676
2524 5679 183562
8113 80 1398635
9882 8709 660481
505 1359 229278
1745 1212 1172510
7906 9292 151020
3037 8474 2247703
9760 2577 139144
6454 8287 43953
3395 7860 99998
6858 6146 8873
8942 2910 509865
8507 3100 2378212
521 2693 88030
1660 7127 3084457
6874 4193 500643
6397 6811 544908
6203 4241 284164
7114 4629 189366
8165 2887 1675522
2550 7520 6022
2454 3118 2521510
8797 3432 552157
579 2975 1219154
4314 8318 1574748
3381 3943 299341
7093 4855 513003
5466 9037 846381
8864 8147 18843
789 1209 222525
9831 1120 295674
5807 7547 148376
5234 6239 51965
6129 3938 447858
8924 2407 1930444
7431 751 2307190
6752 2470 191261
6044 8654 1659602
3726 1309 591526
7151 2536 2623616
6436 7484 277488
4708 30 293941
3795 6832 1028061
5927 7692 1018137
7744 6131 2833932
