65
7038 6951 538707
4066 3166 826554
7270 4284 306601
7271 2207 267697
9132 148 2006951
1679 1645 770959
4220 5812 990935
1381 1927 740082
8522 3152 1179725
3628 7608 351849
7728 1246 1028647
7554 7303 103821
54 9692 453810
4277 7972 1525245
8520 3142 2004759
7984 8002 3128049
1581 5581 598372
5633 3674 117536
3499 1578 290304
918 8108 917324
8073 5832 131897
7587 107 789300
6025 6104 125755
962 7796 2580019
2318 7456 357802
3968 3451 2272312
8542 4427 5104088
2015 6680 255727
1929 1854 3644424
4964 9758 2052616
6142 6724 17368
5953 2801 1449379
3283 9281 1621869
2492 7561 2210948
9496 8183 620667
4671 9725 1093872
9929 9480 591311
4503 8151 663594
9865 8776 1113740
1970 1722 691652
2699 7982 43703
9954 7230 1963351
6488 7941 695243
5236 4676 509412
1232 7326 58749
5285 3008 3965453
3259 5975 6354
4365 1388 694358
7376 7838 2340942
8256 3092 2999099
7527 768 3929562
547 6065 374439
7525 85 276807
8421 3587 2184160
4426 2008 1076097
3677 2948 2443206
6980 1441 2316909
9649 7313 9800563
6968 3039 2821252
7702 7537 4353303
6356 9051 70362
4419 6257 6869275
6608 3773 219618
195 6748 2160777
9119 4284 2290739
