76
1693 6290 1868529
5050 6567 2144941
1143 3592 6038941
3641 6857 859317
3950 6654 588431
445 8187 2454384
7873 7972 818482
9659 5450 2606097
2949 5521 1286488
6960 2766 1554606
754 6313 300436
36 2801 250732
7085 7540 830941
8846 4638 162901
3541 2501 4330467
4558 2952 1018079
4673 6527 157739
1659 9056 379503
7321 2616 748240
1112 2603 923985
9956 4941 130460
5002 6497 1135374
9754 4498 339051
6567 9013 90752
3393 4854 667166
4300 2644 316825
8736 9171 2412967
6444 6528 1446259
8632 6531 1353666
6883 4751 1506536
3398 122 1080279
2785 1276 163230
4817 8979 2271970
8805 5977 2970441
2476 283 48212
8314 9408 5876214
2056 8911 249834
5727 9236 170250
8504 8003 98770
4771 9110 3883359
781 8218 2147585
4662 681 572827
5812 5259 110237
7877 1350 4430642
6567 4066 662746
918 3744 1326475
5385 7452 146828
9980 9629 543753
614 8387 25663
906 7322 1642250
4293 1089 295621
4385 7021 522628
3167 7461 2500998
6371 6562 5849087
9499 7357 604495
6544 7640 1159421
5817 5714 2928719
4693 1896 1349994
4285 1166 1809588
2734 1282 45892
7869 6706 2011296
1253 1560 294877
1883 2276 1752711
5812 473 512082
3509 9952 2735819
2902 5404 507199
8186 7056 970814
7049 1725 56081
2517 9616 1707218
5923 6054 1042571
440 7336 1041555
2929 4114 925096
5081 9987 170663
1944 6285 693074
6663 2981 1250203
4948 4218 118438
