189
3870 2 544959
7340 6548 55957
4024 4134 775175
5630 3562 458280
8615 3959 584133
9347 9304 539381
9439 415 170274
6452 6963 74785
1693 3723 997753
2952 7167 63537
9805 1249 543805
7185 4366 259025
6998 9211 1788353
4769 5363 968116
6384 6973 595271
6473 2558 355446
2464 8233 404637
9431 6671 449636
8916 9316 28839
6648 3009 1818430
1145 2819 648533
6344 9430 629138
2391 9915 1264507
3231 2666 599217
1908 2992 130410
901 3313 834507
7442 790 299496
6481 7744 895054
1067 8043 367888
2860 23 81557
9026 3097 831187
729 151 117985
3455 9798 417556
6085 3030 607139
3214 5578 1011381
6467 4155 202878
7353 1321 518777
2874 1053 608848
2859 1262 65822
3929 8191 810498
5361 9587 64047
5628 6829 64701
3207 7853 109153
682 9611 17479
7641 6939 28302
78 9944 674458
1169 5066 566
2643 7641 170438
6143 473 772240
6128 3990 800390
310 1550 248152
6305 3210 143755
1284 4346 412178
3535 226 157043
2099 2300 1637818
8546 6041 979170
202 9297 614257
5139 6128 501669
8755 782 170861
2158 8080 1067396
3338 864 445233
3822 6720 52222
3039 2139 57948
4975 2917 18847
6451 5104 173307
4078 614 89022
3127 8504 160452
9410 5054 342216
6961 1328 221442
1849 7969 38143
4704 7251 53471
7286 6171 343033
7177 1534 434933
2183 8975 92263
7843 6984 477417
612 5704 46437
8820 9147 952336
5577 7424 938061
5029 3088 188445
7805 239 983159
7143 7098 107107
3791 2435 48700
9368 1602 546332
893 9200 511420
3042 453 1022325
5342 9248 148102
7508 1180 598678
657 5434 194919
2871 9680 2053188
5181 7099 95534
1959 1680 481629
9200 3863 27752
4960 8681 159933
8313 8304 626370
2077 7402 119377
4106 5035 328808
7601 3766 183553
5530 4549 283150
6707 9782 941946
4551 4934 739002
4860 9837 2752181
2625 4664 887726
5904 8631 1071731
265 3855 52239
2351 2267 581897
2811 6658 46728
6145 1474 127798
3460 6696 1145344
6687 7965 459563
8374 2126 7290
2813 2814 193349
1555 1776 319621
2384 3441 766045
772 8120 112995
7964 9300 42396
7039 5737 4986
9663 4002 126032
4170 7916 1376912
4537 633 433904
4813 9795 1668571
7480 1598 617692
4432 9333 777937
2549 5055 220640
260 3811 824036
3661 9765 564154
6937 4928 1524979
7836 7505 296031
8529 1827 537409
7896 810 187512
9832 3012 1697455
4743 7538 1118215
5560 579 119842
4585 3100 882260
1738 685 513058
106 7965 1785249
1004 5207 461320
5632 8299 2417766
2251 638 181482
8103 3039 677965
9613 5984 197918
6840 5334 128675
6402 8300 158637
3222 9455 150269
9137 9809 1464533
281 8305 812217
4018 8020 125088
4332 9472 1240218
4638 2689 501641
9520 4193 376383
9615 8855 125266
3811 3834 384027
8739 2264 623443
3845 149 74489
7041 4945 566613
5979 4636 831
4010 3942 1422904
5535 9847 50856
3666 1437 116727
7057 9077 3788
8113 3147 2128937
2888 3173 336772
2570 5679 186240
3103 3509 17574
8632 5381 164168
8077 2912 569118
3735 1517 333613
1003 7057 93153
7762 9649 7894
6633 3678 1039712
5744 3333 323276
2119 6491 86632
6569 6264 344866
9960 630 763604
8398 9242 370649
9228 9408 68774
3835 8617 700691
8465 8271 531500
7116 4924 2310600
4356 4661 550081
4311 1072 256209
2686 2832 338045
6100 8780 1452983
8463 1089 18525
9290 6936 701257
9336 207 73796
7996 8187 193742
9426 6949 2642938
4062 6528 611917
3692 3591 297446
