78
4610 9667 1040267
9753 3655 977592
3686 1199 544148
9961 9044 441254
8232 1848 30289
8468 7573 4958663
4932 704 1843137
2168 5867 2090663
4790 9037 325798
5078 1716 22566
5500 288 1332550
3031 2972 2018984
4986 8304 1584032
1398 6289 718408
8002 2890 98956
1075 9642 4293050
6429 4734 632785
4898 4713 297326
1313 541 175539
3798 747 238517
5759 7584 722180
8137 7410 1428409
7362 2495 2554699
5871 608 320114
5560 7739 2033392
8137 9883 1322103
2474 9890 1137663
3494 5182 366266
5534 3470 520012
8019 473 463891
9525 3626 41967
4168 2779 456338
8363 5416 1572961
1647 7381 735296
647 1872 2546568
1057 4541 2180636
7910 6594 42119
4547 2735 30243
367 2963 1041636
4961 1353 712309
4596 8817 1294883
7879 8554 3588339
8532 2137 207197
1917 118 1610886
165 8234 1877109
1994 4290 538165
8089 9090 4764037
3988 5622 3552235
7654 217 789499
2320 7706 674842
8802 3599 419261
4017 4391 1657492
8721 8199 1109062
4810 8317 876177
1785 8469 300618
4961 6535 2366715
4625 2227 2597338
9395 2380 398678
3959 3498 1153602
4734 365 161864
5786 1105 2547681
5871 2224 25173
9799 8347 623392
7575 9598 2740401
527 8572 1099983
1936 1390 4100860
6786 5093 1739467
5189 7668 178529
4835 4494 2084458
209 1177 760137
3482 2863 4661588
7872 8753 1562761
8182 3540 451188
9363 6877 1394427
3344 8647 11443
9046 7843 1388876
5396 4539 295567
2507 6153 502744
