140
5622 8946 1536218
340 2073 257996
1707 1168 1110669
7730 9815 246746
2456 276 1042930
6888 7043 62468
1217 1524 910716
4004 670 136178
3692 9590 51116
7056 1951 86428
4774 8861 2408512
2260 207 59595
4295 6611 1299117
5204 3146 840960
5986 383 676971
20 8617 274679
7891 5433 56419
9390 2957 708168
4218 4470 1407042
9811 9617 2207576
3533 9393 596003
1280 34 219750
1336 2396 728258
2216 3575 343023
3193 6996 1150243
4440 638 395131
6949 64 272671
4938 325 882644
4968 3249 632857
4735 5919 720903
4294 3920 713024
4101 7363 1422530
8682 6110 277586
3200 304 76889
6126 886 28283
960 8603 314904
5068 8447 1011620
8557 3344 860870
8896 620 1472184
7506 2568 105598
4149 9232 78824
2928 9099 1364432
7786 4391 396168
3800 250 217610
7147 81 601285
2559 8431 184746
8075 7564 1553006
6259 5009 1295257
1363 5408 650537
9975 9597 789641
7724 6671 421894
8306 8035 1229658
8823 5223 876197
6508 2788 417036
9037 9067 310383
8936 4217 522276
4237 6982 282386
3297 329 891582
7873 7050 1566064
9593 3943 581658
555 5425 188525
5662 4474 492754
8963 41 300069
151 2327 419193
2670 2751 154097
8557 4263 427869
7006 3925 76284
7177 8436 1734220
9314 7832 435794
4640 6723 263730
8175 5436 940351
2693 295 498414
7313 1463 2216742
7706 9176 492882
334 9942 784990
2390 855 430262
7000 2939 1612302
998 58 78412
5008 6346 1897147
1708 3866 273011
3314 7434 52390
6718 6134 1497306
5379 9576 310869
1545 1516 650694
4773 3712 1199342
8018 7683 469532
5019 6949 491311
1356 9266 111732
6022 6961 842744
6778 5630 571590
7335 5024 620554
9610 4485 259980
6712 8625 880323
8420 5307 977423
2440 2118 61047
9438 933 1442163
4495 996 2523438
5 2479 136170
6450 7950 1379418
2526 390 46052
8246 1340 123024
3333 5125 168764
3586 9917 607751
2255 8890 2965786
2075 676 1271609
5208 2802 442423
9146 3363 82992
1923 774 1765067
9350 3503 579903
8387 4437 444681
9327 2102 1367988
539 8668 79328
9272 8313 1099921
2006 5176 534720
1657 5109 382881
4619 6950 321632
9558 9056 750615
3320 6775 223788
3382 1282 143078
7524 4224 495738
397 5804 869859
1702 9702 1097278
3208 4269 535922
3348 2597 858269
1089 5572 427303
2493 8276 2208481
4948 1318 346580
7042 9804 1906142
7253 2833 728453
5556 7694 1211294
1229 5120 37525
1578 6763 668612
117 1466 144742
3621 9783 433033
6186 8275 93814
9544 7058 955584
9842 1270 1566035
4636 8435 10269
316 5178 86646
82 5680 1885229
