53
798 2204 429246
6183 3585 11485387
7079 3105 6191537
2318 8297 3431693
9451 7221 834013
5481 1404 505559
6275 4445 459334
1548 7786 6586595
2599 8667 2536535
8977 3520 1407557
6768 3502 377614
9858 6507 3827589
4203 1281 966242
8968 9651 3863795
9867 7035 2879726
9973 259 310929
4611 166 430789
7573 1612 2994096
7081 6872 587715
3939 1549 1537095
234 5144 1644229
7932 8237 599155
8022 549 2705141
5253 323 450322
6859 5364 4695277
5459 8561 1112953
3010 6617 1006414
9962 3390 794548
2994 8209 1494295
6096 7043 706970
4017 9027 323164
9348 3002 1916740
2288 8249 116909
1484 1027 80409
156 4288 4256005
397 5762 553262
2039 8683 183712
1322 5198 291004
6989 175 1005631
1874 4247 1459417
7355 1802 1188759
3547 8918 1171420
4508 529 1107111
6329 5122 1372006
7384 3456 1113341
7218 1488 4588470
445 833 2656888
6547 6541 695845
9948 4520 300446
2780 5740 997497
7634 2912 515674
3067 7324 1097107
4469 4355 6156833
