72
8677 13 975998
2180 3446 181052
6285 6079 9174247
1024 6690 2126426
9425 3333 305062
1420 8386 214665
9794 6787 225082
1124 980 198169
5135 3412 2819404
5733 4878 417493
9229 1601 347853
1601 3330 406366
9791 8153 310135
4917 9898 287381
7845 3431 230998
1261 3039 2384677
373 4209 1742714
9854 673 240900
186 4269 97807
8142 4739 328986
4570 3594 1098691
6439 2457 1790524
1474 7587 1097524
4002 3887 536000
4905 2748 3041879
7944 8677 1182956
3630 8686 332558
4194 1316 52956
7013 5952 1535119
2460 1048 939929
8571 3143 1209109
5057 4542 2403110
1956 4665 4717783
2115 4643 1662755
5547 514 992828
4323 8927 2573185
2388 5072 1050341
2717 8212 1332695
6843 709 2112866
3188 7469 332920
4829 8435 277623
7727 9468 1735632
8383 4213 1447403
1016 1305 1806674
8610 8121 599643
2870 2478 375374
2305 9445 4891939
588 8346 1009562
6837 7059 1610819
3220 1971 3913817
3166 6428 597192
2365 6164 2727670
9179 9692 4936005
8249 6476 1941173
6916 6515 297530
1378 8614 3558395
5399 449 318189
3289 5025 1098175
6194 4030 1375237
171 6417 377361
5630 3759 305822
2456 4689 1418450
7843 4932 498007
12 8551 1833459
7463 9799 412278
3634 480 1026543
4572 8553 2233378
9332 5255 1387439
1264 7190 428324
9037 2456 1297713
2889 9017 338355
2400 8768 913676
