89
7914 6948 770065
8696 6535 1938244
172 2882 2269676
4697 3888 452275
3702 5073 427563
5680 2818 328988
4611 337 1138291
3993 6352 2460232
5890 3066 269883
8222 7296 1934880
7479 4714 350438
74 2094 1129255
8138 6591 21150
2044 1602 164560
6687 8969 2912634
862 9702 2398884
7562 932 73708
1119 1044 382608
5232 4504 78325
1086 2199 150355
8601 8849 2620655
7205 2040 1414079
3537 9346 10879
3214 6506 242037
3314 2839 1216485
7894 1014 134583
1605 8773 280600
9506 5769 577570
1816 7695 713697
4349 6716 8470871
7560 5588 643453
7540 1469 336112
3422 4013 747636
6874 2993 239348
3362 4199 392328
9223 5692 122691
7606 1998 202694
9590 4434 183264
7989 8932 102691
371 8326 5211300
8767 8205 309950
1212 5654 165620
1739 7461 57229
2392 8498 41445
2303 4591 1094351
6878 5808 80905
8279 4896 496351
1380 5322 1354099
3967 1876 1314812
3329 533 43664
1157 5097 116564
6390 7759 1028795
5347 9494 399675
1094 2456 2764318
2921 6122 53931
4244 6971 3516325
7222 2332 1407851
8667 6435 1378291
5138 1328 1748761
3209 4109 169751
4410 6321 473363
6862 6504 557352
2542 5335 283272
8629 9812 990801
2153 65 959330
1168 9312 1865407
3137 5649 2978367
3691 1665 354628
6182 9548 1599975
6711 8955 1853425
6707 9226 1995528
3293 7448 1275414
6782 931 109219
9649 7985 3111781
9883 1185 613402
4255 9379 5911013
7213 5954 2478921
7434 9857 931875
5355 7243 455909
5698 152 459139
1184 7420 819727
3133 6269 2824935
4530 2798 854755
5494 2896 597790
8065 4377 1880129
9792 3842 488853
9462 2372 799280
9384 9223 96999
4863 5941 1321736
