111
7378 3657 174282
1494 7224 445260
6164 6262 752229
8903 9042 930912
4697 2310 1365534
9444 4098 451578
4220 2081 236880
2679 2515 1233973
4114 4694 310881
1488 700 290731
6943 811 101140
1757 6264 49722
4293 7609 385360
1768 4695 136285
5963 2896 356672
4645 9872 587464
8264 4609 1878975
6737 6966 56140
2729 1585 119787
3992 2725 641725
7763 5640 815722
401 8459 1087120
1746 8895 207061
3230 2235 353451
3393 1133 3344339
1874 2634 534690
9446 5133 588152
4393 6158 2944097
5938 4919 2353656
3034 3856 1460888
4544 7109 3715319
4194 1269 1309717
3824 6727 436662
3015 2157 211327
9870 8464 1342904
5119 3489 268530
8620 615 209804
1416 8159 62380
3188 3295 666195
7479 4195 2335784
5918 5078 486997
3886 9900 1147865
3337 38 2740844
2793 1480 2457527
6979 3224 884888
8920 1997 426403
2914 7643 3392270
1276 7372 1187490
962 1452 101645
3990 7532 371460
5920 1162 1104005
110 3947 1466049
9551 7752 938117
6168 1387 806096
9354 6275 145327
4987 5538 33678
7433 9098 466206
9830 8675 338359
7084 7900 84199
5855 2159 959332
3287 2996 1221024
9742 6785 406825
502 5369 413262
4265 4722 761069
4905 9334 445192
3702 6454 22403
81 491 568300
1267 897 2766285
9816 8623 1015579
1918 2076 1301774
2969 2478 1658399
5171 1064 3418782
2456 8034 1279614
382 6047 2118801
4839 5165 597458
5493 5259 2125308
5598 5570 15522
9069 6402 1426553
4724 9404 165204
7426 5260 926686
7117 29 501607
3588 9032 1003414
1693 6444 3230755
3178 470 537483
609 8648 3520434
5389 1779 1636866
3386 6082 509206
6198 2827 694900
2887 4115 111700
7486 18 564533
1621 7466 163756
4904 4875 24629
2450 4150 451105
2860 7911 192449
6901 8937 281582
2187 1001 367193
415 1243 88796
571 7306 391228
1669 694 523613
5559 3 266301
5985 9350 817271
4154 221 206815
1818 2563 2013766
9498 1496 710551
6169 8085 232673
5133 5795 131746
1023 8334 269255
2422 4676 1702326
2594 5288 424756
275 6766 865454
5493 3442 617712
