70
527 2017 124281
6391 1966 7811310
8845 4842 510477
8906 855 688779
2687 5562 410521
9809 6757 1552963
3567 7149 129833
9561 7186 1529174
3279 9464 2769966
4087 2314 3754393
116 1300 10977
1962 8505 2219415
9530 8016 3006972
2588 5501 1877140
1179 1855 204105
8995 4115 2441859
4403 449 3011325
5727 6 600630
9725 2186 953927
1617 279 313601
838 729 2388923
2137 6950 877125
2623 4874 2637855
9372 7696 3213874
7396 8986 294532
331 1854 1426637
4086 2197 1019466
9649 4065 302607
4891 4935 4360558
8388 9620 203288
562 8474 1741721
4123 1171 1269232
6062 102 604504
3934 5859 391364
6453 6088 249018
7097 5790 1577066
7315 2690 980053
3865 4383 395357
9877 8912 1951705
4730 8141 3390069
4746 4824 1074577
6591 8706 177544
681 6685 85369
5392 6173 1053840
4880 7360 1476101
4351 463 1564042
6740 3769 1221620
1135 9628 2146423
8592 6786 269608
1843 7809 2377269
4612 475 614956
6674 1594 3045473
6733 4901 3895884
36 7638 1560497
5895 5391 1821762
3325 585 325253
2147 5335 1127607
6987 1031 3440675
1987 78 17045
1263 3255 1077272
2782 2856 1197645
1973 3459 1068333
923 6592 497448
3044 1544 923144
9215 3724 647164
7801 3508 119040
3548 5212 965347
7889 9298 907924
1608 3276 633972
7802 1288 1470564
