174
5142 5259 347596
5142 4294 89767
3040 403 353528
7879 7433 205175
9490 5383 2106336
4106 7261 538119
5092 723 1581619
6751 4805 237331
4031 8250 523296
4341 4892 947017
3084 8773 235558
4660 2060 1317719
2106 6923 1938
4262 8859 15378
9949 6201 719988
1668 818 2127810
1263 1385 75291
7030 935 178818
5210 8916 125727
5597 6312 40925
2908 271 703228
9376 90 192568
7234 1141 195648
5928 2241 298166
5170 4659 18401
6974 3710 512916
454 8889 979716
4466 6704 130932
3392 311 472830
7512 2125 359488
7143 3440 1631787
2592 2799 1146332
6660 3613 739377
6083 1809 200939
1492 5529 759585
132 1453 378302
4263 1856 668649
1150 1361 816835
5633 4856 494497
4547 7491 1629605
4004 4588 773776
6209 6654 594239
5158 9424 76878
8256 1903 79093
5957 9968 292342
4701 8619 411301
3228 500 450829
2459 4739 300481
9076 5512 386275
2501 9112 19317
8969 4970 458954
8081 260 1358546
4254 4171 596307
1071 3464 1181347
6810 7401 680523
2943 9800 47594
4731 5400 439198
3908 2530 320412
1349 6193 254699
5359 7915 798053
9600 5659 106822
8664 9126 365752
1074 5375 63900
300 1544 303212
5585 255 1087420
62 3063 17637
450 8046 338693
195 3037 286995
7079 4702 160077
2566 133 581222
6349 9013 56859
9451 6453 1337338
1880 9983 247462
914 203 1902290
7110 2808 663324
5408 673 8476
8138 9834 938815
2456 1039 348606
2139 5574 535589
7202 8478 983829
1768 5930 59144
6869 9164 100559
5355 8883 72304
2351 9472 402914
8212 6889 1411376
2658 6847 557680
9207 2385 10521
1089 2635 760714
4568 8263 102502
6635 7363 40589
1718 6653 16483
2481 6105 459851
7056 1880 108567
7807 5024 224840
4626 8660 440680
7759 4887 18555
6332 4917 1270132
1547 6386 1407617
3221 1162 115052
4189 4681 219515
7215 1585 2415798
4644 9066 10166
6031 821 1825511
7303 7415 3022737
4021 9352 722082
7625 8092 269887
2038 4346 76653
2545 2603 1237068
4863 9668 677161
3940 7378 374307
5316 1791 1293420
5928 2867 411795
9156 2610 616426
7433 6690 13472
2254 5865 1095795
4143 4185 802874
9489 8309 1170214
9385 7014 197387
5816 5347 46804
222 6661 365265
2398 3287 465983
7817 9548 332811
4498 2004 578256
7362 682 541836
4127 8828 166072
6760 3458 522909
1645 1252 214493
3630 5913 170123
5406 2023 723149
4018 1333 519021
5743 7354 111159
5585 9853 114749
2543 563 985569
2960 5674 593124
788 7986 762845
8247 236 462018
9328 8317 1216749
1011 3379 559180
7407 1604 920633
5744 5502 1691387
3463 7251 977874
4245 4103 1711091
9037 4125 184587
3309 1372 68918
3614 7707 500881
4681 4135 712276
7233 785 221962
7772 6170 665917
9385 7320 184880
1058 2962 820156
9178 4623 143499
6871 3500 437004
5712 8390 1017893
9568 7329 540311
5738 2910 931645
1065 658 62457
2709 56 1848230
2931 2329 720232
2506 1524 603984
8719 7901 882280
7673 2121 868571
2210 6574 56825
2684 4323 112446
7621 1887 1101026
4513 5200 223831
6983 6416 229038
4935 5608 1172180
8277 2550 211421
2992 2552 137411
9619 294 477308
2849 1916 916775
4167 5526 231453
2679 2738 803285
9283 953 172651
