69
1776 8606 42095
4609 6889 6426445
9495 921 1822954
7267 8869 1231874
9575 6744 1719039
6095 7308 586375
376 6952 1164227
4407 1514 1657231
6406 749 196350
8842 4709 102310
4910 7229 338134
9965 4920 223789
8828 9622 369462
5905 2246 4686028
1454 824 867818
9256 5799 293563
2217 7863 493247
5651 2154 829792
2906 1973 1192746
9246 3609 1177909
4976 569 936441
8500 4510 2425357
710 5182 355132
1365 474 2463538
4595 7031 217602
3508 3019 5837487
1943 5776 4219573
4152 9500 986239
2641 7479 241493
3438 4228 2555451
6249 8409 1311297
7201 3027 4679795
3432 6979 491089
4878 2178 1892208
9192 9066 217592
6913 6817 933795
5540 1016 567106
7648 8834 617919
5953 3497 5518569
8954 5406 2859444
6753 2641 71828
3006 4956 1437644
9268 5546 3177702
9464 4600 830778
9987 9393 313781
1352 6676 2180038
2035 7562 1381879
3997 5088 195205
9489 9980 1850309
5774 8711 2230649
9251 7331 650483
2974 5881 44597
8195 1543 275653
4851 7055 79899
354 3002 763038
1372 4489 2384794
1744 4225 247505
5517 9390 2468733
3625 5702 1172870
6613 104 170548
3548 633 309185
6088 2485 329583
2743 2645 415486
1709 1599 1054706
1825 9324 4451140
3311 5573 535795
1091 9588 1933083
9936 6131 2680388
7637 2742 1614186
