104
2430 4578 1922787
8648 16 875373
9332 669 2473507
8690 2749 639439
6086 5973 762498
2794 9621 866547
4894 2998 2160168
4775 2877 3471840
2219 7875 1933434
6616 5148 316961
5633 2036 695511
4925 1595 4252819
3159 9224 3632549
4137 5831 444373
1885 8178 476118
8216 2652 1147828
8204 2062 1986279
2479 3000 2021972
6079 117 695058
8945 1653 1536848
4367 2854 31305
6027 7911 95950
5678 9822 369123
4492 8887 2369883
4701 5009 774737
2222 9059 117328
8878 230 429980
7305 9264 319185
7420 7999 617454
3306 1048 3100935
2444 4798 30434
8246 7702 2794099
4427 5165 1547553
6212 9299 114934
7629 3649 2241242
6042 4831 539306
688 8205 1226263
9046 7792 125275
2245 2310 351753
9331 9784 1194677
6353 4939 1206026
4118 8668 1437091
8728 5828 1358723
6929 4693 951375
8127 6502 107490
6374 9320 147473
4418 6561 222212
400 8386 648694
2105 6292 1208151
3141 8484 2447583
1478 5326 424549
1383 2022 735657
1970 1314 486125
8049 6850 276767
3944 6382 726701
2491 6776 799008
5948 7509 34003
8062 6084 904926
5810 7766 722279
2069 7772 247598
650 7037 1407491
909 5797 402191
6831 4285 285062
3076 4990 488874
6238 8569 232765
3910 7657 1352623
5384 4723 254143
6722 6011 570463
5390 9124 3648795
4192 9853 233440
6535 3146 103716
168 8301 1963462
1120 5956 212391
9655 4818 863467
3180 1177 996856
8713 1612 482765
5221 6110 396386
4623 4333 509666
425 4452 214438
6308 4377 758765
7422 7085 638560
4036 3310 79565
8829 5067 454628
2061 7741 1579692
3913 8767 359312
972 5710 1579735
4370 6074 338382
6666 7264 727410
9130 1763 1002405
2883 9195 554621
7429 6252 1430242
7200 1547 580402
4133 3111 590428
4541 3914 3199545
2942 436 1698735
6220 6636 197602
6895 5147 639189
6307 587 819952
3640 298 202933
3182 477 183774
4051 2022 906401
741 1803 27190
2353 7966 476804
4091 7592 558978
