157
5468 6141 1454129
5205 3265 572749
1901 3850 225657
2922 2667 168027
5350 9972 1138411
1952 7859 301863
4222 8927 152039
3733 5675 1789662
9224 6804 233181
7611 4868 506590
505 4199 2002034
2266 1532 201280
1619 8129 682719
5915 9716 369780
28 1677 977416
4034 1331 105701
7593 8251 922579
2316 361 566535
4609 270 1865983
7805 7132 137762
7449 9637 827652
132 3659 1093575
1504 7894 222024
6302 3802 159945
1554 9454 1715645
6509 5840 108672
7141 2173 115923
7046 4056 147595
8680 7482 183463
1803 6902 831169
8052 4636 1217923
2626 3463 784979
5434 5678 668847
5308 618 1514298
367 9361 1415568
4134 4950 314727
9273 2808 604090
7395 8148 1209271
2394 2501 1091311
8537 5731 1010415
6694 1208 1904145
5853 1060 15911
6403 6808 460631
8536 7147 1476599
5481 9289 124489
3397 941 231403
3127 2111 1055214
853 4575 164016
3212 2477 404944
5292 2746 688057
8371 4167 66406
630 1311 295014
1627 4339 355514
1153 6381 58182
728 790 95841
4886 8681 258608
1066 3832 727833
6678 7157 328622
2719 3183 402392
6765 6121 929244
2088 2852 3001430
3050 6829 68960
4000 6039 48822
4648 7569 436192
344 3023 77083
5300 5531 198614
6196 830 109052
9729 387 1123701
9285 7197 1386987
6915 9929 948429
8295 6114 621327
6999 7094 270208
7601 1948 323491
8986 502 2106255
3 7486 92251
6982 382 155733
1473 2020 1653241
4871 9770 631306
9703 5617 118577
7259 1835 190076
3245 2650 319042
7605 1285 232313
4949 5947 644121
1681 8235 1353198
829 7318 27464
6194 4958 316668
93 6919 70275
1752 9447 350374
3851 6040 1148222
2214 8820 201279
1678 5741 446778
6938 40 1334545
3935 129 738953
3008 7702 494771
8953 8356 613140
4786 3666 540562
292 4912 745038
4298 8159 732774
4150 4390 15647
7098 7291 1152434
7905 6019 304557
4552 5303 736345
4024 9637 1802768
6599 7518 329821
9337 8687 220417
1718 7726 250619
2188 911 110672
413 2838 1025596
9002 4212 40965
5556 5588 884860
5654 3764 89118
6911 371 222744
8873 9094 2506627
1648 596 510590
5658 5244 1394826
5147 4007 52739
2590 7065 993130
1153 2159 1566063
1803 3384 44303
7125 9686 164298
4487 5607 712387
2432 3232 1777150
9355 2195 994186
6702 5371 5338
2988 9734 1751065
7472 242 378370
599 579 1225617
3536 5459 24230
5878 2162 2188371
9693 6249 684492
1728 5405 764929
6798 5644 2088550
6859 3022 60953
1403 9833 564557
7255 438 55863
2001 7270 893483
3600 6858 270672
2006 4799 187606
6183 8133 691584
9228 3123 26354
5822 2200 317046
6445 2937 628017
5395 6883 162186
6905 5881 936580
1918 3723 1077241
9878 1673 144568
3409 9580 293342
8017 6591 79219
920 2896 173297
3286 1330 241492
451 7807 85383
1765 820 301503
4310 8428 564493
5247 7737 79225
4008 1376 404046
5230 9578 746659
9334 4867 475301
