164
1504 7610 244722
6836 861 2006644
9625 1562 201728
807 6824 971273
8191 9381 235937
5735 797 388495
4316 6042 148122
1007 5467 1408630
4237 5185 1587702
252 128 2009475
5949 2606 1222692
4059 8316 854856
6939 5892 1167321
9915 4168 600124
6963 2513 1074027
7752 2095 1500879
4438 4536 884487
7292 2914 145966
9436 9831 780675
1252 7760 915654
3032 1690 428100
3236 8336 1146508
1023 1167 159580
4004 9969 233821
57 5266 339359
3040 7311 1498151
9002 1710 756584
208 9640 148334
7039 943 176906
5484 8123 584642
742 1042 1032236
3305 3650 138669
9149 6815 241812
7648 2256 932088
6946 340 319175
4258 4865 580063
4738 3289 2074429
4494 5389 887049
825 1820 1219986
7154 3688 481397
2358 3334 1015502
1537 8483 500803
4696 9355 214738
8592 4352 585712
391 9929 255205
3305 752 371637
2871 5885 823943
8882 6962 160833
5093 3782 505436
2232 6736 206160
5150 692 599123
516 5034 322214
6235 461 49535
7165 1606 15499
9009 8060 486532
4044 7421 146828
9600 2018 322613
6127 4483 1653791
5279 4412 1653366
3328 1520 762671
3079 6328 583671
7348 5841 1270124
2304 803 139530
6410 4921 333444
4065 3745 140701
9472 1865 243201
9296 7326 1319147
1401 4245 793543
3896 465 973621
7650 4780 333998
5024 2959 531981
7161 2060 27189
5706 9479 97003
6621 3385 209895
9197 293 41139
9911 1284 1669587
7112 7417 581178
8710 3395 651733
7206 7138 483190
9207 3152 61381
2220 8512 179698
9187 4260 773910
1836 5170 236896
4474 1108 34994
389 3403 41398
7442 219 362118
3240 2117 497080
1944 2037 514718
2816 3136 2541921
7206 1620 442358
2138 9963 69844
293 6470 873925
7489 1962 283353
8445 4972 511978
62 1044 1467701
7732 4784 726283
8719 3415 28212
3964 6539 78446
855 9183 973840
6257 1154 2206
6515 5326 2568965
145 4068 109592
289 1063 1119589
6921 895 248270
149 9108 98386
5234 4588 178953
6218 3282 352210
4102 3682 464263
1386 2732 130742
9341 5071 1234015
4138 4467 485627
936 5886 284993
9860 8266 51963
2981 5188 497064
431 8309 312359
3362 9521 73385
6133 7935 907163
1746 4924 961741
4074 899 1606017
267 8684 223669
1582 8338 874761
6036 1447 179870
1817 2529 1403368
5954 3631 313238
1247 4825 589729
5395 4639 976362
7429 9894 13774
2872 3378 50607
648 2697 249154
3913 5228 236279
9858 8505 951525
7751 9184 121418
8334 8969 1006917
889 2724 373963
2523 3595 652358
2614 7272 307553
2303 8456 761390
1502 9929 686117
5531 7885 1544501
7631 591 314986
3586 9614 944320
3409 9712 20485
1105 7110 1044775
5375 3694 128577
3598 2142 243938
4251 9881 119604
2427 5410 521823
7334 870 115933
7731 4941 298877
2583 7349 1036048
6034 7184 874503
7612 7450 13441
4929 9060 2388377
6414 4515 520702
3209 4816 370526
7562 8884 6451
6148 5954 890439
8842 3450 758128
7713 5819 528315
8771 7754 659233
5835 5221 329792
7711 1797 901709
3352 7771 4674
7997 7219 255920
