65
871 990 1558063
9920 6324 1927819
537 258 1234052
7299 1129 658436
6399 99 3475704
3672 1935 1740900
4614 3335 2045462
4811 3585 3156837
5045 1533 1150054
1768 1059 1452626
1656 957 618228
6944 2183 1324840
4074 6011 1225446
8736 1389 478188
586 2354 14725
4073 703 2476529
6489 2905 534637
5728 9406 1012554
5335 197 807681
142 2354 3869249
6074 8581 3879637
7326 6624 1539585
8013 2957 818591
6941 3172 623781
614 7383 791783
499 5728 1682835
940 4874 1232669
6219 9519 32578
9748 9376 587016
8370 8409 7398230
791 8940 1173197
9817 3143 1401647
8647 2947 2195730
89 5428 1459119
9672 5988 1241577
3152 8687 745553
4439 7133 779312
2101 3481 467080
3257 3756 1244879
7270 5453 3540830
1852 1115 1210398
6178 4897 3650192
1046 2236 5309831
1088 5060 138978
9266 1986 40127
232 7093 505451
2143 3220 468260
1269 1181 247887
9836 8549 2693145
8331 6269 1756492
4646 855 842341
1683 48 1570280
6206 8855 1822323
6583 2797 71815
7716 3537 4096213
7563 2091 372847
4285 796 2834585
5965 4957 4408933
5646 2385 937777
5470 5955 116876
229 2424 513602
1062 8369 549129
2087 5536 1165688
1479 8548 155398
1944 3100 923773
