64
9858 7240 49899
9042 8599 1066633
3792 5970 1234602
2846 4099 880802
9963 5434 1978591
5743 287 4600860
6082 456 222812
2140 521 196816
762 5933 293993
7255 3478 181379
7428 2814 968694
5881 9434 234392
692 8549 2438340
9256 2345 994457
6377 5780 915851
3145 2130 101149
8282 1338 1872197
4375 1035 3624185
401 5728 375284
3932 1847 1828505
528 6100 892496
6594 8360 1449050
5641 7086 351019
132 7681 237489
7091 6381 115296
68 5029 976797
5792 1821 5889690
5718 5278 10179067
8528 7604 1061689
3352 5101 421963
4961 9451 405585
6433 4343 73312
7559 6963 1011827
3862 5570 168527
6995 1382 1870135
5404 7266 1273249
8572 5466 614458
5188 3124 4981852
4680 4379 262616
8592 317 4046225
5798 6242 983762
8418 2135 1937532
1449 3953 7598461
8233 9562 2497434
9204 1410 556728
980 9316 386832
3158 2191 1058837
5066 7544 639446
6075 9120 2031573
5538 1523 676840
24 7522 276304
5284 2351 2165024
5795 403 6902595
1743 737 1395675
5946 3804 1415960
3314 6289 560236
8222 4007 484367
1870 6041 1056530
4901 4917 859554
2833 8150 1138645
3407 9819 2947684
4781 5841 1115248
1980 1900 544680
2396 9691 428270
