104
2894 3010 273012
509 9818 467334
9607 7800 980516
2770 1944 366241
9972 1884 136549
1846 5198 9782
8604 612 1043634
8397 8631 85765
488 2984 168902
5563 6094 1176035
4533 7060 225218
275 5829 2308755
1514 7046 860164
150 9043 7402
6651 627 1147198
5021 7209 1435441
3985 8736 1349234
4734 2918 924160
3588 46 168256
622 4619 1430200
9729 3866 185179
5834 7200 1118000
8791 7896 529729
9754 614 1820391
918 9947 100303
7977 4765 2479381
4101 7451 1330871
2334 7224 404410
8626 6343 2259306
3852 7645 549609
7502 8314 120167
8895 439 575395
2933 8259 187569
3767 4061 821076
1503 1611 262888
5915 665 3441272
298 3882 396408
1605 8229 1528113
9945 834 846824
835 9670 305316
186 6669 2618183
1528 7377 737002
6737 3787 170645
355 5977 3366247
1634 2137 447433
8947 2344 1080688
1515 1612 389709
6249 6331 851004
8887 911 1697998
8333 8869 1168369
8908 8839 168955
401 9852 732385
3438 2779 1476318
9522 6863 1828120
1567 6010 989933
102 3267 820791
5608 4521 310836
6289 1384 253221
5702 205 890065
563 2795 106262
3861 2467 366427
8936 8667 1933158
6999 3221 1177963
6013 937 2303365
5144 4874 7962
5704 2157 424015
8973 6183 486641
9071 4385 1395970
4572 3504 1023192
305 1936 2116904
1224 4823 14918
5271 7441 108828
5616 7607 1153014
6724 3022 319873
8776 8699 573301
8756 122 709698
5831 7619 64271
4332 6326 1228496
3146 9479 1845898
6041 8421 3195971
7145 3622 690185
9767 5703 197240
6644 6582 248907
3311 9650 1934562
9900 1484 113752
6543 3198 897452
2400 4974 862128
8310 954 1152192
6971 5072 1314245
4292 7460 1720584
3923 9709 1216360
6155 349 679644
3586 95 752869
3671 435 156757
3564 3565 919683
2176 5905 81612
1310 1061 1543987
2311 4405 223821
8908 222 1979966
1228 7227 1681548
4143 1166 296139
6311 8853 489614
4331 64 3776111
7031 3921 2690608
