74
9233 1810 611539
3546 6283 231295
1130 2126 1977728
5968 4547 1817342
4007 1180 291248
44 4018 1577833
4279 1740 3768818
2953 8089 338880
6460 8493 2474064
9459 9481 705299
8882 229 3992361
6867 8899 604353
2942 7719 520229
1076 9433 1168110
5471 415 16127
7493 8557 689855
1226 4726 5198852
1730 8792 314375
5427 7223 440255
3425 7314 27621
5406 3221 2002287
9930 5720 591151
86 5474 296995
3889 939 1247040
8977 982 1445673
9724 530 374073
8289 230 3082650
4334 6165 1233920
60 1105 2290547
5859 3375 209205
3685 4246 607549
8049 7609 36593
6944 3409 1634440
3841 1065 185036
6189 3230 828900
9486 1623 1231735
3112 2649 903163
2104 9864 7114470
7835 5423 619631
1315 1880 451069
4459 2225 561260
3472 3761 663430
6865 2535 41960
9551 4082 1941398
5589 8255 78396
545 4597 727967
3995 4821 15353
7871 9513 2193753
4510 4957 653710
4397 9520 1275669
3653 1520 3258884
7603 3081 1863224
3966 5197 1161109
923 2806 574348
1906 2471 282987
8654 6701 3869750
1263 3719 832925
1568 5573 3325111
8719 7087 739258
7928 4526 3102108
1962 7797 490401
3652 181 695574
6452 9705 89995
5959 5313 162776
2835 2735 3828874
8626 6380 1212785
5480 5292 686312
3780 6645 902846
9349 7868 4174956
5091 4994 17100
4124 5870 3017805
1885 4869 2293198
1967 2869 1766047
4864 2198 346420
