92
2912 4413 1756647
1640 3019 5728179
7175 9716 379639
2918 891 670523
1310 7592 1499981
8764 5312 476813
9527 3603 1389728
526 9428 2934125
4446 9864 318625
8102 3248 857818
4792 5291 1869873
5447 5176 527240
295 9986 221821
7249 9084 951036
5188 8038 194781
1180 5889 1417532
31 9933 464049
8354 8139 46801
4558 980 1291541
84 7291 4649716
9984 7647 2040260
7593 1248 1684259
7444 7573 901850
7136 2003 843007
8977 1397 1666658
6380 8022 1946101
9765 7019 61974
7556 862 92905
20 8397 1316542
4156 3695 57481
8430 2868 402518
8775 9907 2233759
9035 3206 901798
1419 7703 866980
6027 3307 147361
3139 9478 1244807
2301 7048 151795
7339 7983 215131
6780 4160 1186717
4082 7056 2209811
2176 8620 3539878
534 5038 1589837
3434 848 876529
2627 8822 1050654
2087 367 16092
5893 1964 16696
5749 8511 586035
9798 9687 2453972
690 6628 192405
9308 8370 6860
5440 6105 740876
1234 8022 1496398
1517 5032 843703
1460 9431 598348
9902 5701 2470215
5273 1760 1306673
6852 1740 470228
1723 8132 168930
8297 8022 663948
2885 8934 338099
4178 3962 1285068
2658 6303 395299
6485 2910 1402693
7663 3792 1124094
8221 4622 1899232
3552 9457 2868181
9472 6371 620422
6091 4672 656006
5187 9023 653481
9348 62 432987
3996 7140 508321
4948 3140 1442129
1470 6849 886469
2636 583 556755
6030 465 1424442
1823 6324 757211
9267 3993 827415
6042 9856 133162
4616 7506 426913
4525 3216 1100689
6273 3648 234244
180 2455 2342634
5146 4867 562148
8278 4399 1167471
8125 0 216520
8046 7225 2963851
7458 1496 2354410
6435 3383 210408
9783 8166 95413
6980 323 1221539
3497 2194 98099
9706 1502 1887736
