137
7211 6341 339407
4935 3046 566867
6886 841 816725
6011 3231 93367
6608 4173 951160
3284 7969 1862398
4629 4499 203913
4604 7568 445437
3715 6830 179084
9642 8275 356972
3802 5551 2778
7771 6704 852780
8523 6452 998326
1743 9211 140086
441 2640 2055640
9770 7336 750360
6734 2767 354774
3376 2510 503104
2528 2218 192502
8382 9698 789668
2517 8242 505449
8565 6447 978197
6601 7336 1543763
8943 273 219087
1404 1004 123235
4296 389 445410
8574 6118 1641143
9431 7807 64053
2283 9675 139041
3044 6473 667193
2289 8855 438512
4336 4156 1718062
6230 1045 2589020
1625 533 573878
2878 1858 698895
796 5312 1617629
446 9917 488433
239 5342 657853
9613 9996 2446227
68 9814 1476918
4176 4587 578664
8808 2734 503818
5316 6862 162770
8692 6081 1583188
2048 6663 442796
3409 2937 557667
1129 4773 793974
9696 5134 17927
4649 8294 326357
5781 2395 2104697
7192 9846 15039
3863 980 390621
197 9684 377318
6018 720 806240
8188 9133 167621
7799 9161 2779151
7738 7604 211052
2566 6231 1798869
8680 7568 64990
2311 6109 92731
9334 7972 91304
6161 9631 895634
9041 6380 170742
8430 2754 1874230
1149 5338 764343
1239 3687 478016
8913 6027 1436081
2994 7247 102236
9644 4242 2511183
1266 7449 974225
1458 6016 255035
9596 2003 2407
991 6460 29824
6531 309 1749041
4359 9117 1086217
7822 3775 97703
8715 994 578105
6728 6625 381348
9644 6867 615604
9839 1794 1668871
4370 635 161707
6517 8498 1005420
4966 6424 489253
6220 4274 1019428
2267 3688 140361
7046 4556 977595
3589 4307 79245
4590 9516 274070
7535 3172 1040421
8275 4184 168579
6309 5306 171559
2050 5049 258893
6175 4351 332908
6952 6372 14450
8835 4043 576442
2335 6123 1159841
986 7064 148415
6659 4531 1342011
3872 6648 562175
1569 3859 783102
6960 3092 113006
7411 4514 510602
4132 3800 104739
8528 1939 1067480
6099 5835 243795
5071 9819 5457
9412 8686 167784
2358 1717 1689992
8830 6778 911239
5145 6175 27395
3771 2937 1193188
1922 4703 730837
2795 5194 105714
5042 3037 433567
9317 7728 657966
167 9326 215826
4007 6679 370195
7317 5428 2456197
8462 4360 1388780
3467 3688 1280302
68 7429 588991
1425 3703 1537569
1452 5906 1141998
1116 6516 1430924
4268 4736 1144196
3035 3612 447750
1221 5706 197527
9841 9487 366505
4113 2823 1190368
9102 1794 1104112
8690 1834 1206407
9270 4074 1022265
3673 2612 1006548
6425 2622 649324
5883 458 93818
9001 4534 524307
9007 6713 942470
