92
2681 5157 3282744
7047 1190 75534
6816 3370 3170891
8396 6273 1554488
6956 5398 397147
2449 7612 950050
8393 991 2054087
3498 6639 571194
4222 9870 820501
1989 6864 2243498
8945 2669 378715
461 5910 1044552
557 9011 730084
9772 5464 94011
8181 6722 962167
1537 6296 682550
283 102 406066
9003 2835 1517898
8685 5840 301071
2296 9877 698772
4005 5836 633499
5092 9145 33529
9650 3998 1001690
9359 7607 639051
7317 3934 388028
5222 7347 141780
4059 5088 55432
4829 3797 101687
6600 7317 4851274
2771 2721 490343
6967 7688 634262
3206 7091 1948778
6584 204 2593517
4164 1410 588400
530 1459 512633
3065 4505 107103
8819 1092 1368685
6056 5605 674246
7011 2292 791441
6263 8422 70608
5192 2336 1362791
4035 9283 946909
7325 4497 494389
7322 4068 633650
3006 7497 2324174
9441 8102 1224935
1988 1537 2416088
3338 7182 151499
881 2683 1095335
8780 1213 539661
7493 743 1357035
99 1675 169006
4850 1131 1913589
8288 7167 241927
6337 374 53793
285 1888 2893728
7462 4969 344407
184 496 369795
4141 221 755391
3112 2552 975096
5658 893 361010
8376 4246 314061
69 9407 438440
951 5 3635283
7061 1381 1643112
4409 1915 2292560
7791 2413 490875
9302 6557 2512072
1132 1383 72291
9067 198 1647555
6060 2737 3792759
6058 6459 339439
5527 5048 625836
413 5546 1144119
2547 3293 205112
7448 5461 667090
5562 4380 591591
7561 9072 1610703
4252 3517 591789
7320 3466 1013015
5881 5174 2854824
7787 5826 709664
5942 993 219614
9587 1609 598228
8285 3931 784926
8735 3041 1385766
215 3122 2406830
4162 5109 590301
6322 4282 18513
6315 314 794953
6497 4570 1169927
3246 2985 4652538
