61
9569 3332 6054489
2558 6340 2866214
5323 3000 3081211
7095 5340 1988052
1946 3515 4669065
9263 3900 4139298
2724 2491 131560
3057 4007 1637022
7204 1218 1430690
8157 7769 11428
3699 757 970672
9640 1138 109883
3571 5678 3972254
8683 4389 2949262
6010 7960 2693712
8191 3890 2152805
725 5151 289053
3799 3754 533683
4447 5298 1537290
1702 9901 277852
74 9160 4100138
3034 374 2787411
3141 5121 2322477
5448 8395 1136018
1174 3447 525549
6594 7888 2557721
695 6334 3984321
8166 3464 265583
1635 4802 802322
3397 6994 671220
1896 1060 1767302
4810 5319 6342423
7660 7084 3101953
196 8120 1101231
9629 1603 1472922
8471 2057 344083
4645 7189 1183434
31 4520 2677139
7502 2448 804085
5136 6934 2077805
2465 9291 607731
694 4212 270826
4156 5061 1599074
3644 5897 316286
5543 7976 676553
309 2658 534217
1765 431 424561
9557 4742 622172
6840 3783 4005465
6321 3266 1129176
9904 7572 1186984
6916 6889 873087
917 3963 445699
2840 1724 131094
5358 6420 764912
9503 6290 721239
6215 6283 1362620
3835 590 605464
9936 6065 1281079
9512 4349 268265
9166 1881 652864
