179
3495 9467 2074993
570 2469 320101
6213 1408 9710
4076 2164 1294482
1600 5621 425725
368 1844 1735727
6203 5134 354036
3082 6290 651063
9810 515 96524
8671 5887 118182
7989 7424 118575
8075 9266 313219
7735 6511 513251
7353 4091 338690
3156 977 2240168
2348 1676 230833
6866 6798 1476896
2214 6367 103873
3832 8900 346776
7617 7457 1699962
9817 7613 1622489
9567 6210 327055
2494 3525 612252
1152 520 765294
4678 6189 725979
6918 4104 634502
1985 665 705494
1845 118 106944
1918 2328 442147
3266 1007 916557
9641 9408 110324
2240 8015 631863
6494 7041 440585
3143 8614 586913
5675 7631 68381
2595 6290 477135
2709 1723 970731
5003 4878 984380
4289 4819 691957
9075 2590 122477
3597 969 405862
1893 8478 82343
7662 9278 1588099
4520 6425 15502
6440 7783 305654
338 5241 1501311
8389 7991 1913936
8212 5689 947839
9513 4485 5152
7075 6851 398741
6181 7807 75329
490 3179 1304691
4187 7469 36384
5138 7210 100583
3324 2900 1013166
9990 9883 1848363
7132 8509 50050
5246 5799 470397
9264 1937 480220
1197 4596 565991
4109 6039 157533
8041 5404 338865
6219 1020 517186
3992 4042 1058367
1113 5113 744403
2660 2719 696624
1114 5396 355337
6500 1256 710871
3257 8380 364461
541 4557 119406
9175 2446 1066269
6513 5290 2493857
8022 7541 289857
2392 6261 85321
4259 8083 478905
3778 5745 792551
3539 8964 1348415
7511 2892 1256677
2059 9748 121797
9651 8316 1384282
6481 5217 70686
6130 6700 425060
887 7893 641246
4848 4862 26141
8379 8397 82082
378 2256 78079
825 9349 364828
1653 858 27570
3625 6413 60886
6806 4052 677763
6007 2186 22308
9013 4173 181830
8489 5556 188121
295 7987 457901
1398 516 475070
283 4597 44081
3564 8475 413723
2553 805 768591
1556 5384 2674555
1802 3489 147769
5 5817 308350
886 4361 725445
1481 8736 464124
1800 7377 165600
769 1314 66360
495 1287 596670
121 4288 267268
9980 4627 179191
7445 7408 243172
1 1472 269340
1035 5855 309240
3628 8813 329731
8293 8656 980426
3355 7448 97305
396 1366 246454
2325 9673 119587
8759 5178 958822
2759 5989 696638
9729 9826 85337
5914 3365 50769
9970 438 713134
4840 2542 362788
677 3235 682171
1137 2102 123852
1997 1254 463991
6335 4746 318749
2552 7263 858168
14 4713 862259
4009 2307 895372
3366 2162 671749
9977 6010 1439139
7291 3470 95453
4568 5023 595730
8710 8606 3901164
6435 3406 870461
9714 5199 871326
5335 6459 53358
2287 7619 85592
6347 5862 84794
7899 8731 371091
3193 6255 552903
5301 3961 221623
9527 6146 286605
771 1356 116347
5971 3681 410733
8057 3660 108902
5692 4346 562162
7579 2133 252065
7928 7523 1825465
4682 9954 231664
6121 1812 427455
7249 2409 522124
602 1153 1323140
8866 2696 112920
4996 3711 965289
5730 4884 420739
6791 1546 83543
2904 8108 8118
7741 8364 1188043
8964 4054 123940
7368 9683 463339
1294 8071 192919
4539 3977 77578
752 4000 233115
6580 9905 159766
2302 7307 33017
4095 2615 460785
3949 238 224837
9289 6778 1568923
5114 1698 486249
6176 1092 251711
3902 1523 993835
1428 9216 112563
4325 3565 454566
9281 5724 240661
5342 9944 469371
7521 3708 327758
7657 7331 47871
9321 7952 252054
