68
8601 5175 101138
2602 431 786998
8195 4623 6979478
1844 1669 228260
1017 8570 225397
8758 4376 856897
5733 1725 2501493
5727 311 3235871
9303 3338 345707
2155 8397 2506968
8883 6162 1366081
9373 1905 883241
22 8485 508872
5337 445 937263
1014 692 1214700
1294 219 284855
7877 764 3398514
2893 7847 954285
1854 6968 720610
3031 3056 370942
498 9093 116545
4833 2078 15018
7904 8517 897348
802 9353 1156367
4738 9228 164986
2485 8793 3632653
1274 2886 5150719
2807 6800 4578169
2592 2102 191350
7577 21 406317
5241 6980 1251153
9813 9649 1578177
5517 3939 1587505
2955 843 1211449
8276 4704 1662737
5087 6088 720908
870 1586 228654
531 5292 2587005
7425 4434 1441064
9918 907 11961
43 9907 1169955
9550 15 2687325
7961 7012 8448618
344 8459 486845
440 2498 2462733
9968 4522 1457702
5542 6187 1107830
6784 4612 329485
4478 7751 3004051
1419 5814 1146359
1734 1055 2352855
991 5103 20215
3883 4990 265139
7251 427 587594
6432 7981 1453779
7222 1963 1147560
552 1527 1077268
2934 8116 1322652
7419 9845 662666
2140 8915 255507
8219 5123 500018
5904 3985 50098
5118 5289 173891
5234 8610 5526657
3243 2151 691142
2208 1334 530750
8290 9345 1146840
4833 9706 2936811
