112
3145 1005 2933707
1266 2699 107456
5788 4832 85381
7751 6237 36123
447 5675 421132
9899 265 1193780
6907 768 1073469
5950 7797 2547847
839 7433 1340000
5763 1299 1583307
725 1970 1765772
4654 3313 2492574
8874 8427 463872
7576 9260 1286468
6908 8789 254167
6670 55 1333983
6471 1737 197423
7523 8474 470737
9928 6403 1279508
340 4032 1304230
9298 964 287734
8320 8248 171336
2495 4815 3248012
4605 2458 224764
5343 7543 1130784
3730 9304 610721
8413 9894 59045
3087 2505 341008
5138 2572 342318
7903 9537 3870895
8587 5775 880086
6567 8164 657149
2634 3858 1210845
1469 4904 4145960
9564 7257 450965
3204 2325 717642
8490 8685 502450
6269 7047 911627
9191 7810 3031898
8176 6078 326434
1251 5845 140877
244 3992 849237
3082 8377 388113
4708 4308 2033026
7729 7936 142969
8154 4953 568736
4735 3006 586067
988 5765 1528209
4639 3569 373880
1848 6071 75448
8348 9122 1475058
4036 5545 1236663
8294 2011 153709
3627 6994 604034
8273 3205 3126897
7285 6470 369428
7320 4506 238601
1184 7249 1214151
6185 5463 1030651
5596 287 703946
8694 3740 254136
8090 4033 459418
1939 807 772064
6997 1804 442021
8162 8241 472558
8594 4492 1616445
374 3336 828062
8603 8782 698743
4402 3334 203098
6287 2036 350814
2944 4965 94403
593 3441 410287
4784 5564 1791404
8417 5738 1270442
4066 9033 321596
9351 5453 75967
1562 5762 1126007
4840 7057 1704591
6253 3283 317668
3961 8759 316928
5593 6090 401625
4027 3776 164883
7845 6660 61231
2210 9774 89590
3637 2801 222907
1380 3928 604324
5497 6371 1786261
4343 1099 1485334
7655 6087 509701
735 9860 1121878
8656 4742 2064678
6282 6310 483078
1093 2434 374640
9316 477 170239
5633 2343 53565
1597 2227 860798
7995 2052 3162313
7513 2196 189828
4043 1560 118371
8972 2141 81904
5821 8331 838157
6402 1959 1380877
2628 9100 338302
4425 6356 1243065
2975 7448 167923
6417 5088 2049607
9738 4030 650020
6922 9840 1242944
1811 5554 394540
7735 9293 172378
852 4766 402412
8349 5833 1453666
