62
4596 22 517079
5597 9466 562894
4331 6666 5193564
5285 7960 131901
9772 1973 217219
3494 4168 3738920
793 2420 1359759
4415 6092 180518
5919 1963 3602970
3258 2439 798119
3607 7206 112721
9903 3905 2909266
377 9639 5691822
3514 5067 570950
2983 6698 1495810
7683 2177 261536
4851 3066 148527
930 5203 526765
6315 8489 1792433
4299 9992 423648
1560 621 981217
854 5803 2518902
3524 1082 1737495
9189 8945 835655
4683 3743 2710026
9879 568 3245390
3584 1521 1677907
989 5060 1079128
4418 9588 2036765
7984 996 742091
2078 892 591904
5642 6347 1066126
8004 9639 2496817
4311 934 4360341
2534 3306 1938802
2153 7477 1389692
2714 9599 6525
3889 6530 94369
6000 938 1935010
912 9071 771687
3183 7509 205609
2767 4456 1110986
371 5456 889095
7466 8567 3336400
354 7511 3436944
7258 3764 842711
1699 4565 951999
5174 7571 2953069
6169 3517 4570711
6503 1577 134751
9978 1251 338913
9655 2577 105595
7807 1847 6040029
211 2488 968374
8238 7133 60554
9659 1202 1749829
9059 9466 1910389
4693 2051 568631
6626 6279 6304908
472 3912 83088
3881 5171 580032
5253 1255 405113
