98
4362 259 125497
4720 9525 1139492
1929 5827 254922
169 1234 498148
2803 7927 920836
2968 2870 1173004
6225 5281 612642
2656 2938 96793
454 6007 15546
3303 9251 1011075
6747 8717 1751729
7750 5590 1086070
8547 7721 3705560
3186 6593 117206
1226 5087 854426
2361 1539 1891297
469 8153 17366
6219 4423 843756
7073 8378 928731
1876 8255 2477429
984 8158 857419
3747 4378 1164739
3427 6753 3044109
9194 5889 2560714
7774 4588 1782522
1981 1810 392228
1113 7270 294569
5831 9742 772326
6584 6948 1101605
912 2554 2708579
9496 4727 324027
5068 6350 427972
2228 2932 703357
1639 107 1286413
5034 9038 1204744
8620 7298 101688
6003 9142 2231346
4581 8350 427454
3208 4375 1644509
2279 9349 6835160
1034 2374 211409
8124 9043 866161
2755 3816 810981
83 110 1945139
6073 8195 479983
9315 8967 2563831
4932 6286 204771
3836 7066 1339026
767 506 991893
7163 6132 62678
9356 5620 1175579
8662 320 179832
5666 5335 2381993
2414 4025 4102460
9136 5616 110616
8055 3037 1091182
5365 5757 382417
4978 6824 583593
5900 9303 1504069
5963 9369 813603
895 9515 1169764
8579 4000 137208
1497 8697 312856
8051 7422 1275361
1018 5382 462158
2311 7789 649059
4676 4752 1203790
1294 953 555715
8437 4686 94393
4254 5197 1060281
8552 9333 2025594
454 3909 558768
1156 1916 194297
7302 237 2052196
6552 1410 1532290
3208 2245 1480319
7601 8334 1416305
4364 3691 490882
7824 8169 923817
416 8110 910030
3143 9464 364064
3613 9311 768434
5579 8019 1150812
1358 8339 728602
5182 3986 7803
92 5920 431110
4367 2252 2301483
4210 5131 287301
7364 8112 703350
255 4923 273634
4241 5243 644319
8704 9852 184379
5423 1860 25004
7127 5028 499513
4792 6089 528661
1576 236 348474
2924 2635 244121
5300 5066 815632
