61
1531 9649 2517436
2773 4197 992086
9326 5932 111308
2927 3600 5101120
3564 9021 633758
6936 8388 885688
604 8200 2901169
6693 8760 2223669
734 4404 1804499
9748 683 869754
8734 2940 565164
2795 8039 968368
3115 7845 1514515
7778 803 851163
4551 3038 1760160
7397 1693 4319685
8892 1054 2679275
4625 8652 3275650
6594 3993 3984614
2177 4342 272485
7656 971 830385
7367 9237 2423240
6858 4719 930178
3225 1098 1713077
242 3866 368614
7936 6336 265808
6511 9918 1175180
8332 2585 1087089
824 4488 1987757
8973 7559 1044734
7993 1759 1749211
7350 7026 76574
5025 7322 3884850
3792 5680 1720447
6512 5399 4157477
7178 8459 2378871
874 495 1139933
101 2427 279742
6651 7021 572664
9489 9579 1829820
9236 7416 3511812
3066 1193 842871
3441 6080 1928193
4925 8043 2644681
3073 7761 1436056
2798 8934 996367
9558 6963 1226590
4510 8658 2365024
3656 7662 54876
9982 4886 246111
1273 4632 391266
6113 7680 2390787
2708 4028 2355702
8236 53 5298852
8218 6984 715552
5589 665 514166
7789 970 398555
213 5059 66099
8070 226 31362
500 6197 1956784
2285 1911 2781077
