185
6924 8218 447839
7938 1169 348023
3098 5950 1122536
773 1552 112988
7842 5325 265157
4244 7801 1725685
4761 5129 290095
4894 7671 65467
350 2735 249637
95 2751 1514568
2237 8555 189682
4838 2850 1122060
8118 8087 390786
7662 877 310672
3108 4638 350777
6989 5932 430335
908 1843 297676
2870 7801 973753
1570 8331 255991
9015 4977 1284584
9502 6988 275443
5361 7286 272967
6607 6060 153285
4012 4761 175635
8441 7099 296610
5059 8852 155456
6381 4624 241262
392 8019 28653
5451 6610 596657
9137 4922 615070
7454 7031 30620
8186 1627 551461
2640 2978 476275
9780 1482 284572
3681 1911 667621
5079 1336 396886
5836 6507 58131
9020 5662 665351
7585 9229 209352
1484 1168 143917
6734 8078 1149496
7647 443 1636373
4498 3068 17275
1378 7776 466374
5284 4404 2031817
6322 2732 1669102
6342 3212 31639
6916 6557 203288
6802 9531 1420472
3208 9455 1226268
3623 950 132305
1410 443 201691
6377 1176 1897700
3281 8734 309474
2139 4708 511609
6599 3132 335629
6680 2977 2481174
9475 972 318046
9240 7173 497394
6173 8003 635511
6269 8743 1086703
3880 7176 30373
326 8115 812306
3747 7187 291741
9128 2899 214469
1017 4783 741538
6026 1042 292007
2873 7715 143300
3530 4180 1980
389 6859 1017223
5933 2009 957757
143 485 340976
9866 147 116108
588 7339 714383
6612 6564 400051
7008 2193 787686
7916 6534 69047
1215 9045 1268432
9993 4019 43633
6683 8406 2051123
5669 8715 348411
9022 5965 353722
365 9688 416869
393 6227 779686
4469 7943 374959
910 7893 329461
5806 8294 542838
3003 9164 158123
6837 5009 69291
76 9991 1433123
1494 9217 334758
3395 9699 91182
8509 4510 640132
7431 2380 412883
9822 6969 326885
1116 9809 431976
2230 7814 53399
5880 8493 12375
6658 7188 713138
1102 9736 65305
7515 2596 319705
2056 9799 114193
6114 4239 530813
8168 5239 485067
2316 9664 715206
948 1866 485422
4164 9141 3630614
6751 0 365322
3564 1662 361657
9785 212 60495
6103 8937 336520
6983 9062 9993
1161 5977 707577
3678 8221 1963649
3209 7628 557366
3213 1124 162549
7614 7857 117913
3871 4856 323473
2721 9565 566119
26 6118 762145
6097 609 711152
8605 3838 549844
3698 2370 254041
8357 5183 413109
4480 9463 514386
113 868 78389
9424 3982 315876
4601 5296 295183
4463 3607 513343
2314 9022 1667562
2912 1517 923519
5217 4107 349272
2076 660 114109
6628 9670 123471
8453 3163 986910
4715 8600 72305
758 4758 346124
1651 3726 91175
395 6426 532276
2355 5056 542883
4714 238 18747
8914 8187 24727
7103 1330 2334959
3459 6931 82484
6193 3270 497929
6626 2599 563141
3412 4344 470411
448 6791 542448
4470 4845 226601
83 6629 897475
1244 5266 518208
8685 6206 24823
9010 5840 329325
5329 7773 691431
7776 9213 491406
483 7457 388011
6045 1219 51967
4720 3304 376188
1748 6771 552875
8706 4501 133556
1312 2648 549295
9318 2574 185295
409 3454 331537
7638 9327 32862
7336 7903 201601
6818 7058 49513
8891 667 2231094
4013 7465 114671
9474 5229 1096888
6905 6784 694345
9392 4645 235090
1032 2132 958751
8189 6393 628678
6585 3919 222213
567 4431 120033
8748 1515 1596414
4943 740 358349
1386 5954 1645558
6972 671 671850
2269 9554 49567
5598 814 930380
9352 914 67752
1936 6008 839994
3511 8067 442547
6668 4591 72760
