143
6489 4108 531693
9426 5650 32354
6465 6744 5420
1478 2277 142893
9478 8509 328204
6216 3335 843871
8663 1811 140220
2126 9430 102357
1761 2409 632735
9427 1035 455466
6662 1147 298016
3195 8535 1553635
1782 7404 1337662
5658 9100 229404
3195 6429 989141
770 7768 723414
7994 7471 2760343
190 4211 467336
3683 2187 1969316
9488 760 1996202
9539 6371 227177
1258 9200 305982
8483 5622 332605
7537 45 35887
7023 2274 943651
7512 5100 337756
3185 804 164170
7611 7237 947227
4855 5595 1210231
9884 4582 2916467
8620 8837 1160953
5742 4649 252148
4587 8002 697408
6892 3294 161585
1655 402 1231936
6185 14 328847
6194 3976 519810
3027 3678 22692
1814 4579 364079
1663 6674 1819643
2164 9573 465259
3328 5361 1471765
6545 3392 1083023
3284 9876 68616
2205 434 854931
4549 4336 255177
474 2825 295990
8405 6777 773528
1040 8121 1063985
5574 5673 365385
8913 5870 1533048
3039 9996 1160965
6337 4571 303435
2644 914 921906
2381 2087 356379
6343 7191 2526255
9829 2861 1063288
8286 6417 121433
2225 6607 250535
5293 217 515270
4795 8656 214096
1486 9067 347900
7314 5135 2192333
2262 2288 468005
9939 8603 660532
374 9098 605818
2080 9306 101896
8394 2609 72732
3607 1689 171135
454 7190 1791428
5988 4453 265730
2976 1722 42402
4789 901 1119700
8998 805 662134
1202 1391 669522
7996 4879 238862
9675 6128 351755
1704 3088 408232
7098 5446 299556
4755 4583 136468
9132 4770 45523
6148 947 393753
2103 2216 170849
9992 9983 1019834
5492 3741 948578
9486 5316 1169446
5691 218 515698
8196 8745 540569
133 4799 789246
6288 1729 798958
1015 8849 911766
272 3612 283482
8178 6695 414581
8566 43 131973
567 5859 690461
8668 604 193706
626 2317 273476
2706 1024 503978
1856 791 520534
5983 8067 269559
8324 2594 192602
8830 5827 335356
7541 3562 17863
119 4441 151951
505 7926 1396293
9073 9066 629682
2892 5083 893418
2914 8183 293944
6773 7138 86101
8561 7080 1430306
2126 7544 977219
8287 3931 127417
495 1973 495453
4268 6569 105308
3529 2295 704075
5117 3546 876063
1844 3136 231173
5254 5121 415171
2583 1925 133098
8006 7901 64854
6028 8682 1850583
5450 6187 1163178
4587 2938 417085
2698 2277 1406914
3552 8076 1282704
8774 4773 1221281
2341 9922 151196
3400 2190 3040961
2752 9853 330462
4588 4392 264710
1436 9619 2546335
5175 1399 262735
2431 378 1308163
808 2585 327403
5169 3595 1465992
8004 4390 575714
755 5296 604272
185 1273 1645592
2635 5842 146647
543 8887 1348022
8253 4080 125350
449 9210 14033
4631 892 2567006
