100
9655 7603 1500306
6866 6941 2809839
123 2135 5202395
2952 2800 324657
9153 6638 1517728
730 2167 1620418
3201 9717 430932
9987 1788 1352140
8451 1295 1250642
1631 820 3195535
3661 3518 2822582
4699 8665 405364
2545 2970 2038584
8914 7551 1503539
1668 3335 1941860
7880 2328 1026465
5144 2067 275807
5883 2543 4227226
9715 8436 1254124
2614 2307 1206090
7899 3165 1100253
6947 7481 128376
1308 2037 439283
5579 898 292364
5189 511 606420
2927 5085 734306
85 1705 1301367
9366 529 468938
2620 7076 224150
3949 7739 5265652
3370 2404 201298
8860 855 525623
7478 3695 60392
1228 2934 408788
212 777 425686
9018 2199 934137
3579 9097 174828
6615 8936 25363
586 2734 693733
2758 4620 78002
9632 949 476752
8459 8734 1436168
6509 7595 158035
8780 6848 265842
1903 6309 612138
7843 9043 207763
2945 1737 145694
6850 8615 654210
2841 9045 858433
8145 652 1794009
958 5238 4317175
2283 2641 235391
8855 4817 2139234
7449 8676 673386
774 4080 191753
6926 9325 495505
1108 9219 3207
1451 4429 561530
7664 4087 134647
4605 7358 1454340
1319 8589 708227
3053 6276 1234539
4514 3668 3004289
2096 336 1485148
3615 3897 1455427
6143 6874 132526
4560 9787 1299443
180 7665 929627
2297 5294 423507
9837 5249 705841
998 2957 451920
7760 2382 588463
2134 8466 1814559
9872 6854 267878
8551 2455 1740171
7431 4833 890390
7132 710 158561
5284 6272 254476
5297 7986 541336
9333 772 96815
3158 5181 32911
2136 9539 316718
3593 7328 987574
2375 9148 1801822
586 7713 604489
8787 6673 583455
7524 1511 72076
4113 8641 1399315
4640 918 957952
4663 5052 1076664
1266 4857 43346
1062 2581 403804
6192 1255 236909
2568 1067 10776
980 9468 110323
7810 8943 65982
7010 3062 523529
6049 7592 2390397
4969 7475 1275385
9100 2957 2113026
