163
7 9306 326592
7384 4654 282267
7465 9948 155332
9060 8785 383149
5085 3835 3522
9135 7780 972031
8524 2877 1266559
5047 6928 511122
2317 7969 227435
4679 6588 786971
7422 3695 487061
3371 7423 1004518
2628 3336 691718
9215 8375 164341
5737 4687 120278
5523 9664 1752948
8871 6188 384463
9498 9202 190244
4992 5877 1177334
3884 3967 110263
2072 1909 468373
9963 5123 1415399
4581 3405 319064
1857 602 375090
1728 5279 273990
1626 5134 1293394
1015 262 348800
21 8695 87227
9871 8780 253313
9420 5804 353398
3597 3947 108260
3965 9285 2021900
1933 4913 1156082
745 6129 2702727
2132 7451 383325
9405 3366 27465
9997 1928 905434
4304 6295 113614
4032 2424 525622
5269 1820 368088
5567 5611 486600
3525 9289 723257
6202 4377 518580
3880 7534 354245
1149 8250 519311
8343 5881 903094
14 9019 356528
267 2892 65505
2724 488 316823
3748 7569 1401617
1774 6068 1061704
4777 8461 111372
2327 4455 834719
8835 5425 667644
2577 7960 407592
3431 9681 8669
8012 248 334741
1882 2251 619551
1213 7613 901363
9862 4634 189095
7298 102 598144
5497 135 1482820
5282 12 566415
9625 3517 312041
6840 8634 289169
3735 2780 207270
3123 6432 978519
5050 5236 409631
284 921 1483921
9933 4705 308710
3980 2721 62662
9697 179 2175259
4650 6892 1939538
2255 7423 688587
310 3323 832411
5753 2971 330002
6210 7213 1568345
5173 4687 452530
2069 1717 536940
699 3563 1038788
6713 6555 668447
4868 6892 592165
8505 8118 3171895
9673 5813 1404297
9839 4245 1050134
6695 1459 1799504
3427 5675 616614
6626 4079 1146758
422 1459 119910
8628 6449 8430
1575 7138 126788
2629 5281 44942
8028 9170 800934
4062 4877 130648
8408 5770 626573
7886 8088 637682
6952 3313 525558
4597 59 65456
2633 7457 1457373
9495 2843 291093
4811 2973 764466
2263 3623 16832
296 2526 149606
1316 2553 557160
7390 9760 384986
719 7773 253221
4984 8926 830597
1475 7638 716939
3170 102 320049
5463 1283 801332
6369 4074 69925
4723 7610 325239
984 2300 481183
4711 1830 403775
6866 5135 356400
104 9919 346086
8869 1292 304146
6243 5146 367265
5676 9541 1527798
5207 6719 1070584
8084 8362 708303
5709 9942 391702
830 4758 790057
4928 9679 15982
3923 1682 1902112
3929 128 1734874
1698 1100 109999
8263 63 177870
7561 9810 306630
1187 7585 298557
41 6912 276310
4545 7954 467307
2705 2221 112992
3479 6359 992267
4710 7001 106577
4296 4884 167820
220 3170 909848
2069 1771 389868
4948 589 265804
7962 4390 219857
9527 6803 218317
892 9491 279428
7216 6029 100254
519 2117 1035249
6729 5823 1718611
562 9461 1475443
6956 876 619946
7409 9644 693173
3532 3646 291051
1090 6974 49368
6111 4005 222867
6154 7392 431574
7933 6166 814323
9774 2302 382124
8959 2160 157328
3331 1466 1169765
1690 1431 1386613
7712 7619 75145
793 2507 253799
7472 6109 224989
737 4225 2699
504 7383 1169232
1298 5528 8751
