93
7430 581 445911
897 7656 686939
412 3346 963249
6513 3678 3431309
1279 9817 468207
7545 3293 1210613
3247 5881 614511
8776 1710 1335525
1669 1590 328357
3511 3843 107986
4556 8406 841071
7234 2668 675306
4870 3958 887427
8506 1967 1223011
7422 7281 1343143
6508 9817 1759491
6921 8877 1008802
71 4451 30652
6411 6724 1127421
5924 1135 2029434
6025 3980 753769
37 1661 559
6156 5211 666884
1362 4042 80615
5311 6608 533512
5469 1079 2633033
6993 8061 145234
1868 1414 516685
1992 4924 1433716
8957 3893 32234
4676 6018 2281560
3290 6537 3476518
8228 5332 641094
984 4627 3721586
5437 2558 1286487
9666 610 306018
6818 7273 947509
5220 9407 1601781
1502 2876 409597
4465 6110 2827
337 7409 1161314
2620 535 923084
4889 9752 426177
6404 7253 1306923
4033 4681 1708696
5609 6385 477193
9719 3589 3557668
9990 3305 197026
7651 7022 58890
9459 9092 1378830
2969 1846 1343017
246 4044 2420549
7368 3528 37700
3072 3228 51846
3780 6293 236051
4741 9969 604014
6227 9329 1404605
3375 8122 179431
3408 4409 3941488
8529 6890 2286972
6302 8792 4523531
6542 154 1843419
7795 4781 3525452
4111 3452 1213906
7112 8786 1342464
7585 3322 309810
9212 5694 1145789
3583 1722 877095
3098 7130 1322129
6437 4592 971134
1320 7167 559652
1875 8644 97784
878 9609 140027
8095 3533 844994
4747 3425 1940474
6301 3869 491624
1730 1562 396794
4300 3059 1409289
6622 8827 704529
9150 2962 749329
8148 6869 326494
46 7516 90365
9208 4631 712921
4410 4333 718768
3422 1566 1995427
4139 7400 676852
5414 4651 802062
6867 3928 1244585
4550 2977 372428
511 2539 800531
4965 8935 1695836
4703 9811 197253
3403 7036 266196
