66
5848 9318 265692
7818 8336 4042472
9901 4770 290128
7738 3810 3255066
7188 5720 1300323
3133 4642 715336
1205 5266 1538167
1049 1022 900302
5120 6255 871244
5937 4018 73333
5744 4638 146373
1168 9560 351495
3176 3899 1043792
7797 4574 934384
4510 5652 3419856
7363 6615 620474
1578 3600 2845956
2071 3906 34152
1783 4447 1057913
9351 7472 968621
1627 325 291633
4251 4839 27610
4993 2432 1195032
8241 7286 1027782
8242 8244 2253512
4280 3231 952481
210 4954 385585
8534 4350 1028339
3538 786 2733494
3704 9666 1238108
8034 9872 73681
8085 6523 179352
5528 5688 1110072
9584 3572 1066752
3006 3574 920633
489 7436 1738406
5974 9909 1238749
2803 9303 858383
3380 2980 2765445
936 7763 41316
1313 2837 325249
4035 3039 1926748
2471 9463 2543108
1743 1301 2284026
3279 3088 1666099
9335 7059 6636261
315 1354 203630
7016 7937 2503143
7423 2001 3697325
3715 5233 1204138
5057 9174 354008
1148 7884 321025
1172 2230 484039
9523 4731 1579375
5192 8243 697619
8834 1197 1072862
4954 209 4982205
9366 6613 3984163
8582 6722 7414671
4948 4508 4865348
9739 2151 88324
8956 8153 70957
4700 697 25232
7698 4082 692065
3467 7713 3447237
6122 5903 1129699
