88
1633 182 851914
7246 9546 2309175
7247 1419 1985518
2894 5240 1438583
9868 9188 519989
75 36 1671603
5381 2167 3576074
5102 2362 123432
4737 3468 394808
5463 9353 122459
4354 384 682045
3097 3182 432016
2552 5926 4370515
774 4853 1571175
5809 9205 168627
7356 6252 3703492
8070 2231 459153
6032 7811 46720
2424 9881 6331332
7236 1271 2421539
3684 3820 3503541
9596 2003 4742591
5636 580 963195
5403 6160 642738
206 5238 3936777
1123 7063 559890
5025 8002 1701761
1008 3318 367704
3439 1284 263551
5504 3907 679351
4013 6835 1135399
1327 3549 443333
9384 7242 919633
7767 7896 37148
8357 2078 557094
9940 2699 1719979
4486 5421 671572
1563 5251 2201534
66 8433 288834
8992 3846 297901
7261 7686 927998
4738 8363 1351389
412 2638 68462
9727 4790 81683
2815 8343 521181
7549 6278 1056903
845 7700 286979
2498 3336 4260656
598 9330 2246847
8995 5014 1095439
4726 9070 270842
8988 7435 201310
6531 5029 252255
7413 3928 491240
7731 3220 1097779
5168 8677 153943
6722 6526 455085
4622 3263 845424
9415 9395 987585
7909 2251 1211879
9080 8647 396181
3690 8768 1293773
282 3748 182964
6671 1830 2335589
1751 4385 614301
2922 1384 844719
760 4085 170094
9422 9116 420785
9796 7527 2852147
2094 728 2091489
2400 4833 134645
501 8386 306048
2858 7888 294091
6720 6868 384018
1527 6630 481252
4982 1216 1171317
1236 2899 1300515
2635 6823 892698
6007 3516 316897
2325 1577 69639
2230 1830 2160084
5880 3201 411140
2797 8131 1046753
8705 9948 1476150
3242 9675 188431
7310 9008 973149
9985 1859 505491
8009 9986 7066
