59
5405 5327 587262
8512 4373 2914269
5748 3190 336233
9170 7282 735030
1460 3058 1029927
4176 8097 7453065
5920 9388 89617
5066 3077 2766661
9978 9787 535848
1841 9587 493555
6491 9170 1140721
7554 9032 220184
2332 5043 123735
2003 9964 890265
8043 7746 5771220
9093 9564 2488300
9497 6237 1769327
199 8773 14504
9298 5595 1110339
5668 5349 496926
2963 748 4181001
4813 618 2807753
8467 5889 4900913
744 1987 857549
5854 3323 5396871
7260 5439 822624
4448 9175 882501
7148 4789 5060845
9861 8823 2977046
2286 4832 439723
4200 5961 1300254
2868 9585 229909
39 6843 293622
7579 5242 659814
8310 6078 1624596
193 5691 197980
2766 431 2243347
5632 5872 1453954
8559 5090 1057623
4942 6340 112888
7293 7927 1569150
6424 5860 69302
4326 2560 129498
4931 5651 3570158
3766 5300 3575846
9583 1497 6603392
1518 1502 607640
5964 8264 2582373
7293 6822 1400338
9927 1659 281811
123 8469 2523989
2134 9372 1297146
3143 5751 697830
6313 7241 113216
4265 5387 3153345
7526 7600 684337
6683 6120 124751
6502 5770 1197134
7161 1563 1350943
