62
2966 8420 2166674
9766 9306 1859901
326 9751 624940
485 8172 7695
8427 9397 675982
4338 45 13964
9149 6401 3319184
9886 7376 274821
8613 8100 240831
4154 2483 1544191
3328 9974 3143124
8220 9959 551282
9375 4903 1250570
5172 2545 119936
6479 8879 6998977
8711 7859 1121364
8894 2712 778238
6360 3476 2827997
3978 3260 2922660
1916 3906 3245809
6201 9664 1416198
3484 6875 252413
3655 1549 2185032
9077 341 1099678
8054 6867 2279393
8050 5473 73177
2502 1915 2623829
646 2081 542241
9522 5043 98981
3882 4381 914602
8819 4128 329499
6671 8275 4212121
1460 3034 2750171
1009 3764 934368
8645 8331 730090
8349 3614 785335
6520 8424 1280288
6556 8034 2880639
7380 3971 1090993
8009 3016 2617
6321 8649 598779
4533 3427 3805378
8843 1439 465976
9842 162 730950
1910 9599 110006
575 1570 3523304
1040 3899 3990856
4850 1697 1437187
585 9693 622958
2430 7561 5798712
1489 4851 491364
1681 6114 1280735
7737 6381 1439308
6467 3029 89541
8427 3587 934083
7846 1356 702740
7124 3108 1113555
4470 3912 4342588
3600 7076 3776386
5437 6337 948524
7698 4818 1403705
3228 9241 2223560
