50
5923 7858 3441623
6231 3374 494721
7863 7783 150696
697 8006 818518
3428 3026 813075
5837 300 693940
9273 3551 862822
7703 6686 370738
1119 6374 1996893
3475 7523 6720995
4642 7274 681384
9581 8569 6329187
3363 2050 1796483
6842 3931 3561849
5698 405 2790643
5659 8043 460754
8974 8489 2340411
1441 2030 2951714
5010 4650 1131203
4455 5994 212275
1256 7460 1610099
3713 1041 2144781
3882 1147 555567
7870 4067 1574142
6625 3699 4432514
7611 770 598973
9820 7481 847124
603 7509 89626
3535 5255 4353498
7543 4556 3422109
898 6406 5859011
7546 1082 3181881
1682 7313 1096164
2204 9859 4240978
289 7137 2058429
5319 9806 2136335
927 9520 365030
6889 7809 4923699
7492 7926 1560216
9359 4665 3397092
1052 8503 997604
9244 6346 3956871
1099 2058 334733
1479 8686 1071471
8248 1025 883636
6177 7217 2959458
2926 7984 1338342
8065 5654 309618
3292 6923 773440
1087 6056 307635
