147
5797 9800 73373
7641 6350 427327
4674 6485 477577
1063 4190 179565
1825 3136 1563302
7085 8294 739220
7458 9156 942264
891 5677 1834237
2377 8170 309229
8 940 803101
6520 6482 510671
4896 6998 993632
2073 8862 1572150
8704 7213 61282
3377 9946 325207
839 3880 1442364
8087 3508 58599
112 22 143267
4639 2128 79246
9377 250 716553
1637 598 1328882
5616 9762 562736
8197 8538 96644
1446 5512 310829
9364 8238 424906
5847 4649 1416409
4861 1807 67496
6564 5059 160743
4182 460 487360
3656 5559 589867
6688 2406 406559
4764 5250 510824
1926 9469 1137938
3702 4951 441170
5579 7987 533807
1773 4704 226703
3510 4953 81852
5401 1354 1312869
2902 3553 208013
2139 4824 504667
9960 4791 101876
2039 7966 197929
8210 4509 1804111
2183 9046 2660
5802 9354 467994
7039 4803 1147415
4458 264 2103355
3705 91 4455845
4659 2247 1576730
3962 7956 66724
6697 2273 297375
7356 1554 48136
2620 3659 92928
6640 7086 647476
6727 9605 327811
3344 4083 2724467
6916 5327 261971
7313 6171 230387
5094 2366 891273
509 1173 313740
701 7125 1534305
4867 5483 179133
6367 8316 784769
1942 4175 3779
5119 2908 77250
1351 2773 914822
3409 8287 681192
3842 5984 291942
8824 6708 74492
2043 672 1140436
9916 2984 1327305
1357 3478 2044800
9819 3752 762673
2303 4690 143491
465 3355 927908
3290 3578 920856
4327 6433 225587
9767 5651 377202
4673 3033 481543
1310 6240 378786
6919 4461 36967
1010 8192 92281
2134 1514 601985
3007 4471 335934
6262 5702 2129756
7180 2637 1205486
3420 3059 2715113
1006 8067 214035
5823 5922 6777
6275 9041 1033655
6655 1047 136754
7348 8026 125315
4998 7639 1906888
4169 2110 454307
3208 2553 125934
8214 5400 749762
4260 1497 786354
873 981 267868
4033 5794 2664408
7702 2437 127846
8128 4978 707645
8264 8985 74980
1822 9933 676122
7076 1667 586741
4603 6620 49973
2630 2900 672670
4878 9768 263007
4507 2844 481248
8658 1696 1107776
5897 8172 408922
8590 3358 1548727
9310 2412 319388
1536 7134 1166093
2175 7825 436875
7284 3370 112655
9258 3499 297015
447 3870 333864
4412 1536 32895
7509 2867 1128444
205 4524 309033
9457 809 600018
7626 4216 830132
8240 5870 15998
5674 1945 1182052
1680 3110 466492
6983 5456 28461
5852 7835 1279500
1806 8815 446346
2752 2347 327995
9685 5814 1704908
2284 1536 945213
467 6745 1938523
8066 4710 45308
166 3196 339712
1858 3564 153336
4641 1520 230759
4622 8103 1280419
7971 2083 458325
6835 4907 502361
256 9909 22991
6170 9402 921453
4901 2750 656970
9569 6932 1819828
1918 8190 245757
2864 4133 1696575
2623 17 292329
7867 444 41827
