195
5980 9091 97710
4440 5213 619517
2167 7114 437655
3581 7808 1229686
4847 3076 364827
7522 1327 500389
1613 9078 1268724
8323 3564 861872
5760 7664 124529
4935 3664 354138
2899 4641 378465
5381 9752 603116
6983 2582 1560677
6646 5593 257140
5435 3019 406466
2743 2549 186867
829 5400 71208
7982 1797 412594
4401 8794 128491
5358 6986 462259
953 6191 355749
2141 233 393938
9410 8280 181563
8346 6646 376845
2390 2322 154716
5683 3967 311919
4479 316 869295
1522 4299 886387
5607 3975 52658
317 6237 886434
3230 249 574603
3817 5530 482476
3083 3422 12148
8270 2133 491687
9165 2914 1060610
6516 1277 80046
7092 5146 323300
5931 9488 498809
6082 6078 32307
8916 7399 134673
1928 7176 121922
1625 9404 56815
6013 6188 1079172
1096 1550 146388
6209 3081 369441
76 8803 344151
933 8809 37914
2852 234 62064
1662 1389 256965
2874 1357 1392673
1523 5342 575264
4511 2484 982874
7980 2640 397017
1174 4292 317602
5214 3519 2311221
2079 2663 373618
9065 7095 488980
6432 7689 844587
1211 5986 649999
306 2588 6455
318 6187 67884
9360 5743 255160
2472 7114 547046
8231 58 15132
6308 6797 449646
2694 9889 413797
2198 9474 1118609
5897 7119 138793
6315 285 1033838
6353 7812 66087
9914 6055 1577419
8146 9439 523106
8379 8385 857844
4137 7968 48609
5725 3512 193634
4930 9271 44969
8177 1946 552594
3307 4828 377923
8722 7066 271529
8560 5414 807953
3153 840 184605
8750 4721 182132
9447 351 668975
4386 3016 12547
1860 1896 659957
3821 7891 1452868
187 3986 748015
770 7194 259221
8317 5320 599558
3929 8999 1429379
4524 9845 86654
1346 5867 778927
7990 9753 349057
6726 1024 530426
4120 1858 469215
9308 779 495715
9276 901 2075749
1786 1214 746687
1346 3488 79675
4240 5352 86987
399 7639 667126
825 703 432515
303 9003 366997
1302 1260 154851
3401 3715 222231
9342 5717 529803
6364 4306 124834
3954 9991 2258864
778 3878 289850
802 4009 612740
3901 7462 527232
5395 6944 278437
9689 2318 683201
6993 454 585579
3684 1103 1015214
919 3737 55560
2902 2363 573751
7691 1917 213021
3889 3131 59826
8465 2184 1028978
2452 7288 275583
2736 8150 342308
3674 4762 37038
284 4941 31869
6605 7363 212954
1890 9532 191343
9118 2117 1704100
2233 7486 3282120
5348 9281 961803
187 7451 267100
4169 5998 259286
3860 8089 825752
7789 2676 760752
7004 2981 834303
7708 6006 62352
7258 1072 17366
5763 4863 249485
9643 2481 612903
5688 6059 344955
8797 4850 19970
2939 1123 206924
2246 9031 139798
9900 8232 870091
5934 9465 1551658
1604 2924 557758
6262 1513 746560
541 409 86034
7712 1426 2754923
8201 4642 973168
4730 3564 654693
6513 7648 273498
4377 405 49002
514 5392 143674
5997 9550 90588
734 9514 3104486
9918 6132 972840
3822 8949 15743
7690 2927 417103
4023 5124 732847
5744 7082 116463
9597 6265 77579
2011 1310 371561
1210 7853 118633
6863 8328 472740
4229 1318 716669
7849 4437 222325
3835 1770 1082521
5522 4526 196023
5613 5498 179668
547 8903 155733
7990 653 152605
844 5104 482862
9133 8587 622050
4256 718 236389
7043 2972 544876
7675 7232 33593
534 228 997191
4981 1720 79152
7799 1934 95804
157 7083 419037
1800 3620 494204
1569 1236 250064
5927 1251 20212
2375 7873 754387
6057 6509 90535
2567 7292 211833
5161 7143 1856
8669 9221 276531
2583 5151 623805
8322 9135 581569
899 4313 326271
4055 9948 555286
3909 3816 749543
1937 1755 360303
4238 3907 455251
