129
4307 4461 119923
5785 6816 1822197
3368 8645 1364397
5310 8861 763917
2579 1177 18447
2516 5088 2144034
5224 5287 1669742
4828 2466 1004827
5018 9792 883160
4964 1745 961551
807 4063 319783
396 4062 675040
8516 1464 481464
852 7742 739170
7701 9487 30570
1802 790 950822
2901 5165 1390612
7216 9836 1198575
1077 8121 241388
3521 6494 662502
4898 8047 692
7649 8027 196849
3002 4253 1266485
9412 9855 2781467
8280 9800 47704
1057 4546 777694
8234 6779 2202096
8548 5125 612591
370 9053 73663
3728 568 198284
1175 3253 1036962
5864 9917 1330749
4697 9924 266417
1712 1062 87938
1821 2190 800126
1208 9046 822704
4045 9679 479148
5911 1677 1332362
8460 5246 998942
5381 4494 3028983
5879 3585 108001
5945 8764 141907
7062 5024 4031062
6391 8582 670429
7465 3854 901779
478 3273 431228
2227 4234 1065945
6076 2233 422294
4777 2639 123167
8991 130 531759
1459 8640 1901551
7323 1421 174762
2365 1955 181070
5219 9493 1333602
8621 5621 2921814
5916 8108 933964
4490 2191 341251
4495 3207 264184
329 1497 151929
562 9958 873354
9013 8499 622134
4749 4856 56658
8477 7028 53032
8737 4355 63417
3893 9525 79408
8787 8272 170552
5199 2688 264027
9994 4899 149001
9199 6691 673804
1159 3265 51690
3919 2036 407869
4709 244 350624
9121 6133 190141
9083 371 19027
8533 1646 259117
5705 9455 18839
531 8203 151306
5032 3846 96797
2192 7031 292149
2145 2280 229558
6454 2827 1853174
2480 7291 60414
8026 9335 127901
7356 7453 162475
4416 8671 1272514
6085 2010 115858
6325 2285 328899
129 1835 79860
6215 9286 101482
6425 4352 822171
4752 8613 68049
1603 1603 5198366
1629 6499 70717
1232 8729 353829
7308 6706 2558129
5518 9257 59109
5750 6411 193480
62 6641 2270356
5972 5228 518442
9555 3273 111937
9480 4472 1780261
3956 1459 1855359
2218 2069 847752
2334 7261 878780
6415 7325 1310859
9387 5511 1087086
4147 7928 228545
7254 1025 242550
7458 6945 377366
4917 100 481478
7528 7468 912206
7880 215 513555
7099 9918 337795
7282 393 308101
3420 6119 1197607
7926 5021 736611
4379 4517 293499
9789 3253 826513
1422 5191 128016
3245 855 395819
1612 9001 225787
7569 2365 4753230
6714 2274 1293645
5718 2447 334195
7181 814 683691
214 8194 664891
5314 1060 192030
1526 792 469128
1607 1781 2828304
