156
4090 7723 1022284
2792 3070 216028
9691 7454 202710
9592 1119 154703
6558 6784 158879
6891 4515 439254
3551 1790 444386
6137 4976 621925
3049 5504 235494
4489 4122 112146
3770 3736 261205
2837 7465 547131
3899 1438 2110648
9169 3693 311842
6982 3033 742071
9023 9053 554458
8614 6049 96281
3449 6980 15743
2118 5837 424215
9086 3971 669533
4892 9718 816449
2676 9726 586528
1286 3828 339988
6585 6724 163526
8230 1988 41671
9604 6072 417275
7772 1090 117675
3407 5536 400366
4557 3758 764686
2482 1130 225960
4677 2305 3160766
4242 4426 922136
83 7041 1888483
2634 158 1402422
6545 2692 761117
2365 8400 117686
9993 5152 61499
6374 8845 355278
8841 6017 1253425
3756 848 252144
1998 675 78837
2556 9099 1295568
1324 7253 506904
6745 3019 352948
2081 6764 215026
6380 2527 144254
276 7206 227234
8562 9998 92798
8848 6678 3077005
3248 9419 803288
2056 3055 688316
884 4024 164833
2912 5535 120064
5043 4132 900154
6495 5722 1113508
6516 430 1403857
2477 3048 192030
1913 2256 1568160
32 8237 183091
9020 2829 100680
8124 2132 1783643
2397 5488 2160288
5670 6226 33564
1399 233 7667
8785 9452 1778258
6727 1953 3058565
233 3071 3008377
826 3875 578991
4989 3369 225581
4419 5053 330517
2312 7226 869595
7274 3564 731645
4035 6535 219862
1224 9549 384831
3130 85 1482798
5079 9126 30280
9140 1135 82224
6303 901 94047
4580 6237 884756
9646 9296 295531
333 5674 1073771
1576 5856 82315
9908 2899 920808
2791 6026 84384
1593 9466 787752
6949 1935 1597123
6865 4348 287516
7415 3197 1635372
1501 81 116649
7914 3498 1633036
2493 6089 33496
8596 8244 1701985
2796 5469 329113
4533 8982 1809923
5443 9650 189978
8616 9632 20183
7413 2230 396595
1617 2865 145879
1785 7006 365379
3835 6596 1086503
5121 6395 4241
1886 8358 348544
805 5246 956534
7298 8167 467517
3468 9429 167420
8447 6238 494067
7296 262 16049
899 8501 1023507
8371 2052 591984
1251 5009 164108
2527 1433 476101
1712 5262 638114
4216 5398 290948
1627 3006 889445
2254 2405 157958
511 8052 1566749
9661 6785 413209
4137 5519 396847
4726 3165 202418
5403 6143 3291
853 6109 90871
7492 0 835579
4368 6336 124498
6835 439 1352891
9114 2515 139286
5685 6144 53457
6241 1868 340622
9409 417 2027069
4435 1745 706147
8623 1961 156497
6476 4176 185081
7864 6400 1830259
4880 7731 780546
795 8861 76459
560 280 1199223
4432 4813 1573693
4052 3207 1185436
986 3378 128966
7741 441 134230
7745 7793 126593
3550 2324 538855
4185 9550 40137
9609 7232 2865315
3201 4752 8404
6315 5011 168068
4676 7235 410457
2274 653 182924
9716 4063 243819
1606 1079 746346
9670 9404 1182041
390 7120 560353
8542 3523 285543
2699 5486 268550
8570 701 580009
9575 5513 51346
7604 6086 594028
