169
5745 4198 162990
2520 5623 912785
7336 9776 337077
594 7312 1953655
2941 9098 373631
6959 2441 78670
9799 205 146622
3104 5929 51666
692 3330 1144324
3552 9651 1971520
3459 9563 705
5196 8161 680322
6840 6062 623524
35 9465 1720821
3342 2477 194708
7771 2979 1625048
7191 5728 409203
6048 6960 754544
1753 1351 1272461
9071 4384 1358941
962 9919 223601
9416 6927 117306
3090 2906 396467
9507 7295 907248
734 3469 102958
5423 1068 90652
446 9884 137892
4896 2959 1179540
7363 5037 398163
6595 7479 583040
5255 8655 921312
6003 581 91407
9621 1376 109852
5430 9215 1480946
569 2097 78811
9676 8931 258813
2831 6094 108870
1198 9208 423432
4804 1686 365936
5548 1434 54454
9698 6196 138116
2750 2437 524257
9028 2820 1896426
2215 8805 220860
2029 5262 493943
2472 2868 378924
8103 2298 152258
4455 495 1191300
2723 1214 1756284
5331 7287 1357820
8646 5206 612067
7664 1533 474992
8478 4539 408122
1116 3544 1041134
2940 491 208961
9310 6052 18635
5110 2629 222337
308 4701 307173
5171 341 1251946
4559 473 842565
4723 4224 995158
3375 7330 1223583
1338 8127 90023
550 944 21250
7885 5334 1018148
3724 8721 92795
6104 5318 563499
5910 3009 137839
3875 1813 1270704
3877 6812 231267
8357 9683 158100
6183 1361 74073
2792 3046 136105
4481 5559 121779
7660 9854 111014
5977 4536 97436
3627 607 341995
1403 8686 1480657
815 4250 18792
7505 6616 871824
9408 5479 116218
9393 2680 1293579
2776 1280 475023
1240 2862 2417801
363 2208 226044
746 1836 1583765
8832 9340 265161
220 4937 1672264
407 9805 452775
1346 9921 1463984
2118 2478 129185
9303 9580 510035
4325 2928 1279504
7277 5001 249418
9109 6091 96368
9129 3014 707411
5461 8887 226558
3459 1014 1019310
9337 6888 203423
8927 1734 795996
9960 9805 546630
8970 9794 204829
9469 7524 240838
2148 8329 857107
5098 3124 352771
3943 5463 171170
4322 6732 37550
9531 8907 1164668
224 6585 163895
6587 281 52002
8773 7820 335897
7702 2758 143786
7482 88 275364
260 5677 880841
4575 441 47043
5250 6002 492521
9812 3680 209315
2945 7558 172648
6697 1037 1205610
4103 4433 841560
448 8838 681414
4796 4170 92782
8329 5752 54072
9885 2770 303430
3128 5405 269975
2419 2211 239480
8102 4252 1804111
5110 9297 1775591
3807 6364 73474
4423 953 250105
4319 140 302083
816 1448 138295
6472 9665 1337949
5632 8545 152391
7980 5593 952093
9786 8841 1128179
7140 8480 257698
4732 9749 434781
5225 9058 476614
7366 7257 766308
7307 7474 801858
4975 9569 213973
9469 798 91962
3866 5827 152433
7982 7117 93674
684 9267 414288
1947 2712 696301
5780 4403 872339
7386 5674 501284
6503 6166 732699
450 3508 172413
86 5778 818286
4096 6922 971866
9750 8789 220618
4714 3607 1095506
7497 9159 913633
3939 3115 759732
3072 4181 253778
7717 5055 626378
5195 1035 2504253
9667 2387 562237
4883 3518 37671
7695 250 534060
773 3749 751724
7985 7624 385953
9964 3435 1755938
2689 8924 213905
7604 5287 922138
8645 2664 500330
