63
2430 7492 779324
613 7356 89723
512 9058 1725576
2025 4446 310576
2039 8018 5493819
1184 17 2222378
9437 5268 29655
7342 8118 595824
2643 2351 908303
2421 7389 6736227
8783 8627 486224
4210 59 2144067
5458 3793 1611823
6814 1016 2734012
3744 9087 1279488
9897 7439 1045368
415 8199 2588984
6132 4455 2425558
1856 4460 752128
4789 2015 2549483
9658 3356 2895235
5714 4422 609653
5469 4074 1876582
7698 4764 2105413
2775 8998 334319
4765 1542 3206924
2723 1811 942508
4318 5510 1008394
3302 2716 361349
7418 9708 50938
9193 8258 1952175
2748 6473 998052
8936 7865 970212
4985 9380 1741713
8078 182 2147307
6510 6122 508683
6121 3169 808647
2053 6290 4491984
5427 5513 2410457
1268 3198 691979
1234 1816 3552151
9276 2922 396499
204 2050 744287
5461 4369 3600
9607 2157 1675899
7679 394 2612843
784 1864 3417101
9456 5220 587227
9413 7179 607844
5092 4181 46248
607 8310 939197
9771 4187 2911157
1198 7194 2400077
8277 7187 321945
9475 5937 1741674
9934 6916 139038
2424 3134 568696
5573 9570 1885997
4746 6662 1424871
9054 537 1122566
5132 5867 2628702
901 8221 464590
802 4026 3186727
