73
6017 8958 33800
2509 2155 333675
6463 8347 379478
3679 6681 3089237
4145 2983 1599055
2174 9910 701149
1161 7074 47941
2198 4012 3452304
9671 3845 3152864
599 3099 3895852
7160 4416 433042
130 774 1431232
3438 2879 149399
2806 6386 569752
9553 2634 1980956
8046 5971 16174
3633 8197 696768
9638 2433 1671717
2108 3514 497909
664 4518 2571798
5134 5664 2101310
2789 9437 114182
6663 4683 3464286
6780 5366 323744
8434 5140 309139
1623 2022 742023
9810 4786 3994911
1583 7881 1199653
3933 2218 387444
5125 8531 358687
6130 5796 907136
8466 9995 143221
146 1101 420525
4916 5579 1483377
9141 9303 44269
8207 633 160587
6984 2889 1788041
9349 355 2498765
6202 5999 2282879
1556 3605 436096
8851 8899 1592442
643 8683 2507301
8444 7092 727911
4174 3648 292443
4695 8163 427964
9893 631 799595
4215 3982 1301301
1824 3923 3327394
1334 7388 1112277
1314 1573 2535553
7505 9192 377268
1094 6374 985954
9917 9303 2637858
2208 3957 3951053
9229 6860 7467
4343 5531 205573
4109 275 651694
6341 7365 123935
6729 5437 1815489
6374 6893 3448965
5249 2215 1349701
9377 1785 553673
4897 5911 230467
4866 6036 713488
1262 6033 2543341
5901 7416 988093
7660 9418 1572220
6211 4896 874220
5693 4187 5571850
3298 5851 1248534
7705 5510 466987
9188 9706 4620823
5373 9522 572789
