179
6991 7365 139698
855 2275 363060
7517 7808 871079
6777 9554 190521
5340 879 222998
7559 7424 1085619
4186 6888 733162
648 899 3609
3343 7925 672894
6105 9827 660742
2871 2209 479359
1461 6650 369186
1115 5358 183527
7595 4426 211134
2213 9466 288574
1236 6275 636469
4769 2182 373661
8503 496 418832
6294 662 547655
1093 1270 1580021
3445 8394 13758
3798 6102 399841
9253 894 637470
4973 7114 183236
8099 4122 206320
5762 8436 264008
8346 6557 928647
2181 1880 268816
35 6229 220248
7969 8716 1035979
1275 9750 460541
940 2625 1314334
4277 6559 655924
9747 2139 1213816
7774 7681 96274
3185 6919 258888
5883 8135 457649
322 9776 550777
6850 9995 186826
1462 3454 386099
9060 2913 179500
4777 2800 391814
6115 4883 522966
9102 1793 349215
2333 5784 2144504
1173 1692 278247
3808 1070 571060
8617 3124 182247
4808 6967 221184
4177 4084 144345
127 9161 718364
2166 81 47246
1131 2839 729137
2197 2158 37750
1484 3766 1966051
3750 6520 142492
5739 1616 44803
7285 5759 438267
8264 3209 797474
4264 6300 1695416
1029 3827 437437
8885 2529 907452
6045 5372 292594
6905 935 1356841
3018 8315 72055
9642 3932 102731
5940 4823 506593
5457 1284 30346
355 417 807877
1538 156 80158
8690 1882 368823
5555 5006 138787
9174 7428 309387
2041 7660 3048888
2992 3289 209876
9319 6743 571802
3731 6305 271149
5618 9784 127180
7317 5375 3042524
7344 6620 191395
2132 8684 124295
5519 5058 37659
2145 1621 526989
2750 1242 1359218
7137 6208 380050
6384 1835 3607755
5834 4233 59154
7427 9264 209557
4200 7485 562546
4301 8643 880073
2384 2023 1124140
3590 6673 511453
966 3814 1719480
4811 7465 1104382
4749 583 413644
6961 9400 2178799
7494 6421 517323
9597 8822 64276
3104 1485 677230
1921 6625 41362
9053 9598 992007
1766 9933 27091
2955 1504 385130
2407 9165 698564
8 1665 937336
7919 2626 5467
7683 416 366349
4528 6326 142639
8292 9092 559846
3970 291 191111
3808 4517 447038
4 8276 33421
4092 8460 135323
2319 1870 117270
9931 6054 262720
1493 4790 1253272
7376 1913 467795
5023 6245 613347
1514 7071 37703
1574 7052 89599
9889 3306 388389
9995 2743 458022
5653 6638 425668
6619 613 1017187
5215 6272 1591751
2083 5501 1021200
6410 648 951413
7823 211 659675
4210 8405 605936
3401 8427 291622
8949 6120 961042
1733 3935 372666
8806 6121 1372780
1453 2463 676600
2835 9572 150553
2751 4150 131158
8260 8722 697379
3183 2337 270077
4429 5858 246047
7893 1692 723461
498 1355 558072
3347 2561 30556
3436 3827 154647
6003 3694 1742547
1389 142 46086
6777 7700 85958
9026 3488 590906
7761 2497 624031
5288 905 214541
8612 3081 647465
5237 3438 362311
6390 8490 1998045
9322 9354 66075
9720 9421 386882
7561 3066 950402
9897 9741 252073
8611 3316 103374
6857 9902 16964
9810 4027 695949
3588 828 47728
2131 6857 295169
6746 7405 88015
7444 2003 294132
4148 9337 394188
6138 2484 963178
9058 1434 619888
3302 7376 1085364
1371 1795 28120
2614 4410 1168440
974 1332 283266
134 1725 187464
5160 6154 96743
1463 2657 886671
6062 7353 513545
9201 9574 58043
9570 4502 673770
9191 8467 707909
7607 4320 524943
78 8317 434273
