72
2279 3215 1205989
7302 3427 893410
4837 5266 2227190
67 5999 2257605
8564 8422 818591
1607 9016 1259249
5056 133 2881093
3202 9842 2586030
1142 1478 718208
8844 6191 508135
5368 1618 3684663
5421 2828 31294
8621 181 1071086
4159 694 456169
7738 126 174811
4028 4661 4319183
2923 3552 2587668
3564 1141 2564134
393 6376 1255505
6800 9001 2797629
9107 2322 3891869
5516 9381 1487647
2927 7955 4375613
3258 3276 909312
9081 8994 50235
986 4628 1444670
6142 3868 4212840
1247 1094 309849
8633 6455 690891
4805 4692 496044
2318 3288 148155
3442 9588 4276389
8117 6347 1333248
3077 8013 2007111
6940 8861 2707393
9278 9103 94432
4779 272 528441
4946 5696 1015710
3191 3788 423786
5773 7545 444016
8867 1898 1077987
7636 3139 157842
6332 8065 176086
4966 2217 613923
6321 612 4717298
5000 1393 1781982
1632 3779 1673534
3494 3108 995564
4583 2874 379166
3046 1599 2145491
3932 6828 1490934
1996 2334 757455
4225 3486 974135
6318 7586 414514
5486 3599 178615
6695 7462 339365
3258 9011 1026036
9891 5353 417506
1218 9025 943608
650 7049 246957
4181 1309 1625264
1460 9127 1987
145 3089 629405
2255 8790 951413
6729 4462 2674982
8254 299 356836
3400 943 1287761
587 2785 370789
8753 7276 932534
8629 8876 3091107
4046 4665 811840
6050 1918 1612791
