135
7858 5421 117613
1564 4659 195007
3929 8935 3408
7565 6857 888714
6663 9479 1583900
6401 8729 20357
9434 1040 719944
8389 1694 824902
6624 3183 290037
7844 5284 530141
5047 4124 1437001
7448 348 361274
3822 7577 368849
7630 1250 231200
6960 8657 403049
5305 9295 300305
6606 8870 1192366
5641 7069 1261999
5243 8842 3323791
6713 9111 4114
9548 8321 1231516
716 4221 86625
8068 2904 27624
3942 4821 887537
8374 4401 1125821
2990 3261 896654
4572 761 1158496
6258 2526 190766
277 7408 959569
501 7427 318974
589 972 663569
7285 9052 1145185
5851 859 1096852
3084 2380 855560
9729 8011 857163
1894 3797 1735616
4719 1698 1840670
8288 971 771880
4079 9605 583244
8721 6129 302611
7478 1506 100848
8774 1512 870355
8899 3033 2162963
2404 7358 160630
9704 2747 814105
8960 8580 216043
610 1514 283463
1597 6777 241077
7309 5421 1507920
4022 7518 37658
8719 6821 1089881
6296 4235 350911
388 9588 741865
8980 9697 572444
3151 7001 693904
4556 513 1158262
6712 6088 350450
7574 5296 582069
5911 3600 3519179
6900 1691 116912
3147 1028 1251039
9872 7272 1552629
354 237 272905
7211 6930 104260
9683 5124 629407
7811 6391 1879459
4286 8857 477000
6022 2703 1726850
5642 307 110019
7759 6440 2127965
9776 5446 493438
3231 7424 819456
5752 2280 429954
5135 9498 1093161
2519 1738 332378
1804 5434 67796
1527 9160 235111
2294 492 353022
6514 401 556969
3353 5473 738996
4216 8625 145076
4027 1527 951608
2707 9902 612369
8617 4510 1045515
1137 1364 330678
9690 9579 241604
3212 368 3112010
9245 9157 438948
1600 4091 1952927
1949 1173 206474
6639 429 285039
7329 1926 29301
1134 6525 136141
3504 7019 987593
5521 3279 249466
1026 2372 84839
6493 273 111081
109 8285 1460079
9863 6393 1466736
9837 2468 1150746
5641 7284 157367
1137 769 606988
8740 4475 1901564
4535 7205 193568
9870 7650 231569
8807 461 196111
6006 6633 807548
3389 1252 597728
5154 8467 1240743
4591 5507 130812
7715 4486 175031
7840 3248 395583
6779 2930 341830
5271 5620 76950
5052 7900 579601
577 3468 455539
9905 334 564908
4327 9353 293290
2572 7729 875478
8811 3498 45631
4855 9955 113340
687 2250 793137
117 1321 947339
2778 9300 87062
1573 4087 996468
1392 3052 1641962
9288 534 1371359
3521 8555 444654
2789 6558 908553
270 4516 2639405
3884 5429 309254
5966 1060 231152
8393 3978 2128657
774 9305 69928
5611 7316 835005
