52
6930 1536 549067
7648 5784 252548
4834 2936 1356597
3616 8143 129051
6338 4472 572585
5209 7193 1632248
5732 4044 2346417
4080 6892 619590
6968 1719 2756899
8305 206 1008406
1242 9962 491882
4871 8372 8663133
6443 9579 3261868
78 6306 139566
2150 6704 2709424
8382 841 910415
5868 7867 2000485
9230 1941 6055341
80 8799 119438
6799 2571 4932331
955 8361 3032175
1516 3580 1195502
2771 7100 860739
1520 8628 3016300
3290 7977 131971
6697 7196 124393
6612 6212 1533303
9062 6640 124215
7763 2638 284209
5225 4006 2173087
4149 4688 5863026
8777 4155 3454228
131 4291 1208498
6234 2744 553880
5703 871 346436
7322 7957 1245816
1838 2814 1083030
7857 3513 4227772
1171 8935 2058508
8318 4383 312362
9720 4129 845980
3673 3202 2832269
1238 2331 2010095
2809 8430 5187987
7105 8883 688837
8236 2973 2441937
5630 3876 626751
7478 6791 3379116
4604 2056 3707736
7361 7544 4470839
237 6952 144141
3468 1750 327571
