55
6084 6597 2035481
6595 4446 1911052
2415 618 271544
1939 6678 512485
5592 7780 2703756
8533 6330 4504354
8780 4936 639797
9478 4061 8097284
9648 266 2220982
6185 4798 1613312
9108 5953 879958
8114 1567 1884624
1577 2141 2600172
8972 3278 1673416
659 1149 3306123
518 8758 131330
972 8181 4864486
2304 1652 465358
4003 6358 893592
80 943 3552649
9734 3977 395829
6651 1155 2698692
9875 379 2170310
6325 9621 3979630
1968 4435 153901
5965 8324 864814
2955 9408 658908
3192 1975 482894
4913 7200 394208
8293 5562 9921045
9283 225 107427
5743 1140 143285
956 6933 117702
3365 9789 369085
7377 6770 3949639
7618 1878 358139
8899 8725 274516
2172 4643 2840292
6909 8496 117222
1563 9765 1390619
406 7785 1562751
4409 1242 911455
1171 1606 2339191
4784 9146 1386082
2991 3370 1335418
5363 9553 1495482
8741 714 909041
8918 1829 2739957
828 9046 786904
2559 8873 1688171
3634 4468 2557807
9496 9818 2859181
2444 4101 514224
75 2416 733274
4261 8094 2031150
