99
5401 704 1644144
8902 3584 664419
8094 5795 1337
4828 8420 392993
2337 7234 1974122
4948 7471 6194
7546 6050 531401
4627 2395 599759
2261 6230 332261
6766 9738 409132
8290 6060 474306
3011 7917 54657
7329 2654 88020
6864 6296 238230
1831 168 879504
2793 4787 1364662
7440 8735 963729
2708 7134 1280379
6883 4128 1436181
6543 437 4142904
8009 9936 555315
9980 6970 845731
5320 2409 1678105
243 8914 79701
244 6773 199654
6616 4724 116631
3746 7224 714660
2083 770 452338
4762 1564 272405
1269 7285 435885
6433 5989 140775
7254 2700 569742
7513 652 2600223
6243 7124 507473
7070 9767 465091
976 9576 392824
1946 6146 63093
4085 2166 244138
1285 6765 250583
6822 2950 590167
2480 6594 349897
6303 4324 1506604
246 6264 118936
3790 3450 2048303
5485 1315 116287
1677 4784 311795
2605 3398 225534
4601 4040 1343368
9230 6159 376784
3834 2250 397777
3328 2798 1300709
8330 4634 2826800
3098 5319 51919
955 1991 479856
4339 6098 1497338
9831 1068 2350620
4620 9177 561562
8621 2383 2235245
7355 2952 760327
2394 2986 1859437
3648 8272 272906
4695 280 4820967
9588 4773 298508
9467 4452 2118853
3541 6723 2194204
8035 7195 2952821
6023 2019 1254201
7807 7707 268299
7571 6954 773711
6559 2088 100773
8727 9433 452225
1839 7090 2259580
6320 6135 3388302
3623 5337 1563105
1983 8992 1225740
6975 7419 161611
6053 9195 4506433
3654 3949 236492
2117 4610 221564
3531 1367 1495391
4354 6432 984438
6731 8883 415975
8195 5908 763918
1932 1685 634812
2986 2887 227806
3372 8136 571924
1925 3974 360308
1179 1053 1101168
6399 497 1711672
7275 8750 504689
772 2545 259319
9837 4380 183386
602 8374 1599900
9517 5235 95308
8077 9569 4036156
1684 2362 221595
6562 7259 1930569
6692 1406 1164929
5466 6354 3294476
