103
1305 7323 210082
1189 5871 899270
2107 232 216861
1475 8624 126350
1805 7450 1371005
1628 9664 2462077
8054 246 280387
3988 9355 143125
6561 6424 553753
3478 7665 259477
7173 9312 73642
9494 5784 4786593
1191 7669 1488992
9110 3934 574866
497 3614 375139
3696 5893 2662310
9133 173 432341
9265 5943 741822
7231 7601 110489
2889 2655 1275434
1859 6998 1056510
4806 1762 1269987
6818 3682 2198774
2777 6217 375571
6914 5793 1185489
3485 2940 136501
4693 4690 1341445
1483 4771 366336
3501 6429 1097046
2572 3099 98924
2922 1592 100860
7299 2397 401716
5756 6824 1891693
3751 1943 653251
8466 188 708122
778 1633 842719
5108 1532 92217
9552 7206 46635
7378 9875 92200
2852 1842 2777806
9933 6416 683658
3330 7157 1513019
2472 660 230502
1557 7921 859886
372 8577 606065
9257 1547 168569
4774 8058 742347
2440 9817 2578056
5655 3131 1231333
8730 5297 1082476
456 7941 1914414
5944 5266 1297796
2665 4869 5138569
8627 4677 1393678
4459 4645 531040
728 2499 1404309
9344 8957 910389
4130 7774 168357
4877 2865 1641162
580 2327 1557373
5653 8496 1537344
2231 3373 512498
6914 8089 1748867
243 7401 953119
371 6962 2736090
2022 1611 1175786
3108 6353 540054
49 590 763100
1460 2049 135506
1201 836 831007
6393 8838 369444
5176 6598 879814
3789 5802 136899
3001 7819 394904
6871 3381 777399
6254 7329 1587556
7170 8032 1308951
197 7573 79596
2957 9428 434587
6095 3455 929175
2164 7213 360273
5161 5919 1384336
1843 3065 646000
1199 5 300194
8397 2580 847935
6244 9380 536503
7591 9378 1017247
8100 8184 1088966
8409 9287 663280
1913 879 2347717
1781 6380 831606
7920 8004 210198
9837 4488 793750
5980 3592 29245
8113 5502 532883
2482 7434 421096
8730 4229 354009
9402 983 4246113
4601 4302 2434850
2301 7305 1050612
568 4220 506870
6078 5101 15996
4054 7382 117810
