57
5545 4240 101881
8260 4087 970452
6771 8576 177298
8821 3388 3055167
6968 6096 105767
5714 9297 1488233
8882 8451 273973
9294 7069 2981329
9105 1511 268551
3663 163 2034666
2259 462 1123487
946 5881 1001520
4113 4911 1152090
1746 4761 395079
3678 9462 4396229
4196 8971 330979
1237 5388 2071672
6118 6454 4124790
1072 7528 1204121
836 6078 2162070
2099 3715 943689
4984 7298 333965
777 7746 1781
5752 2235 2494232
4001 6842 528744
9787 9269 1194589
7870 8736 3192302
184 2297 117721
9916 2855 5514065
4203 1603 1285440
7223 3372 1048963
9902 6056 3674170
1823 6828 937095
6803 4543 101576
6816 9858 113482
1766 1299 3328243
4483 8594 3303220
3159 1931 84210
8207 3037 466573
3770 145 4211394
1342 2104 235823
2871 2248 3539078
2819 7554 325912
4574 1993 707476
2121 878 1890256
5793 1298 4156980
8109 9377 3545445
5020 4953 549221
5643 6761 1583722
9170 515 4122439
928 319 1334941
1346 3129 2914400
5126 2062 2342669
8649 5519 1339364
6745 1494 3304828
649 6553 4407073
3813 8413 1405565
