60
5380 2997 5815711
5813 5243 1450183
359 5178 2867379
5979 5271 262789
6260 5071 2501917
1775 5528 963257
8729 3995 1070453
788 7887 189640
4371 2757 667689
8348 6399 596864
5601 1523 2941491
2376 7580 257118
8536 2121 279602
5409 2904 725288
6438 8741 99454
2141 1606 2584196
8772 4431 2449982
5054 4267 1781836
533 6851 3069406
6651 9746 2312131
2113 6442 734294
1982 8370 3214842
6418 7263 189189
6431 9085 1270104
4774 3918 2937162
8994 295 728638
9604 2857 2628552
8793 1003 5577707
8783 6470 689881
7292 3741 357898
4035 9729 2364820
7173 3091 3698186
2374 7898 1877852
34 2318 802835
5074 5408 183166
1894 1078 3553879
3696 4099 2141288
4286 1543 3593305
4764 280 96248
8372 5662 392373
3090 7288 580847
50 3560 1543882
9456 6247 88221
4120 3268 3807465
9294 4592 175472
9680 2552 1026829
1659 7247 444391
2890 906 291456
135 8457 1600887
6229 1712 1451147
245 2940 4388125
5989 8772 1145800
7271 2725 786726
8813 2283 4030950
914 4259 832715
5711 4647 980686
9410 4930 2430188
307 7329 580789
9982 9366 3402927
3066 8913 491892
