143
230 287 191338
1238 1907 190798
4983 6465 2510543
830 1242 1321983
2862 8129 67710
4183 5909 1115665
6663 1988 1009961
8249 692 145238
5502 9130 629990
8559 2147 92639
9082 6001 227598
128 6035 582841
5594 2481 55200
9916 2980 327398
6396 1825 462337
309 1115 98779
4201 2495 447272
6263 6158 129604
5876 897 1404453
8397 9706 335858
3775 1285 158830
7802 2033 693257
6734 8243 147368
8096 7267 919457
3331 47 322657
5836 8761 1131040
7516 2439 1663567
4301 5901 426583
7545 750 1109432
9263 8040 881302
3995 7623 378297
1108 3930 2930666
3477 537 174428
7439 859 187355
1319 5469 535239
814 2733 418
806 5384 136297
6339 2660 500622
5433 3172 940650
8877 3557 198610
3647 153 727990
8002 767 302018
5776 2071 857342
9849 4856 1289740
3371 8092 628220
619 2348 564868
4584 4714 94728
132 9093 366159
7631 8183 563294
1643 2657 1076447
9222 2633 372890
7336 288 1976118
1429 6669 713978
8321 6201 1794449
974 8214 805724
7289 9752 2596042
3411 739 472840
8187 4589 994256
7015 7553 1760077
7430 7276 425628
3073 6636 423916
3899 9575 516671
879 9816 82279
7424 5260 211179
2528 946 890708
7958 3887 68159
8416 2209 758528
6406 7552 348204
2799 5187 515392
7391 2711 2274096
5868 5655 308828
1534 6235 103995
5915 7407 2429295
2139 4800 618236
2124 92 898314
4078 2807 113910
8621 3849 1177805
353 548 1922604
7301 7482 422327
2357 4174 190716
1384 5785 307954
7046 9247 329396
287 498 199832
2397 5864 204030
1917 5309 34003
4696 9055 1283423
655 8386 1923302
9889 7195 377051
8678 334 134846
5496 5117 372474
8503 7335 504129
5715 8152 265061
8970 5000 48619
8300 7289 398106
3490 1412 57693
7043 3228 647240
9103 2941 81736
1891 8991 84912
2216 4433 488575
1167 8962 922316
9366 8773 118693
9951 372 148490
7831 6595 1192577
9785 120 19560
8312 1194 1040646
540 1870 1443283
7677 6731 86191
9701 5705 1278576
4730 1571 1298252
4706 9135 231348
660 3999 732371
3560 395 1058713
4603 9600 748258
7106 2387 195255
527 53 20014
2092 7347 1505143
5238 9729 36653
3230 5007 347454
9194 2899 2191890
8325 7269 292718
2647 7993 353504
4860 1090 454382
8452 4058 623886
9602 6537 1168221
2069 1920 519247
2782 4371 2913766
5341 5149 1372186
583 1706 203429
807 9343 2193776
1182 6944 677945
5625 5449 2180390
5031 5257 1399688
8309 7058 450092
4842 5432 311900
1551 3170 263043
2109 9253 1663732
3115 169 320584
1012 3894 1404794
105 2793 212060
2794 2491 162835
4213 1267 358777
9488 3476 372475
3114 8800 327255
