65
2480 1160 2522674
5133 1802 1242456
5136 1590 843054
5946 9449 246312
6001 1790 924565
6641 3155 1948979
4142 357 991424
625 8185 1192874
9093 7374 1411620
573 8694 6348268
1848 9128 357940
905 6830 2863238
205 9577 948189
98 4496 3179056
3518 4089 801693
2807 4852 649195
618 8611 2919922
7144 8281 2318610
5289 7655 828050
3608 5352 1566368
9802 1130 911293
1189 3161 2131950
4473 2509 2409190
8717 2322 1565331
737 3711 1821035
4014 2036 3359669
1944 349 111164
7382 6292 1804140
5606 6207 202115
4592 6848 859727
5556 5657 2273982
7804 232 1381793
9408 9658 833985
1621 8513 1839330
6315 2829 2339968
2253 3240 1318441
2613 12 1330527
9100 6513 713538
1705 2103 2988988
5705 8793 385364
4394 4260 882822
6336 2002 4349632
830 5334 1396834
8749 8315 765203
972 2450 1026122
4989 92 575930
1233 6810 1008214
5193 5503 3416124
1482 8154 297407
947 8734 303492
9180 3750 289017
9592 5270 1638797
1681 5989 819239
5781 492 1689812
7579 1059 682700
3201 7253 3530846
4185 380 652478
2781 8487 1609099
640 1269 95366
8890 7540 187805
387 243 900234
9426 7001 3690211
2708 8575 4915883
2191 5818 300231
3493 3043 290485
