85
4431 2942 307469
3253 5190 744962
323 7511 1248311
4574 5875 632240
5039 7599 1641917
7115 1558 3747283
7887 5287 3851390
7234 9702 1822019
2276 5991 1487416
119 8276 2097535
4101 9029 533534
1211 7424 263166
5427 1738 229220
5087 7799 742115
7673 3078 328191
4831 128 2672929
2852 7073 3132979
9140 9247 623355
6916 2479 1299306
9822 8225 6219876
641 965 1070035
5313 369 135554
2045 9301 1852788
8860 3680 642773
385 4466 27040
5771 4050 1537699
3162 1206 125765
7655 6034 75780
3447 7391 1087000
7169 8633 119707
2525 1258 1080819
4146 2642 262857
669 3801 1165328
9709 4834 236401
6185 3985 211896
662 2150 425931
2384 2348 401105
4203 860 782205
7961 6423 1603017
9587 1149 2962126
5115 861 756959
5134 428 11579
4022 5253 101715
8217 2483 631212
3053 1747 2389574
238 3195 1196070
8965 6515 2518134
803 9114 417041
5286 2994 2475158
7573 9871 797545
6406 2832 2224818
924 5878 3280749
6510 2480 496390
4582 4516 1001832
2143 8436 127969
1917 8988 795094
7903 8024 98250
1272 7535 392125
183 2362 1297954
9358 190 237526
8202 3975 1124638
2299 3960 980960
8713 9717 2005702
939 4413 97104
2632 8574 844678
4826 3748 650006
4028 4742 2712094
4990 5220 1728569
2037 6398 183101
6798 9426 1035472
1656 8660 1856816
3726 9899 1046922
1156 3568 1376834
2244 2320 590129
2775 9853 1792851
1253 1863 1584525
2538 9683 3275236
9945 173 1979298
1540 2119 145910
1770 5853 771217
5599 3779 287878
3582 5429 365919
1852 9037 1747618
2733 8428 173279
9291 5409 964511
