66
6573 190 160664
6597 8878 16799
663 7314 1002592
6686 6336 678155
5481 4263 1664743
404 5116 678523
2334 3305 3039191
4095 4422 2757292
1862 4994 1790073
2370 5116 10677
6348 3887 204271
2524 7383 546576
8060 8570 4838766
7773 7350 231141
3121 583 181025
8626 9209 1835316
7010 1197 4299317
5933 6626 562144
3519 1925 2700633
4235 8692 424268
1268 6260 2969371
6540 7765 1072037
8222 5489 406890
6332 9962 877185
9753 4483 657878
8556 222 8608060
2544 7023 325109
1579 3071 463752
5658 8517 163524
7489 63 2304071
312 1908 1135254
9832 2462 2315051
5501 9294 738976
1374 6073 119776
2508 3217 441361
9509 6503 4375217
9707 9682 4718619
7914 9472 939726
6011 5874 207755
135 1539 678103
7788 8254 473484
742 9887 781657
960 1624 4586708
6963 1088 276209
7755 9984 959873
6206 2305 778072
2624 6256 1090812
7184 2544 5781685
7755 5523 1857563
9963 3603 245078
7869 1201 617588
3337 2497 1311452
7691 891 3362297
4002 6647 1022297
7797 4073 424365
8355 3419 1610194
2520 6566 949739
4197 4519 789432
49 1203 1007139
3069 9798 245322
9829 6743 2086829
6868 9611 898530
6218 4828 768818
7742 7745 902661
6983 9493 4404146
8994 6860 1628169
