51
3919 4813 1555171
1920 5433 1265857
9658 7984 1256857
4000 5826 1901111
7498 9561 3415367
6020 7852 32587
4336 544 1380841
8469 7055 1225784
3689 8443 555582
7844 3820 2035277
7803 1368 784141
2953 304 5937622
3777 2807 337879
8625 3595 3007795
9370 9010 239568
2994 9466 1156775
4096 552 308325
1541 1780 2873049
3698 4791 468171
3733 5092 4056365
2193 7720 5956708
4818 1782 2931250
3402 8019 77628
7703 3841 649677
5559 9761 2211421
1153 4856 2458327
7354 7848 1096535
618 4073 268353
666 4294 2541779
5190 3406 2717540
9657 5341 949696
1441 3300 79598
8621 926 583696
9403 6586 25418
8384 4308 2802686
1210 4922 1553399
5394 6274 89392
5609 4083 1110068
6780 1572 3420384
6991 3598 6326711
6197 2516 240658
3263 9866 4890871
1618 1049 1425437
2406 7962 2324089
9874 1098 862633
3832 628 1357814
723 5485 6455633
9835 5733 890542
6953 173 2644754
1445 3188 6043736
8870 929 1219443
