96
8603 9320 853308
5660 8536 711447
169 6441 239624
5839 3442 2214654
384 5376 211752
9202 9657 1710669
6599 5903 627408
5314 8933 230844
5137 7212 3312152
8206 9343 1317094
8443 2556 601918
3696 1652 106788
6040 5560 3138264
1529 2717 130095
1763 8651 612250
8501 8175 292733
7973 4240 33021
7525 9578 1694782
5180 9453 457031
2141 2171 156691
1345 4930 490719
6430 8697 1202644
6661 4262 956067
6141 5892 632668
623 7782 100314
3744 9815 748981
4600 3780 1045675
8716 8339 87387
3790 7445 561975
8288 4133 1073017
6814 2088 675807
425 3066 229439
3326 7096 278979
1413 2071 604341
5957 9000 1048547
168 1441 484543
5154 2620 1462387
7802 4415 491854
9230 3079 1046824
967 4878 2004318
4453 7378 80954
5836 2094 2082827
6403 8628 1546441
8359 8163 325656
9679 7327 2236236
4864 6162 1019202
1486 959 1702039
5698 8141 1454384
5213 1935 901204
4057 1023 2364647
289 4621 830570
8518 2085 30637
5231 5880 398728
98 2717 3312514
8534 9984 446498
6542 1030 2067425
4322 7360 1168011
5292 5494 1377505
6490 608 93518
4289 3717 2264628
7330 7566 284741
6538 7083 447412
2280 9597 28559
2663 5704 2254504
2783 8198 1043191
5843 1615 45861
1137 3749 577723
264 7324 2812952
230 7144 435440
8037 5055 644724
1476 3586 223782
4511 6503 283340
9239 2508 41303
5048 9673 1197321
9265 6809 374854
8654 3688 472731
9882 1866 3794690
6623 8724 225531
3758 7929 842727
9676 950 853525
8790 5422 1301179
8014 4134 2107850
5647 7069 615128
3587 236 534770
3446 4284 1243394
8824 4658 518041
7232 2401 130373
1961 281 788833
5268 6873 542553
9924 5029 276837
5032 8808 2539087
5471 5024 4193324
403 7800 2376995
4350 5341 1159113
79 6795 3560169
7002 9433 1644808
