93
9621 7590 132486
6191 4939 620249
2425 8557 1389714
2055 8029 865345
5149 6919 419076
7653 3994 1600822
5184 8627 2221696
2434 2970 261933
8695 2557 1998844
704 3641 231374
3894 6819 1576058
1229 3800 543566
1092 4646 1276306
7880 2457 139945
3683 4901 832755
202 9178 557888
2251 8515 316949
1074 7260 2006041
4849 3000 364710
153 9350 2413502
6941 5548 178955
702 6511 2082403
3734 2630 2448954
4879 4325 1219891
5426 5274 464047
7826 5791 1136952
9037 9990 2464142
3116 7420 136067
8677 7188 4992970
7585 3119 1983478
9444 4336 1407636
5317 3473 531619
723 7859 2610885
1126 3053 831588
2807 4264 1822247
1653 2199 216067
5125 170 449912
5151 590 28022
1029 3648 1855420
4515 8561 1743978
2453 1305 1784073
293 9513 934133
1787 3161 1176199
2275 5113 277585
9929 8249 909778
8138 12 202472
4634 8522 590184
1882 3758 771860
7288 8290 1410051
1760 6166 925741
7899 6257 895842
8919 6427 535045
4680 47 296816
8361 6956 1181904
311 1259 549111
624 5189 244152
6120 6888 639975
4237 7315 230883
3083 7369 255814
9496 1881 1886286
4056 4795 1250407
3924 8346 1052101
8731 6388 611764
3210 6463 79596
3148 478 1229742
7680 1973 1399774
9262 1070 6403032
5209 8512 2261354
5657 9738 598829
8227 3907 2665138
7095 3487 336842
1794 7787 44910
1071 8563 263069
6477 5131 2102741
5938 1986 418443
6825 4904 1349825
3597 9795 480823
8206 1216 387286
4070 6639 242452
652 7727 1718850
8211 9767 825399
1388 1688 2037899
1978 5895 217758
5187 2475 1626709
2596 3864 1640212
8146 5127 268152
8809 4214 995706
816 7601 498922
9067 9833 101457
704 6932 648511
750 7761 214347
6509 6406 87403
3895 8899 1868151
