174
1792 1252 1365787
3363 266 789155
3921 5963 48083
9018 3680 642280
3949 7134 22318
6354 2290 310080
9057 4396 250516
3547 1841 361230
533 143 245792
4002 1983 738296
8560 4646 484396
8383 7560 548799
5912 3931 297914
3669 6212 434713
8110 9548 282520
3258 9272 1585835
2476 5935 451702
9533 5954 129932
4994 1752 188922
1408 8508 1243007
8130 6939 173235
9740 6590 255169
5038 2515 356217
3311 6882 786762
1392 7919 198113
6118 4148 1688811
5520 1844 598757
3981 2 172598
2568 5409 452272
2230 668 1234237
8128 4294 604930
8049 7167 1172422
1518 9041 167409
1413 6644 87089
1023 2513 420438
5378 2933 498637
388 9851 712146
7042 9129 520900
8402 5966 118940
2853 479 2403507
9719 7844 1067722
1008 3483 79709
6145 7949 889157
2372 6471 98528
9827 854 567115
7143 4921 1383686
1386 1504 143889
7759 6517 1363351
8102 4313 536805
4564 9101 138710
2161 6392 206032
9774 3826 427903
7262 6569 468747
2605 9310 155709
5720 6311 760510
7642 7378 528853
1310 5450 406484
2683 4349 876281
4629 4488 720016
4866 1562 799211
452 7876 67679
2756 2342 1162678
2 7847 106920
2449 1846 1058024
9856 5810 35872
3238 7098 1053840
7053 5213 473921
6604 3470 869683
2230 3471 923306
9286 4051 231386
3139 3204 233910
2531 7933 1064400
9446 772 14319
5878 2935 189249
4545 2316 1101949
7258 8799 852307
5117 2339 38717
5873 9790 878584
9572 2203 103335
3158 5960 500848
5810 180 892561
6905 6203 989984
4708 5889 444975
5193 9371 766793
5205 9623 78001
633 7388 1433891
782 3292 1948510
54 8693 147206
3992 6523 984056
5381 4766 248593
4169 6421 489551
2704 4496 40046
8723 2271 778486
7120 4781 213478
6243 195 1269086
1740 7834 280558
1534 8431 239033
183 9326 606314
8085 6789 246836
7215 5659 398075
3002 5297 433706
2753 3103 1454632
2366 3321 618902
2721 4530 821943
9499 7878 2049706
2722 3089 91971
2474 1774 690191
8026 7368 1236663
4365 2672 862314
6876 91 48282
8211 8866 145881
6892 3569 278941
4479 3713 115071
1296 9555 123980
9238 4614 1915203
5868 6499 1021992
1519 1504 209142
5787 4723 971064
5780 4314 1565307
1788 7255 689749
8192 5190 58427
2351 6986 35725
1045 5852 1046193
3135 7556 244816
9788 1297 1042776
1155 8027 32506
7672 5096 390381
5297 5911 308260
6696 3446 1419237
9290 4767 17182
1332 8615 994955
7336 2856 327859
7973 2317 709043
7535 5347 605334
2669 23 150946
5808 9592 550810
2068 9378 636886
7737 8954 1143115
5506 756 975660
3403 756 35674
5790 3180 2364769
630 9379 144356
1035 364 332275
5829 1502 552516
5168 7939 802834
6525 6442 223831
4540 4013 236123
4219 4721 209761
6825 1376 187904
3199 4260 296553
4500 7893 125293
129 5825 14017
1520 9933 328234
8960 1094 347578
9716 3564 158743
274 3483 35255
9012 2395 339874
4046 91 93904
8847 2076 153594
6457 9953 214606
5870 1804 610531
939 9913 40467
4948 9436 293452
9205 5429 458015
4272 9127 99760
8347 7297 133102
9906 1439 1314137
9015 6377 336498
9014 9018 4004089
6710 7734 186784
3341 7523 5880
622 9728 13452
1497 8434 513822
9936 9155 638322
