64
8016 1652 1019824
3205 4721 4813185
4351 8536 896121
2362 4498 4278081
2580 3285 2296853
7537 4830 2051784
6350 5350 2514473
8387 840 2466312
4142 9297 233006
6181 3697 1781062
3032 2695 142896
8796 8289 849276
1644 5444 1964616
9125 8388 614269
4079 2960 93015
5817 3085 1157891
7899 9430 81300
8840 9437 1353428
1020 1583 149362
5558 8574 2069327
8047 4171 2551532
7054 7332 831104
5059 8344 84783
2769 1186 752172
33 552 603933
3658 2531 200157
2177 3131 202328
356 2224 143257
2392 4197 896562
851 1360 1067590
6951 1432 770387
4823 1575 263506
2407 3665 1464638
2546 2114 1501423
1537 7136 4686368
848 9875 269770
7611 7015 2674114
54 1577 163895
433 9020 1992182
9886 9996 1326049
8126 4380 1575793
6258 2190 456209
4396 1050 1080877
9874 1584 3049261
5860 7286 237298
9566 210 7295543
7578 6600 2388359
625 7544 1694455
2544 2522 1439195
8028 3073 1493214
493 5784 2153366
9932 4392 553071
4116 9011 2685995
9068 6808 2223690
5736 1202 2280268
1612 2190 1808882
5792 2508 223420
5207 7154 355311
3350 4917 3252308
7436 1144 583405
9671 719 706266
9403 3021 4316960
5594 7235 836678
7869 969 4038345
