123
4861 7507 2046540
2581 3166 863862
3688 6009 509269
1839 635 468166
2359 3734 243121
5404 7106 1705963
1275 7354 804359
4475 7439 305537
245 7359 1696318
1030 7867 115939
3517 9297 531062
127 9397 120341
179 624 458592
8299 3476 2181855
2186 9478 1028166
8558 1015 789
6696 1497 510859
1573 9653 1128178
9413 5620 1251003
8240 3824 189677
504 2099 289603
9145 6085 1047078
8032 9395 399653
1917 3852 582695
2055 5915 2918033
6976 1563 201111
4261 6996 1546200
3173 1401 327917
9436 4829 296916
5157 3334 190874
8281 941 1123094
5794 2111 1196092
1565 6195 508427
166 1403 1112316
966 1241 132245
4829 9810 3885699
2953 5616 461183
5887 4791 272387
6642 1786 271279
9141 86 1173509
7599 3281 549878
6870 7399 1755427
8504 7057 1948818
7040 2843 53579
4157 8024 1411638
3166 9994 314818
8917 6461 1029692
1472 9128 13039
1240 7649 31045
9884 1850 691945
9655 9105 418990
3145 1041 840627
8635 8263 655380
5355 2206 1851385
4724 9445 89705
5022 6777 951848
2535 83 713770
7928 2815 1419526
7332 7460 461163
6643 9511 1279548
9342 6261 63854
8152 9009 689996
2857 8541 262737
81 4112 2652743
2503 76 916982
6334 3179 66348
1253 3728 344135
5225 5616 533080
2960 9457 110096
2306 5441 159400
6752 3325 53003
4018 8263 573012
733 7868 625533
3496 3273 1230658
4063 9344 653243
7474 1459 723996
1622 7860 18293
1188 4771 351376
8563 6315 2107151
4654 2530 177243
6681 8684 154170
2689 7462 3015285
6702 5680 335565
4552 3693 72927
5257 6393 641583
2191 2742 2969102
2624 7508 1275585
742 4874 195745
4681 5281 677906
358 1522 960472
6420 3454 529918
7912 3626 13945
9413 224 970584
1831 956 1898369
7155 7674 47933
9645 5279 1139199
8645 7347 391596
9351 6231 1865226
3474 4073 48042
139 672 777389
9537 7573 1486999
8001 7035 202882
7979 8015 1059338
8803 6767 240372
8431 4542 623471
6251 6983 858935
6737 4423 80859
4130 1300 463848
3177 6555 386674
5884 7304 1268303
3676 4298 645903
3723 2128 737548
8677 2358 293397
1294 9448 330775
6865 2830 1477509
9194 3613 564305
5727 1965 356270
1924 8264 814004
993 9295 759394
9639 1732 681910
7073 4683 1959021
3273 2130 1575480
8006 3966 2261655
