102
9627 5658 658660
8944 4161 1622844
1877 5524 82426
4827 5786 2573456
9827 7963 128225
6934 1221 475942
9545 1588 1496334
3071 6044 27884
290 1901 401675
5962 8333 665486
578 7096 85400
43 4658 393231
560 5238 1461866
1146 4742 353853
4557 472 2400914
9124 8315 404987
815 2060 603528
8613 7929 1431831
6853 925 2056879
9615 2618 74394
7554 8317 61056
7212 984 2136076
2527 3103 724969
4892 5510 586725
1149 7844 852275
5400 7398 1290020
3191 1785 233761
4801 6776 1785392
5603 7281 62522
779 6273 330614
6480 2548 1711186
7741 5456 464671
5809 1196 417568
3304 6197 601462
9949 707 3622175
1013 5539 778342
1149 9558 1607962
1542 1108 2178894
3332 4574 600760
7027 1297 439700
5764 1789 444418
437 2197 390205
8815 2921 872989
1810 3027 3662896
4589 1209 623179
7895 5706 292807
2548 7386 363170
7057 2568 117423
553 4833 501363
3018 2373 1449272
4151 7923 371068
7216 7595 395977
347 8012 1176368
6002 9354 1364847
8630 5683 515027
276 6374 1307782
3318 5821 722059
8720 7437 274287
2761 1682 2136766
920 4542 55555
8124 9876 777224
8153 6227 601222
9117 1481 1572262
1769 3871 899896
7754 6999 313882
9723 8024 725583
8774 9698 1140050
4706 7270 92541
5487 6339 2761771
9044 112 261116
4940 3130 1359699
4889 6578 352700
3303 2155 867411
5572 8127 356714
1706 2856 1399495
1067 1909 1200842
5863 8309 280762
29 3360 84008
9702 2999 117462
5719 9051 458904
4437 5315 1869490
6247 7707 1560461
2550 4247 1324637
3379 6658 3870242
3632 1263 948197
9952 8508 720438
9666 6268 362361
2707 1165 2174080
5013 6758 3473739
6607 2011 194484
3441 6893 389043
9967 6097 1170220
4171 2030 307705
2228 8721 345900
4297 3647 1141276
8792 4173 971915
4681 2926 1011832
2403 4313 1765172
5842 8821 2093824
6421 1097 303478
3634 6219 509054
3786 2769 2945505
