171
2761 4290 575171
1441 5203 283618
5356 5901 150715
7668 1133 1545707
1801 6856 735995
7606 9892 52517
49 2362 97682
8230 4484 394795
2262 2206 750485
836 4880 736466
6528 7476 645837
7166 8075 1413201
8848 3872 308775
713 6108 817922
3314 2017 43784
9485 9875 782616
9470 3200 370321
7981 8422 569828
4463 2230 445291
5194 9586 595537
6905 5426 407058
9319 7688 364541
9961 6905 431919
3738 9765 1709890
7767 7658 107689
1497 4939 149302
2702 5358 127971
9103 6370 148978
769 1741 335996
4850 5275 251279
8123 1119 536402
6671 8411 1432893
5106 2779 16173
34 7275 69370
1032 4658 238255
8051 2472 316706
3384 3832 221270
5193 9754 523888
6888 7269 1017128
6549 207 976637
7574 3178 2626634
2191 8878 651637
4052 6313 354531
3921 3288 782733
3827 2362 755681
8471 9385 47341
5356 5314 419930
9796 4813 183537
9824 5260 106487
111 4189 22657
119 7677 354344
1338 9697 443609
3099 4775 20219
3018 4141 455195
8852 1084 1296780
8500 9729 503601
5044 8585 355656
9146 5482 154814
9 1118 259060
7547 6630 849630
3097 6178 1057490
2578 4155 71807
5519 7668 172127
8003 6686 262644
2571 61 632248
1306 4000 1180809
3377 2746 992484
2391 9338 112527
53 7071 211534
3460 4286 127072
1456 3284 1152643
366 6062 766050
7177 2682 620120
8539 7943 531605
4738 5791 66726
3078 2162 1108147
3435 7198 1699782
9787 5848 1236675
274 189 904191
3160 9827 282207
157 2104 127034
203 5423 762741
6113 6692 214341
8408 1758 789584
8159 1790 249799
7687 4835 654125
9875 8421 330638
4127 5486 1451164
8906 9619 182719
5112 9243 23452
579 6630 565026
3820 4334 745267
50 9976 37811
5083 4223 842713
105 6280 783816
400 281 213956
9542 9130 732018
4239 8448 52655
4794 576 523943
272 3677 263177
781 883 234433
9204 2154 506607
8839 9027 498061
8384 5328 587248
6990 5761 1046488
5779 7485 19576
9524 4308 2147753
8063 7682 761956
1792 9343 161519
58 134 318696
3428 1418 381244
9372 6883 72248
6820 7200 91005
1979 2949 145837
7035 8354 1197261
1604 4826 1157711
2397 6021 1029548
2649 607 160895
3380 6723 639178
1125 8179 642244
7788 5387 408494
5248 5288 384444
1672 5615 954293
160 8860 399317
8127 6028 407511
8828 9993 268054
1920 1316 711953
7310 9826 652205
2748 8735 564248
7894 1126 60134
5294 3590 2971995
5436 8834 70723
4300 3431 416218
9094 65 661176
7539 6135 434485
7065 5873 66200
9012 3875 8391
6154 355 823105
2693 7878 1107703
8979 2346 744456
3834 3665 512050
9508 9337 1769026
7039 3645 147108
8317 9687 1433776
978 9183 560185
5728 1125 2074494
3563 1578 64647
5771 9619 476091
656 4541 599893
9049 2108 100033
8967 8922 899177
3990 6304 257551
7502 8555 162796
2580 9802 626004
8262 6979 884789
634 5734 534545
4303 2353 408516
7243 6420 361600
8693 3108 1900154
1233 5115 611872
1520 5137 1822340
9905 9126 570512
6742 7815 542791
9458 6914 402956
4770 5407 99381
7674 2991 349205
9820 5859 1039672
5772 6943 161872
4923 5784 840038
5846 3680 1187373
8311 4720 606389
