82
9663 3197 1400630
8891 1167 86489
7008 6365 3341232
5028 1159 1764350
4596 371 564064
6103 9 807215
4669 9137 1064525
354 3773 742085
3616 9416 12655
398 1541 4147354
9142 1032 439106
2855 5548 1360603
390 8582 42719
2754 3136 1242258
4219 5452 187124
4233 4442 3372951
515 9675 187277
72 2652 1531701
4700 9761 55171
6535 8361 308531
4083 3418 1764996
780 2691 312790
4675 6996 1330482
8213 6222 4917934
5868 4633 694542
9916 9490 2197103
5418 1190 159052
9690 9681 941944
355 1546 1802844
2266 7456 248066
9115 1774 153097
7250 5855 73328
3138 1101 169625
9852 232 447550
6662 8729 2161774
6966 3319 1386194
2106 7779 1784601
2093 8601 1349298
3664 4919 1835605
5233 5435 1696877
3790 6081 626351
9413 1417 1995409
1805 5478 1818842
6425 8232 1406009
1180 6137 394908
1606 1557 643530
9151 1201 1430994
4708 8926 2928574
825 4395 777012
8927 2551 146080
3014 1874 1218611
8025 9074 301408
1816 4428 1533231
6124 3860 1016281
8637 7170 2162636
9932 6889 1359204
2088 1253 155519
4987 3688 2165513
8335 4583 18193
4096 2889 713649
2996 7761 1562108
6378 664 237063
6493 1279 622074
632 4406 3424301
8927 2307 4264519
4485 1207 946263
9080 9835 2278837
9333 4962 4447949
7618 2927 2616783
7637 3289 558724
7513 1499 85832
1245 2512 541750
33 4152 1267735
5567 3043 2146705
4527 7959 33479
2849 4643 300466
3767 1818 625244
8157 8036 388562
294 2913 95481
5178 9364 370987
4130 3391 1868788
4167 3457 418654
