90
8014 8742 469949
4462 6598 5929515
300 9513 456863
8925 1105 705651
7369 7851 1217024
3637 4130 258104
3740 6004 310092
8941 5090 191916
444 7402 1137067
3331 5602 498562
6515 7866 1063486
2516 4442 134625
3007 3856 1812327
5689 2940 1002952
2163 5924 2292193
661 6210 534342
3692 5168 3865432
780 3795 1716060
5121 7423 483183
4554 9831 935422
8447 2083 44661
2966 9154 1574329
7468 8178 246522
7958 7091 523581
264 6932 155709
5210 8258 1385076
1469 6995 854935
112 6921 3199999
2629 2734 437558
4214 6528 4065063
2306 4065 427087
7943 6369 5968
5015 1221 822993
4832 1785 370767
2219 7189 235817
2307 1247 4050948
50 2770 51938
2251 5726 1303180
4859 2863 2550384
3079 7455 512286
3464 2909 553629
3261 3422 50303
270 5028 1822813
8146 2781 986989
938 7480 49218
2643 7791 1416186
2868 1149 27695
8338 6197 1347475
7170 7219 278284
8691 2864 2003931
6793 9584 312145
3521 8142 1052913
850 5166 32417
8435 6292 51378
4542 8009 2058091
4878 9595 1151385
1752 8863 55894
7286 7637 150242
7462 9241 789434
7743 2126 1221137
7830 3771 1670739
8201 1964 205344
4624 4704 307389
894 3546 630388
126 2060 519052
377 4245 1738046
4302 7245 27476
7887 6308 784031
2317 2617 1054006
7133 1670 456663
4960 3387 2472375
7421 4859 621877
6935 614 826628
2535 8831 2037660
2516 5085 13248
8395 3648 68929
4412 6455 774548
3955 237 810587
3883 4870 729355
564 702 2790692
8697 4883 741154
1251 9562 4543577
5316 7648 2431662
9306 3108 40491
2055 7545 480479
1993 3260 2417632
2365 3124 437092
3111 980 2842802
580 9300 2335010
1916 8236 1945943
