186
3595 8408 1801283
6889 8254 128008
6819 4588 793549
1430 6387 149609
3199 7769 1116777
449 3033 4831
9042 9448 14632
7604 2384 1294039
4411 7494 905394
3537 2605 209932
7256 3789 493119
2951 9656 45711
9407 7632 173798
5331 9932 591289
2662 6589 28213
7921 4469 260505
9864 405 1157160
2181 6035 29858
119 1382 1465669
8235 1560 116945
473 5417 529587
8988 543 589737
1794 8277 123593
5033 3100 138351
5951 7144 1033655
9779 3884 62179
1758 4187 743872
6352 2310 3035
341 8108 155591
9698 7863 368763
2436 8297 155484
4344 9035 1769128
6880 9607 389648
9028 6378 570689
571 8945 1486780
6516 8186 391082
7194 1765 50710
9160 4470 807015
3936 4955 311156
947 2496 220529
2980 6727 1175238
5197 6000 956663
1987 3097 800180
3912 1902 213213
3054 8837 582817
4012 1610 309058
7828 8190 2264136
3832 4080 307863
1844 8963 758722
4025 7358 1153412
6399 7325 2041774
4177 7640 249679
4723 3758 496150
3751 3484 497068
5083 8467 98165
3594 4999 183486
1454 2513 741593
1673 5180 837650
4646 9519 78396
4562 8974 823082
1924 6626 223018
467 6799 1208621
9180 2887 367785
7922 1356 395863
4080 7348 18969
6545 2477 882886
844 2046 992638
7516 2502 28860
8541 683 131173
9193 6844 249991
4684 8193 176053
6839 6763 161276
5581 876 19145
8377 9019 447954
1127 5296 341235
7902 7948 79170
4887 7286 369938
6063 7892 654452
6843 5033 105677
1197 3633 374266
1645 7225 8878
2248 9059 313212
5970 4939 1222253
8365 1764 64011
5473 9233 8059
4003 688 1383690
6300 3699 560527
1508 4618 274733
6486 2130 809088
5659 1150 286412
8629 2943 1344054
4857 4758 887009
5825 9678 2550661
2090 28 152250
3505 2436 325151
6351 1067 143334
2824 3518 691716
1370 7278 481312
9250 8835 436608
632 6892 750073
5320 8814 519368
5243 3400 1368531
1899 197 283278
9291 7414 11151
6976 1981 32242
9149 2709 744849
5711 4986 27017
7835 1645 383746
2961 4996 37782
4390 736 224380
8264 428 191671
6152 5431 647210
7975 7579 136787
5598 5819 750407
4984 736 1439223
1591 2088 650838
7308 3223 765670
5934 4326 3921
2105 4118 102492
8287 7719 1031800
4248 4601 74600
1862 2316 380014
4331 8575 1070725
9420 2862 523705
6650 460 346351
3478 4674 349846
3226 2272 779648
8559 1050 7823
3921 8345 86175
7883 3390 94601
6892 6729 934371
5716 227 1007921
1451 6034 1143094
7263 5451 337124
255 7345 3760
5061 9928 191297
1800 3315 30148
5919 9503 505655
7813 794 636820
9512 5125 58843
299 7734 283791
6191 1947 104107
785 3394 219251
4724 6485 501938
2744 4457 81483
3159 1524 1057538
470 2474 794375
9 7556 176004
3557 4012 485054
3098 3429 3792
9463 7336 121723
6876 5269 500614
8298 4037 565866
5592 3477 594912
6220 2303 576024
2198 3238 317785
6893 9309 442484
3811 6327 557979
2738 8223 788289
8890 5130 252612
2098 1371 734677
4171 7502 570274
3229 1969 258292
8917 9767 467831
9827 7934 23362
5581 5038 355789
5110 4215 796355
7725 6813 741802
9484 6430 2267881
3701 5150 2404880
5898 9534 356726
950 3629 69567
3512 3344 1062768
5503 7474 330270
9263 8341 729662
9347 5853 349433
5813 2708 284085
6122 101 497272
3868 5168 2325003
5153 4313 213418
507 3898 906588
5083 9206 38784
7316 9598 497535
9131 2184 234259
5025 1209 1424902
9521 5797 546829
