73
6110 857 2867977
3251 171 65061
213 6109 1184323
4926 5309 27764
8941 6164 586472
1588 4610 7345536
6743 994 328637
7194 5517 513998
9656 7994 281205
664 1646 1278340
8728 2204 3521387
1829 7892 3148334
7427 5405 808294
9212 8590 672237
2002 4459 2473942
8905 5880 1765427
3698 3122 311347
9715 1716 3097869
1062 385 166411
3544 7406 60874
6317 2570 2202174
7506 5949 1120487
7677 6974 1142439
5410 4497 581268
1555 6491 918201
6681 9835 1862576
8322 2090 1392730
3911 3255 476030
9578 4303 1511486
8620 1299 103044
7575 3368 444481
1545 681 979953
328 2531 32330
1004 2657 1053051
4408 5993 30120
6163 6482 430293
9640 4669 56324
1093 9297 232698
8480 6578 2157369
253 9162 728538
820 6086 768799
1386 9105 1949443
8326 2639 616201
2738 696 494766
139 5475 3480299
4503 6210 910316
9466 8246 287644
7537 3329 2781422
760 9407 1221718
5082 4132 474711
53 9053 54073
9644 3593 1691292
2148 8276 4697648
8781 884 208645
1596 1630 1377595
574 505 917195
5684 6025 126885
2592 2779 3712978
1281 7758 3371575
997 3656 333402
616 4898 1632736
8535 5185 2393616
3904 8466 1082788
7458 5097 4315623
1343 3734 2833421
7827 4225 1989091
4205 172 1406306
4892 7273 832550
2668 927 3200596
1858 9986 1145555
1748 2081 3298
9747 3523 68317
1239 8345 1658469
