118
5646 9476 517504
6842 9251 1001350
4157 2192 513410
7284 4422 348937
6168 5939 635926
5087 2736 544366
5861 67 1217475
5467 6911 533267
4828 698 928156
2581 542 538067
9263 9107 1046386
1337 8655 1222376
3956 1626 299003
8155 759 66112
8660 2651 2120435
7891 4543 299561
9061 4418 957842
6074 9053 1995211
7422 5917 1312909
6322 3063 701906
3691 5940 368349
3354 9792 680648
7955 44 1255299
1241 1424 1509053
8158 4718 664659
9056 242 775113
7130 1787 2133050
7089 3142 918539
6094 3602 319816
3473 7954 96350
9579 8525 28206
9115 5037 127458
8649 5839 284966
5731 3136 151422
3181 3226 364779
9643 2977 38141
6142 5721 285834
7974 7075 124057
7477 7862 265754
7249 1253 1415517
1411 2638 396646
9467 4190 1218435
7439 4846 387854
5379 6279 777726
3002 9569 23090
9861 9905 338077
8853 6859 144044
3650 2781 12987
9922 11 183804
7379 6495 1928778
929 6630 103714
3916 2199 149300
7154 1908 192862
8552 5323 204627
3846 105 899671
5665 2729 866461
5846 9356 878113
5383 7686 205449
803 5251 475501
2354 22 632030
558 1869 691871
8516 2 800645
4927 5114 1664366
2452 5818 1357189
9285 1953 1024383
3521 2968 463136
2381 6075 325510
7878 8496 876406
8420 3483 255759
2994 978 4097908
7954 1299 1668504
916 8051 91259
1663 7991 213066
8713 9731 2678681
8743 3885 1593671
7889 8052 281085
59 5112 300265
4643 9494 72199
9819 3440 576300
5039 5818 1916530
9075 561 149749
5186 7478 551908
3176 4022 1066403
3765 3387 165806
9814 2251 646010
6088 4776 1473939
2246 3560 838930
2197 7556 86187
7293 3430 715541
5559 862 977947
3390 3007 117760
3740 3704 159678
3487 3461 1790851
6166 6507 143940
3415 7058 944480
3485 5181 1192451
704 3565 3557191
3679 7655 1107697
4045 8518 51631
9760 7844 494912
7 9389 1305662
2518 9733 1037534
434 5823 247370
5184 7920 772763
4438 1097 2656103
9646 5349 1787104
4118 7214 1472333
8299 5203 606233
4788 2222 1311492
4201 5176 29670
4558 7937 1685187
6429 572 1610986
7879 192 3701409
4783 7516 149973
3741 8178 530949
5280 628 2406740
576 216 2668809
3190 2728 211561
