176
5544 3529 3306
609 9120 597335
19 7239 305791
2944 3215 37263
6057 2804 625070
2115 6644 1165579
1606 7213 229734
477 3682 101947
1091 4800 462017
9377 8648 99107
9647 1463 788290
9000 6576 182966
196 568 466946
3346 7823 1398561
4886 1078 505598
7266 3538 188271
1554 7734 941001
1908 4136 815056
576 8453 545980
248 6585 529972
4710 9178 195430
9248 1869 92433
7582 4302 191015
6333 7202 463912
7878 8776 2111328
9581 2310 1919633
6618 3268 317694
8298 8009 338688
2300 8942 221698
4080 3281 187543
7376 3302 54963
34 547 20055
8862 9959 1323083
5979 9953 416779
7799 1099 146536
3299 8945 1444223
5223 2895 1050936
7223 3507 113279
5588 206 740008
8933 6341 462590
6018 6558 420801
9378 2391 589566
107 6380 124549
6696 3775 486064
4351 4960 712825
2758 9909 233114
5529 9415 2368796
2730 5513 464608
4662 5115 226911
9569 9160 89837
9769 8120 1129
5257 2558 155600
3644 4355 1990970
7342 2901 994554
243 3869 328846
5342 6235 29014
7482 5703 809431
6903 6238 21125
9958 4443 525864
20 3171 102780
725 6343 2016134
4906 6074 89481
4308 4389 233052
9893 704 148963
5677 7535 53220
3282 5659 771083
340 8691 81327
9032 9145 1932373
1357 4753 505340
6769 1152 51892
3050 3072 142385
4526 535 6436
4684 6261 314866
6486 2786 168773
3757 7913 987704
6725 5033 548565
9266 8311 3042269
3178 6755 177194
3528 9760 364513
5682 9470 383384
296 9724 211412
4804 5514 420751
6382 3346 597577
3200 5225 443208
6445 3673 395799
1075 262 574909
5852 3463 175265
3324 1186 697631
8158 4895 210131
5135 9616 121203
8894 558 314931
1869 706 319879
4930 7841 997082
8889 6041 796830
185 7365 1589562
6619 6833 175430
3434 2069 3127074
4603 8052 2354809
9519 1263 62779
9080 3673 135765
7458 1792 753100
8378 189 175631
9762 504 689437
8383 9624 347729
9674 2789 463321
7084 5894 4428087
1669 4589 252760
4415 6917 298227
3 4251 705346
3639 8277 1759726
896 7848 522572
7600 43 1724
2303 4143 25948
6351 4433 282350
5137 2453 525088
3506 2324 518646
5266 6418 575767
3569 8333 762230
3944 9493 22246
8047 8720 80347
4030 3894 398755
6575 5652 374165
3736 1881 876858
370 8881 819436
7205 239 31729
5272 2613 272066
3725 6008 459203
4534 7657 1566437
4490 6423 1067134
4357 6033 692218
5958 6565 605124
1708 2091 257623
2488 2841 286433
1271 2701 738371
5544 3453 833852
2901 9842 102575
9345 8248 372479
7279 4947 405635
7835 4727 158618
4587 9236 1184824
3343 7807 534873
2163 4954 101266
5579 497 91012
2327 2765 362838
3935 2504 328463
8981 6111 141608
3247 2155 1098070
2273 9211 345434
5949 3233 34975
5658 7144 951084
2790 893 1250958
3863 1614 103807
5192 3061 2429921
8417 3117 457717
6081 568 314655
1048 1403 468863
9894 244 151148
3911 7965 631299
9100 7609 34098
8728 16 1027250
4901 2379 132790
6704 2114 937305
5679 9386 447679
295 2705 90657
9251 4980 220371
7275 9184 1406114
752 6050 389807
8055 1804 104935
1304 8990 353316
9096 4556 182870
8883 2020 538551
8280 7119 505531
4447 4469 777564
6534 7685 6692
9775 5091 86512
3333 9155 47169
