118
192 2316 1586586
5209 3013 827203
3249 5868 78367
5689 8070 1296093
5573 4408 2604896
8528 3754 880697
6710 3465 1434380
1593 5224 862041
6297 91 1683822
2506 664 278422
7170 890 319172
1695 985 1887671
5920 4626 834862
6742 9355 92107
2414 2122 643146
5250 8285 360745
1876 852 260407
7024 9390 1191282
945 2587 586478
3612 8192 131223
6466 933 1776721
9844 5434 335864
3226 6732 109604
2192 9901 287109
3037 4542 795005
4745 7865 2555486
8194 1769 100516
1575 7490 2350650
5499 1593 1114141
2779 6384 1458955
1163 307 167715
7511 4193 2628793
5547 7505 443982
3700 5932 192900
4371 9174 174421
8896 4159 4733
4077 4577 164843
7639 4500 1194249
3206 4648 225856
4073 2217 1109458
6226 2033 967912
428 3171 62321
6035 7695 172332
4193 2069 1206883
874 969 85811
3230 8874 3031518
1538 8574 746088
7271 1753 10585
8742 6598 27855
5987 7506 1306407
6697 4470 453194
7428 284 2529595
463 9025 1737227
1980 9794 533695
4132 1912 574373
4774 7292 629276
1746 7196 910682
5151 525 196523
448 8376 545685
4876 8635 313230
4021 7926 458761
3699 1662 126946
5291 4562 1153955
4213 9986 5409014
5154 2081 2949567
5591 8095 83193
8788 5660 381537
7987 6080 389731
6530 5540 728977
9555 3600 1281327
5768 1966 12914
7654 7533 60056
26 8443 18576
3460 1366 322793
7827 4207 53154
2279 2138 1211901
7355 9931 704520
8617 1724 2868312
3368 4473 598064
5861 5548 151285
3828 3869 66215
3928 2363 819656
4334 5736 462532
3503 6176 590334
2303 9474 155395
9587 2345 2398307
1530 3693 1404627
5707 9083 396025
16 534 726885
993 7903 1466072
6509 1416 769140
267 52 6390646
3242 8200 85099
2743 9728 134969
7633 8373 274975
5654 4717 166484
78 8271 1280558
5258 7984 281027
9538 98 1028730
5816 8680 496769
4566 9974 211031
6690 2773 69431
7295 1873 429015
3703 8275 58856
4769 7891 1763630
9550 6609 170842
7901 3901 830702
4016 7731 470460
6077 2774 1912136
2245 1231 171716
2491 7434 849526
7633 7272 279726
6734 132 55276
2850 9412 392740
9567 9680 930937
1768 3630 709143
3512 6317 221204
8184 5091 1042808
