124
4270 6638 61184
3335 8815 574927
788 1333 821772
8399 4649 126035
1193 402 568547
2802 7889 554812
8266 3804 863343
6856 5783 642304
4835 7833 577892
8291 8918 825112
4472 8504 199025
4235 2090 373649
9025 4464 1708095
1637 7744 394867
5571 7705 1339433
1801 5315 3031413
2978 7753 849020
7046 1455 1038989
5411 7938 439175
6506 1005 5117675
4835 7034 426876
1067 9353 1009182
1469 6305 603756
1141 4119 42243
217 7154 1209408
7137 8019 3440327
7030 8865 1755304
2372 9095 66540
8427 7136 1137179
9596 9048 2900685
1732 2135 332840
1240 9810 1214606
6400 1762 415019
4942 5860 1538164
7871 2951 773857
2907 3396 677314
2129 3338 602409
5582 3237 887190
3320 7568 1317540
5935 3610 200033
3844 2416 454269
3758 7083 373942
839 351 9133
1099 2485 935613
4457 2514 830621
2275 9670 2910192
1849 6011 1680983
5298 1924 271246
4901 5016 12540
6477 3660 1044432
6951 2881 1028638
2 9390 529759
3738 5238 414136
210 8116 1466299
9035 9510 225270
9581 3453 1446614
3218 1654 363568
2919 3170 1041789
2184 9091 460782
6344 6005 120786
3304 4140 549626
3811 5412 1542690
8716 1739 316912
4498 9059 156815
4633 1558 1165481
8551 9272 464513
1545 9131 72627
5371 6124 689450
6475 4619 35970
8247 704 30514
5277 9615 1454483
7420 2991 1578320
5087 578 656650
8072 1294 682404
9297 4591 602239
6841 393 533507
3340 2081 2007633
6856 7367 293998
5694 5229 743202
8700 3539 101652
8670 510 790166
6176 2827 188574
6287 372 772333
9491 439 568607
7175 6878 452345
187 8650 1109100
2838 2070 747377
5985 8595 1442273
6131 8857 62153
7313 8917 355528
5795 3227 259070
4795 4548 544689
5082 8184 1095274
7679 6767 613259
7577 8650 152412
2591 1966 226465
8719 8153 53092
6362 1501 2985
2847 2172 1859724
7430 2960 279914
6727 4511 1238617
8617 3219 73087
2907 1289 932693
8474 6716 396305
8868 9338 789655
4700 1988 171433
2601 8178 173210
5057 7547 166484
3859 3633 2531743
9001 1026 311178
4804 644 36049
2851 4617 390415
5121 2980 1688952
9423 3613 1887541
2678 5133 318893
9629 9558 2168742
9653 2562 1252977
7352 2769 24190
2994 8806 585141
7568 5701 234020
6933 2292 439945
7368 7129 32092
9851 3206 2493954
1313 62 130305
