121
4012 8726 807014
7935 9525 693380
1762 3033 1794312
524 8624 123867
7671 9434 198265
2321 4168 851729
2992 6011 16578
6551 7124 320877
319 7228 3391494
1276 636 2496723
9912 5515 421485
1994 2460 681072
1452 3715 666499
956 9050 1933304
3364 221 307939
9757 2461 860292
6698 887 587114
5559 1012 1345713
1189 9643 984715
8844 4087 364657
935 166 876483
1240 3577 1072631
8518 6376 137638
5038 9116 531433
9533 7268 465385
3030 5182 189113
6499 5112 445318
1323 8203 202548
4531 4339 1245686
8918 2318 877175
4452 6667 1089394
4945 3416 901060
919 3630 28236
4882 5985 612772
7698 6842 246077
5173 3951 624714
5488 3393 1044321
754 7636 514412
6844 5113 1195207
3020 9828 136490
2298 4026 842479
4132 5921 880259
1846 9491 1082648
9136 6615 107551
3311 9525 555641
4494 9685 747877
3193 4187 650862
1618 1228 634332
5672 5117 1231487
4586 6580 20339
5312 2958 87525
5635 7207 994115
524 6715 344442
2588 3212 8671
8207 6133 147818
2742 7716 197227
2938 9202 1107311
7816 9030 958141
6734 9158 901300
8429 5701 988814
8050 319 871060
4156 1743 431860
8820 6451 673780
5764 8777 296938
8655 576 1678314
246 550 152969
7057 1458 438678
8248 7719 1804214
5222 4975 1555877
4177 8097 1793763
402 7703 667163
5928 1451 1764992
4750 9452 1458820
9732 670 364764
2212 8538 488260
6243 5501 1350409
8140 2053 667048
1396 3620 1760255
7754 4099 92199
245 6478 196503
2940 4543 382501
8472 1054 222229
1586 4361 286857
8314 5918 633656
4516 496 1341001
5979 5768 859311
1823 9821 172525
2888 2737 4018650
157 2254 56225
7824 5511 959175
799 9352 119062
973 9509 257929
6146 7623 25895
210 2155 626095
5448 2098 820257
5425 3563 982740
1501 6767 1069772
602 371 44003
1754 2050 110562
372 2742 2051649
5585 4131 466513
3692 5453 1560723
6544 2197 1233221
6886 2992 2413314
2191 743 2351943
769 2564 4029
8638 410 404666
6488 493 555375
4011 2409 1644144
9920 7210 876898
885 8154 63584
9 5242 1668879
3317 4497 1622572
7949 5708 240101
9156 8457 569699
3972 4425 286771
4740 8242 1129558
4303 7719 216657
7558 7186 2786375
1859 8641 1868871
4934 7597 716186
