144
3424 7077 2102548
8620 7462 607614
2965 5364 603117
2744 2558 85014
536 1470 280943
4946 7198 284628
7496 1737 227038
5936 6052 1293397
9654 3900 121738
8325 4418 311558
1421 1616 1535584
128 3702 465372
1574 2539 536952
8638 8537 531614
1231 4030 893551
6704 6869 2131529
9141 4958 2785559
6369 3008 1022064
2483 5103 695898
3313 4812 2715036
1007 4097 197819
5958 9429 820795
3845 5195 185
6983 507 351939
5632 8278 938580
8326 2156 736735
8047 9784 1613811
2 3640 873877
8474 7032 558410
4112 5840 953717
9507 4182 73824
9120 9439 771044
5521 1551 573291
9188 6544 96010
1499 7675 320271
1521 4168 906937
2819 5695 154918
4323 6035 434193
6325 9876 734955
6551 6137 1190588
9897 3988 72959
6779 2088 264880
5929 9410 190958
2532 3169 61553
3520 2125 1064758
7304 2377 585302
6897 6912 329557
9020 6556 581837
2239 7656 3064
9395 6621 569446
8226 8806 795767
7849 356 1720598
4242 6279 396458
4492 3812 339749
9321 7534 118489
2534 7629 342047
875 8473 559522
2991 9766 701365
8069 2666 1354663
5219 6006 181769
4926 5883 1121898
4712 5451 925793
113 468 1691754
8611 4600 956043
861 3323 17432
7259 9145 430178
3900 1589 685719
842 4575 499448
2766 3335 793837
4657 7985 765254
3740 9607 876491
8397 2761 60291
3800 3100 354039
9539 5043 2710662
552 2110 125507
9158 4159 362912
8664 2626 725345
9416 3949 811878
8697 7059 1136405
5380 6230 105262
383 2844 74054
4968 5092 1762558
4466 3446 662362
4775 7720 680797
6996 8849 708270
6480 1776 285730
2844 1579 397376
1048 611 1262
8947 1974 491973
621 4777 1415856
2196 3742 1506475
3011 8999 1611535
8437 7917 185692
7598 9468 474495
5946 5112 453596
6481 9160 373732
1963 7506 880886
4192 6049 1800776
3316 1755 304456
4381 6446 969288
2626 3310 221857
1785 1336 1380011
1475 6080 87679
2849 4469 787098
3908 999 53897
2812 863 202847
4141 9980 2691
8236 4857 582673
4346 1716 815637
2021 845 409125
6876 8852 1508218
7186 2823 116838
6121 3674 1140449
5228 7185 211551
6072 5046 1646911
4966 5062 236416
2809 9290 656036
5025 3256 136763
1698 9775 379261
7957 3402 269175
1338 9145 394643
9823 9632 1212559
4602 583 500370
6679 9608 169491
3481 9661 2490673
6350 1543 256565
3390 8516 153807
240 5099 2140786
5206 3906 798508
6945 5612 66167
648 6864 419438
7097 8384 175037
2628 5453 717071
3868 4602 1284599
8600 8453 1145585
2034 4812 1568024
5266 6865 414215
7015 524 438498
5376 4310 322043
1082 7054 525255
7221 5478 82420
87 7272 130520
4008 3719 967661
6620 3461 816221
