62
4599 1721 1886149
1551 1077 3642508
1752 3183 2601812
4318 3960 1868816
9479 2593 4698884
5077 7228 1323963
4948 5708 703708
9058 6669 918844
6016 997 4028882
1375 9246 756740
9888 1836 258807
6914 3042 108216
8668 1819 702352
405 4280 1998424
4138 9136 3873531
5265 530 3278355
2889 805 483288
5955 533 1258770
3831 7241 3814316
3504 3542 669012
8396 3677 2199900
6773 5299 1446345
6258 1672 1947784
2952 330 1270042
552 6108 1527788
3358 3017 613370
2945 7369 5314583
3878 4611 2851542
7089 5689 2568179
7266 158 592526
9267 730 1732749
3077 5323 179868
7345 3796 166798
4784 2873 96976
2711 3339 341785
6833 2080 347504
7906 3823 2848671
3845 551 469429
2974 4061 727392
4114 9032 558162
5323 8554 5460894
6311 5555 261008
9906 3198 279459
3362 4190 622950
9427 1962 129163
23 1894 197403
4479 6236 727
5400 5543 1386935
1028 5274 2650128
2934 1743 4346481
2523 8447 3609330
4420 5943 607741
2515 1071 43723
7983 2260 2838012
1800 1803 2476147
2057 325 1995233
6073 3179 655223
9352 2942 1806669
4614 8406 1090288
1108 1811 1543350
5742 2467 449498
4451 5979 872868
