69
4369 927 659483
1253 2163 47751
8360 8857 1016586
8002 9520 55164
5638 1097 4224753
9375 3446 1189940
2964 686 1017687
1204 4837 742218
9129 3571 1355231
4965 776 1597588
3300 6772 2106704
7438 1853 1821261
3645 2669 6188844
2256 8747 537417
7842 718 212200
2580 8808 1611850
1467 8612 58257
1570 3712 823438
3548 5953 2040679
8334 9120 372514
9668 1098 1807881
3968 2981 1036809
6407 8 3816091
7513 3508 175747
877 7728 1117388
6930 7511 963022
9801 3677 426070
5617 4770 69069
5838 9610 1513092
4442 960 1001132
1365 8896 520869
4451 3466 446173
4299 1253 949432
8929 4062 2747416
9345 9620 254687
1097 7562 110371
1000 7186 269803
4494 2421 1578866
401 8636 192330
3970 8554 292983
9035 6067 2509395
3749 2326 3315711
9156 1199 1588576
5428 6980 819945
2752 3098 2638506
7161 3466 770175
7631 8499 613917
3235 9997 1404215
3668 2282 1013557
7463 9899 6215612
7913 3101 907212
4765 3743 1277708
1833 5678 10336857
8665 6039 727736
9963 1967 3358593
3661 295 1849394
7020 615 2136295
1502 6613 366260
811 437 2766197
4236 6923 913330
1815 3190 213395
737 2211 2073776
7002 8713 289234
2909 5609 1031236
9608 1315 477879
2017 7627 669750
9142 3180 964159
8941 1743 629653
16 7877 1152931
