57
2496 2301 2900941
5112 6403 3756027
7446 7270 338893
9151 6209 12231713
5776 8101 1935735
1881 1701 741458
6062 98 905221
2176 9349 1034454
868 7410 466582
7720 1377 472033
5455 1560 213012
4461 6505 436923
198 5727 681661
5442 5760 92407
1573 6916 81155
320 1059 14330013
4466 7069 1513033
5113 6255 368138
2574 3322 138194
7688 836 539238
5032 7658 224797
2312 6060 2000033
1097 9620 1853062
6059 3866 1656781
1349 8415 2254950
4164 8299 1031766
4679 4595 894211
6249 3612 252346
3156 1527 136676
6450 2562 2755700
5084 6759 1966658
2387 5540 1094980
4538 7840 1415386
4431 9332 124562
2340 8035 1195769
6382 2750 8017299
481 5412 834192
2628 8403 364774
2643 8657 1222764
8950 7521 1438856
6706 5355 478995
6223 1989 375954
8485 3717 3193135
7093 9229 1487885
3163 2395 4044554
7041 210 84705
4124 7195 3046461
2731 3949 394847
5852 2114 5104821
1087 5282 199908
5500 6173 808402
2828 4005 1605145
5054 7956 394902
4491 5701 860632
7221 9271 1097375
7697 5029 1002648
2307 435 1907238
