57
3134 3852 923036
6399 7564 1334587
6713 6197 679643
5138 1001 4850318
5920 7195 77363
9374 8766 3688567
6182 1226 8886364
826 6417 780578
5884 4484 852455
6317 3179 1154834
6117 5726 1916310
9628 2202 3185335
4361 6748 1796998
4182 1236 1130374
6129 65 662664
5965 5494 262028
7968 8415 2252110
7666 8062 665743
5946 5217 1727669
1825 1899 186711
872 8412 1348344
9161 203 422172
1209 9961 7421085
7324 1724 57466
4226 1482 2644809
9641 7703 2133020
198 266 266624
3338 8296 221626
1558 3614 383208
3938 5742 265419
1498 2106 3021880
1648 3743 2257771
6363 7541 2361209
4274 7815 2834187
2729 9508 232743
9857 6645 1832077
570 363 130250
89 6268 223650
8632 6529 683700
865 4605 3457038
7797 8038 728248
2525 7862 1986353
6107 2960 1097930
6409 2375 3590198
8234 8085 1241525
161 8942 1358660
948 7037 3454209
8931 7145 1970165
5922 5526 1014548
3954 9776 939762
1266 1499 11443
3667 6471 379532
8636 6910 963852
8303 5556 4643976
5432 4361 4728213
2808 8354 188921
9231 4585 2490500
