97
7789 4010 1792180
1147 2625 1466711
9583 3536 418851
685 4594 685192
3145 4037 320259
4581 1691 249160
713 4792 673348
954 7301 1817180
7687 317 3596903
6311 1417 592979
3840 659 285029
636 5009 769671
381 8747 526883
9101 7705 355795
1150 5437 1226547
3430 3321 303852
4959 9600 897930
6573 5725 450915
4204 103 411007
6934 5036 417789
1736 6582 658407
1325 8860 770163
2798 2157 1320378
1830 5715 922627
3452 1222 1380067
2404 9129 538901
9161 8234 17448
1914 7485 4890702
4761 4457 3490255
1837 2602 2102596
7916 7411 1617476
9463 6473 421895
2517 9901 144814
7250 6343 1836903
3346 6570 171895
3890 9726 1310048
9295 7329 2186513
8 2310 1428714
9587 3250 2439825
2733 3737 372088
2370 2754 5723
1593 3359 1181938
7927 437 3111718
9721 1700 832785
9007 5085 227324
764 6073 269577
4642 4525 1759237
4537 2400 254160
8663 2668 115498
1719 3496 901462
900 7125 454149
8708 985 270189
3393 4179 391555
2202 1937 432382
1711 2878 887312
1888 136 1256751
341 8753 1218968
5919 7067 1813722
1697 5240 661311
3454 800 7215411
9994 5952 2785431
6452 1887 342676
3643 1357 362590
368 7426 359569
7768 2792 240102
574 1391 1490062
9732 171 15000
9856 7026 540716
2570 5857 1109680
2259 1098 187657
6221 6038 451596
2842 944 2797825
8473 7586 201605
8104 9130 121347
4317 2957 23519
6478 903 1827810
8194 5994 163996
1834 857 769122
1687 913 871129
6577 2639 918687
4779 6899 424352
9722 9744 94288
1398 2251 1380830
3498 7582 1560562
6845 6476 276628
1661 8397 423597
9721 6836 453374
7268 912 1058103
2801 5001 686370
5325 8353 1214186
2557 4341 1011701
9620 2382 651266
4027 7147 389687
9207 495 3016904
7959 4611 390899
982 5857 2516266
7567 3787 329800
