89
1645 6339 555976
7176 6044 74852
3492 529 1712474
5793 1556 500643
7475 3116 568716
2631 4395 200892
2366 6732 810798
2694 9852 3660740
5361 5280 1344943
8653 5910 1490248
3670 9425 600011
8390 6198 755212
3641 4997 213644
6845 5137 578162
980 6210 249299
8968 5250 2245692
2370 7042 974597
9693 7995 1727837
4694 1352 1426493
421 1147 1127876
3325 857 146603
4586 1897 720557
5721 2981 2700683
2658 6491 208646
4478 3103 3944322
5125 3139 3694551
9538 2963 122246
5547 7313 282358
8922 1471 50204
9525 3040 261977
7399 602 6653
1977 4994 1596435
3287 657 2706190
8714 4886 918141
6104 3291 3200442
7082 502 3356190
7274 4302 1641682
338 8612 823556
292 2724 194520
3335 8336 78139
7177 3983 3612360
3199 858 336282
7828 7154 124272
5621 9599 403823
2598 3123 78799
3313 7238 1661809
2382 9668 776550
8947 594 514386
2287 4357 788754
7540 2600 1525905
2914 4476 361689
2661 1876 942604
7761 9959 1377471
2106 9220 2199859
4926 9980 49670
1827 969 647210
8979 6452 190280
2712 9207 1636272
5497 1493 1694397
4937 2893 359693
4022 8436 1170654
9733 8292 1921381
1761 6848 689225
7161 3992 3288079
1561 8659 321254
4601 1818 389551
2399 8643 1412174
4890 3050 372313
2825 4873 2558706
8429 1965 569730
9060 8835 45489
7916 2644 430368
580 6947 1718254
5647 5469 30305
6614 6619 2985945
1998 1126 484925
1233 5706 32779
905 4433 338661
8561 9811 1093477
3209 7385 2407316
9934 9030 45247
727 1010 839959
8799 8938 115621
8999 9641 2802139
5323 8815 4395737
2564 4574 105674
6191 985 814715
2062 7794 921103
6413 1774 943934
