153
4210 9533 139538
5416 8126 417254
5497 6163 633623
6582 6790 92722
9329 5637 273121
4322 7321 1669719
1569 6236 83927
1604 2103 73294
3915 2167 1148963
2724 3318 687974
1399 2544 790167
7878 7059 17861
8783 5796 177412
7368 7659 605771
8450 3602 5935
5744 5406 186036
5471 5424 2030977
151 4108 153802
2040 6831 384861
5254 2936 173444
8321 5172 760060
8976 2496 129534
8488 8763 1665343
318 7039 272682
9942 6299 1054056
4112 2449 2178397
239 9911 547595
9848 3944 116194
6555 6231 258962
6724 7641 1301550
1632 1148 131339
8626 2011 352972
4071 2382 256636
5708 5405 95761
7359 5040 536450
337 5464 2504431
4797 8207 470300
6997 3942 276299
9849 5611 436774
3233 3614 299890
8142 9301 374195
3340 5174 261655
2554 1859 290819
714 3926 557526
6313 8641 44676
4546 6128 109481
3610 2552 1160996
1764 3734 911342
9161 9494 231076
464 629 636594
8838 1857 52916
4275 5115 916792
67 6877 348788
7462 2377 201129
2935 2856 448983
3924 9686 247734
470 4072 1091470
8674 1221 920908
8987 8015 77840
5480 9698 1710858
6498 4737 42096
2728 9143 705473
44 8282 1979813
4514 6906 775961
9746 6264 459139
372 4970 601229
8951 8142 635721
1891 3276 162128
8834 7424 199364
1817 3613 249924
401 9988 235664
2174 8980 589601
7059 9907 1348064
2291 8746 1321931
187 5069 536560
688 872 1240442
9828 1266 233307
1309 8461 102181
5108 1766 3395893
872 7023 766955
8226 935 569997
5582 8802 23630
9292 3705 1425822
9773 6671 239106
6528 4308 1117209
9200 7736 2156343
1148 749 238485
7672 3558 1236537
9817 239 68523
2637 7178 256242
688 6070 32318
8213 8703 732051
850 401 636839
5150 1732 948697
8575 9763 934828
9998 9368 123605
7888 2609 2146223
3315 8563 476272
4103 9258 278739
8860 9591 1019205
5629 4700 850830
190 2962 453470
4627 1966 470395
8193 5675 239808
4803 9998 813294
8669 6682 468895
4810 4214 42192
575 1528 1145682
225 9994 562048
9984 5342 577043
9004 6920 1638394
1867 5955 143316
5931 355 51400
8551 7270 361062
2505 8112 493123
1253 1840 94666
8304 1306 93066
7502 613 217749
1680 3707 1418663
7587 5837 81412
3408 8996 1517118
7301 3346 582630
4708 5599 175895
5764 9377 36938
1005 6109 1324076
9147 7319 339097
7249 5225 494411
5637 6837 1546254
8294 7002 2027242
5263 7990 688788
5939 225 99586
1185 1151 541187
1783 4009 2226729
6577 2627 16029
9689 9245 629661
4318 3113 89162
7422 4516 901252
5318 9211 177239
5420 8839 231570
5845 8272 574068
1027 9172 2298849
8857 6580 511209
5983 6545 874205
6575 7395 185054
6952 5755 2216358
5067 5428 38300
7137 4741 126242
181 7064 1618866
9763 8535 947073
7072 1317 1216119
991 950 1002836
605 2240 81304
7929 4350 218624
