56
6166 3802 723045
7951 770 69495
8478 3239 447032
6401 5964 4001559
8894 6696 341213
2010 1689 5546718
8445 4265 2900589
4320 2540 327755
1552 6960 2538225
9047 9944 1198951
4097 714 2630085
6205 1865 692909
2811 4254 17512
7328 8218 4016
5362 3781 5148765
4191 8650 806781
4958 9151 2161358
8154 2848 3569137
195 5448 1908880
6226 7242 547906
4603 1737 2404063
9359 4457 1473123
5763 4421 1505820
6797 1514 4694481
2624 3890 3784747
9518 6908 1167633
8326 5180 129444
8564 9345 113696
6550 4522 1463127
464 1914 1121070
5030 3875 99527
3468 1109 2354816
9871 4926 2873273
8635 8199 801938
1933 2659 475853
5899 1004 3147397
533 2988 1160899
3171 8600 126798
1234 8817 25327
4801 7230 225667
1005 5047 2534015
5543 9874 1159688
9199 2420 754180
2058 2948 2409708
9620 4267 647063
3176 2403 1319676
4595 9690 2412852
5697 2251 1786440
6057 4671 4691896
9305 8044 1874124
7583 1951 2886490
9665 854 6208469
1414 936 819930
1678 3693 293354
1694 1599 1163802
3894 6083 4307683
