154
4696 7559 1581349
1452 5702 428088
1533 8428 1992487
5277 1381 388060
7599 3888 728000
7338 6671 608904
3791 3458 394
6792 3639 405285
3660 8380 92278
7818 80 539689
4996 4486 1725284
2842 5319 153912
9091 2413 511235
583 3444 149916
5174 8961 327257
8787 383 25233
164 5021 3348568
6994 4437 817636
8174 6166 137632
6635 7721 39175
1983 6561 858446
2276 4517 1005001
5270 727 230730
5126 1842 1001103
3251 6579 110740
5318 593 1576409
428 2859 1916685
6166 1703 815163
4951 9746 1373741
5610 3034 187274
1630 7149 422578
4043 888 537005
5796 2210 50741
2785 6854 1698216
1237 1653 38110
614 7503 660547
5272 7663 4240608
4156 3408 535864
2491 4526 187153
9717 778 687054
8033 4816 236110
5999 5706 1135253
2814 9714 404155
2027 1180 1641219
1298 7306 579843
7747 3486 295797
698 8147 943142
4176 4046 1218198
2440 2141 375074
7022 1250 99159
99 3773 115636
4394 4977 470146
1196 2409 473780
3068 4904 683357
4142 1914 21661
5406 3739 2151045
1800 7810 522079
2685 7661 230910
3245 573 156486
1048 2288 286677
4712 9596 637115
4678 6486 237144
5324 3746 2324686
5447 6377 374127
898 7121 340750
1940 5780 218836
6955 5775 63213
3392 867 64218
7284 6964 139712
1305 4470 936737
4164 7781 1641962
8448 994 453169
9975 8845 1149100
6555 926 827816
3401 8806 1385913
4321 6620 611681
129 6692 65132
5217 7539 1016991
5263 2270 1158725
2082 3358 372531
3708 9463 367977
7362 6105 123822
2548 3137 88701
9947 7655 222807
9804 6001 1617173
3133 7421 1203866
3295 799 667932
3298 5487 53351
4604 4714 239848
4119 9045 246433
6625 3075 1276860
8588 5125 626546
9955 2995 635260
9825 4218 580825
8229 9706 252528
2687 8952 46663
5049 7155 1222132
4143 8989 51014
6866 1482 20042
5687 6766 1420595
7325 1573 121965
1880 6558 84344
5191 638 284432
341 569 711256
7065 8668 332800
7058 2464 395300
5839 4175 70556
6850 2568 1046215
3555 1591 150009
8547 5927 370040
3735 6088 265696
3008 9790 633699
6476 4040 108284
6873 7637 1815797
3558 1642 651641
7749 8802 710759
6122 2032 54221
9116 3436 648154
1622 549 469529
9633 128 597575
9889 9523 1075761
2971 5604 250504
2699 6308 462255
1084 173 217297
9866 7964 2251702
6842 3039 118118
1602 4707 26298
9330 5721 371904
7101 7614 180964
7015 8421 579663
7577 3399 836584
7151 3649 3602
8275 55 18085
4453 9511 810019
1698 1744 881013
2618 3624 1439687
1411 4487 127467
674 3616 1260338
454 2531 1129406
8305 6230 353326
7009 5143 427843
5260 5641 1502979
5970 7058 262888
4061 7991 352159
8137 7476 244676
1460 4092 1257317
253 1529 1026109
159 9167 624611
6264 5536 319508
7421 2127 1207203
6207 927 511860
4792 7937 836556
1598 7457 343226
6188 9392 9590
