58
2087 6766 2823287
9064 2894 93887
1836 5272 1265288
9657 7650 698820
7411 9090 731088
8358 9043 3123263
514 7524 54389
6474 975 8580984
6789 6774 2845556
3355 975 1938794
9279 7224 1745928
3170 8403 1051282
416 2633 839513
9406 6443 2170262
913 8736 3418155
9342 3432 963210
407 2775 972440
676 8767 6002474
4106 3829 217242
280 4362 298095
3227 9237 145590
5788 9741 856628
9474 4411 1271046
5294 7890 292781
3094 6905 184088
5799 253 27646
6639 6754 2666648
6944 8649 1210234
8998 8411 3982364
2218 9610 54812
3993 3996 577357
1898 7666 344639
5665 951 450392
1139 29 131707
167 4224 2815292
8734 2691 8070413
2072 5912 1971473
5466 1939 9492689
2145 494 691293
7518 9306 752034
9627 4378 3801322
1465 2908 2866043
301 5250 1880501
150 7531 1445312
8371 8863 700512
2591 6170 1155085
5197 143 1229727
2759 7174 528245
2690 3431 2745391
8128 8759 463440
2826 6044 291894
960 7767 175530
3463 3288 215640
4967 6399 1327872
9799 5278 1343499
6932 1008 162589
7183 3991 158351
5620 6898 3685964
