138
9445 3007 537368
9104 7358 755299
6657 4785 673897
8338 4085 711894
4096 9873 16259
5504 9598 520411
3891 9759 177774
877 5735 793618
1993 7568 204033
8158 1496 31576
5772 2232 200306
3553 7529 1276205
235 3950 64097
4728 6647 707705
3862 5250 458659
5879 6849 1346263
5465 7382 119314
788 4092 267703
5370 8534 1706142
5358 2588 213499
9208 6951 361959
1766 1195 845028
259 7057 1685299
7280 3815 37652
7048 3185 188489
3722 3102 39139
5541 9368 350549
9318 6087 713060
2794 7155 101770
2398 5466 1989024
2091 7813 822492
8158 5016 3179179
9493 2639 536709
1285 5132 2861910
8307 445 200030
6064 5754 1601032
2877 8264 1500847
8869 1779 345508
7078 2678 763933
7829 5591 246630
2073 5384 1055099
1151 6291 788069
6547 7896 905965
5298 9877 188720
4402 7790 697297
731 66 1490662
888 8898 71441
5104 294 128508
5391 5479 69988
841 223 280414
1361 1149 673297
9739 9295 2632158
2890 6294 620491
3077 7213 646936
2896 3639 12885
4875 7622 83040
4204 7398 1391793
4345 5567 1755213
2152 8220 64754
1877 1880 572689
2256 3444 464999
3740 1726 233788
8329 8511 128484
7696 7847 549519
1922 7974 1907229
7376 9127 378717
3547 4945 430150
1377 721 1797526
311 5202 85367
3349 262 29287
1244 4867 806163
1485 2352 840585
5004 7427 101152
6090 2356 142772
1653 8717 3613959
5965 624 500100
6950 4530 107561
8884 5634 167577
2989 806 1082420
4057 780 321275
8926 334 1661360
9761 9848 428018
2255 219 60182
1563 900 454609
6362 4430 490114
9796 4854 228513
6190 6185 167791
5010 4115 149344
5246 8860 154
1975 6120 575225
9131 4716 24772
8633 8148 313034
3555 3034 67699
4103 9135 623050
6728 6434 226400
4502 9183 636374
7613 9984 725283
6026 4806 983081
7681 5387 433919
9383 2088 1151357
4133 4815 859511
7982 1968 607861
3658 4749 1464729
4912 6653 1611936
9409 9417 1375528
4036 7664 75317
8172 9867 1269689
1867 4129 250101
6076 906 125472
3415 4947 1872559
9318 5253 908299
2224 5018 218009
5725 2666 875082
1818 601 1418134
8710 9844 2093497
889 6280 1067119
1029 4846 223621
8615 666 1281931
9949 651 2585164
7764 4329 682408
4863 4997 569290
4352 2807 434252
5587 247 1152996
52 2311 2595909
5223 2484 1005042
4737 4181 1056876
1125 5072 23576
2150 7111 12723
9824 4955 1018954
8431 1225 1051984
3758 1206 860643
7953 2408 154576
5000 5789 212072
205 4505 1075851
9812 2022 557034
5699 6417 309799
7316 5963 464277
8933 6595 207590
