70
1884 9688 1311989
6907 4629 5875089
9436 2841 2963688
6912 6849 171784
2019 6632 136133
96 9944 851606
1667 5738 1195959
3477 3177 966751
9647 6304 1041394
5415 2879 1134695
4319 2684 2107659
1329 7697 619916
5286 5932 1648248
1231 8342 3428386
7586 3157 359323
255 1274 385603
1361 2144 161700
7255 1614 81142
2593 3501 1804864
4971 6659 1928469
8720 6288 1745019
4843 228 3159837
4438 4382 375213
6847 1889 1985962
3025 7214 293046
7580 5006 598944
9336 660 572382
243 977 5427866
9877 3419 1710327
8934 18 2802417
9361 7929 562831
5317 5635 2019027
6014 766 1725916
9743 2714 831644
6721 6560 1085926
3832 4043 1729239
2952 4846 220974
2893 795 123383
9578 1500 1887356
6501 1697 1772149
2091 9749 897926
9399 4524 398763
973 8941 2744232
3197 1083 1110543
3349 3620 259140
3080 1805 185036
2413 7043 143825
9224 2830 3411538
5384 9564 605713
6688 5248 1866939
5041 2758 4161
5195 2083 2032270
6975 3288 300506
174 6867 4440239
8203 4982 3063167
8651 9292 1356521
884 4386 845882
7843 6576 670198
6694 6689 47129
7250 350 71193
5099 2290 1693671
5857 7158 444835
771 336 625728
3401 1319 1102714
6348 6008 629434
3255 6354 4964469
2049 9182 3031344
5556 3159 2278933
2753 3938 95987
9571 637 1874108
