69
8064 378 1171170
4274 9606 475507
3156 3915 428282
8925 3026 486127
6003 6115 1759305
9756 7453 177961
7660 3376 2355392
6333 4470 6513701
2588 9121 420374
5756 1996 109298
9176 7321 1839684
3425 8662 240439
3413 971 617546
6713 2403 525261
1106 2445 542470
7423 488 463490
5927 9142 534918
6882 4575 640274
9631 8024 942242
8122 8593 286455
4778 7119 602149
7644 9639 280043
7031 8829 2559758
6755 9601 1363385
7542 3468 12336259
2290 2450 1537055
2303 5862 1380269
9180 5847 2785017
2285 1103 1316373
7001 8785 658616
515 616 520459
6697 3742 502425
8776 5301 92670
1711 3945 3920029
8503 4394 827544
466 4535 117055
2872 560 1728533
2404 5049 6254625
8187 4105 2128938
8726 4733 129467
6165 2001 296604
3961 2913 2099780
1472 1933 848727
8789 5441 166147
3618 4617 296554
8790 9263 260426
2630 7694 139325
9837 35 459497
5354 7331 79082
8013 6046 658463
2021 7575 3957475
580 234 523344
3923 9340 544020
7911 6109 242152
9902 8008 467273
174 1219 1662806
642 7236 7900
2201 6444 103009
1 869 453801
6222 3457 2978716
4736 8957 468321
6813 1960 5673629
7834 3369 4653614
9501 4488 3948031
3201 8968 1227145
1793 5884 917761
8562 2412 3231915
8709 1224 913118
4720 8684 1150800
