58
7757 7620 4633041
9882 1736 20524
3065 4533 1436848
2579 2654 2095816
1191 8142 1269796
9172 9862 1148700
567 9938 1160564
6615 1647 206325
5288 6385 2157286
884 2192 7152555
1249 6767 113331
1514 2439 2050172
6795 9800 5231041
129 6408 2937562
8194 6843 192704
4268 4411 1036957
9979 4460 604521
5681 3506 2788508
7448 6639 3732842
9952 6601 6271962
9062 565 1394835
9454 5769 911391
9195 609 578705
5527 5789 1384162
7328 6138 720632
8514 998 1871371
1732 2679 413361
2938 7295 3020499
3934 778 3645034
4751 5416 1581650
6196 7048 1362003
948 5202 261575
6717 9784 873877
2072 7938 833037
8705 1894 4432781
5838 3625 351051
7111 3378 2205539
7293 9010 120067
7371 6802 796438
8267 5664 1249308
7026 5766 1707720
8622 9130 1165369
4093 2667 1560927
5485 3891 152717
4864 8408 129037
2449 6733 10446
4268 5824 6070882
6531 7650 1616280
8432 7311 263386
8991 4669 1949693
839 4217 1862574
3131 859 330636
5723 7254 3423517
587 7143 303488
2230 1341 1640989
6659 8943 957388
2756 9808 2386811
4141 220 219769
