62
2846 1308 201459
9736 9954 1748370
5445 6004 2309441
531 5007 921972
4043 2585 57385
3941 9285 2507599
2321 7988 1273551
5618 404 3438664
1135 8906 421805
4677 888 293566
839 5998 795519
1458 9427 186657
1798 1265 1795773
6354 6021 54068
6759 9047 1382846
5336 5139 58371
9628 3705 621486
1340 8763 2084431
3708 6335 1323889
4773 6017 2833737
5289 3469 3710607
3370 5389 2547008
188 2646 3954412
8794 3463 1688733
8083 918 684727
4402 9355 2416455
8585 2571 1472120
8994 2543 1829092
3288 1459 322622
7519 5330 1307822
5409 4542 2641824
7797 6837 2312695
5532 6079 725560
2569 9638 3556615
2416 4742 111908
243 6557 1061939
6089 534 550048
7228 2038 630951
7977 4083 1259040
5591 881 2422350
9163 2676 2065995
4350 6073 3259136
5829 7369 236950
1489 4694 176669
4714 9954 6165419
2855 5939 1012076
6800 2272 202890
7771 7997 876988
5305 7829 654033
3809 4976 4207261
9957 2929 1403065
9963 1397 127383
2857 7908 6251268
4672 4845 2284033
8741 7352 765970
7025 5346 3084271
6979 7751 1549164
7472 2057 843694
8370 6326 1730409
7733 8155 850379
3301 8127 332860
5636 7146 2402970
