61
5831 8089 1085405
8467 4454 305013
7510 4725 1456779
5033 3625 715472
5579 501 2059851
1682 5352 675723
123 4079 642095
3892 2241 67213
3196 379 4772954
8695 8386 4124669
5787 948 3031597
5511 4507 5200607
2867 5570 3634704
828 3500 1507840
6806 4535 10447294
6670 8244 257477
9592 9018 794720
6820 4603 1564463
9654 7246 6528038
4999 4261 33737
9138 9049 1399111
3387 3380 814444
81 1923 872435
9127 2287 570228
9770 4559 217961
1467 7203 873101
1697 8320 486307
5230 8520 879935
9055 9863 2050261
9296 5621 2255889
2241 4850 805432
2775 389 1749399
2364 8818 1878054
5123 7202 150184
4657 9954 358227
5680 6441 631330
349 3465 25389
7619 3604 597560
6275 1153 8502977
381 5161 617609
9189 32 160687
7095 9008 1865654
2309 4216 2125771
2739 2245 138977
8036 2213 665362
1871 7358 447863
6986 9283 1306295
6231 9700 3084409
3086 3722 1365914
429 7564 1440174
9916 3527 885902
2145 9937 1332522
5826 4564 601609
4611 229 114936
9190 4963 46975
4880 7696 224513
8125 9090 830652
974 8036 2224834
3966 486 2290545
2678 2166 2032196
2737 1255 2172726
