61
4203 4161 61322
7463 4099 1421540
1693 1946 2296051
1755 9574 1159110
9582 6945 25763
2138 3837 1718768
412 8620 296508
6992 2563 1858217
3791 8200 1349570
1235 5965 381087
2233 1716 486338
2559 9823 8069595
3011 7975 1041841
7975 6201 2841806
730 5086 717757
8208 2517 1601896
4338 1159 2014945
3615 2059 2944853
3659 7895 2138846
953 7507 488573
7374 6409 926191
4679 426 2001520
8418 3335 114236
5244 4744 3871150
2665 3350 2587012
1387 154 1320486
5512 9225 2331024
5695 250 217430
5486 7468 16074
1734 9217 2011514
5028 7505 989445
5130 2605 2157619
2891 4731 2798458
2763 5427 486468
9858 3258 932508
4429 2679 2462285
7501 140 1147292
2490 2993 81070
5888 7958 1009048
6854 5989 204729
3290 4216 1063754
8932 1547 1080957
5974 1039 4820601
6388 9137 547177
4454 6262 1052418
7152 4587 3388071
4860 9555 5044698
423 4120 147906
8591 2327 244594
8800 8290 1968769
7466 9079 2319354
3572 9472 6656948
9122 1630 1574042
9119 8924 256156
1949 1458 96049
7866 2022 1405689
3403 3772 1447598
7038 9935 1452657
4133 7793 548062
2225 1992 2331213
1229 6571 1973342
