153
9124 866 53535
6948 8632 1314234
7299 6745 696888
8671 5797 144580
3273 7783 219765
1101 3977 238792
1066 9501 2116267
9372 4361 16537
57 1753 168621
190 3873 593699
5988 350 427159
7859 4230 2846369
7562 2538 91398
599 7719 389094
7963 9134 50142
3979 4823 299244
7134 2776 121658
9241 6266 1051128
7011 3627 1218059
5986 2431 1212364
1421 2097 166041
7014 5016 453386
4826 6547 16979
5961 3258 2316123
3713 6564 95694
6990 8851 192746
7983 7471 1306631
8290 4594 699739
4915 801 417464
1266 9474 1522778
7373 8951 332237
5993 7633 916244
7505 5090 318495
2661 3595 160663
4005 1357 92472
2052 7327 921549
5270 1780 763157
582 3587 504385
7354 4549 1774333
6552 6033 1238070
5347 2124 853577
3537 9007 8584
8596 6670 167853
5546 5533 11477
9767 3974 1608436
8533 2798 439601
4966 4180 491382
8303 7823 1615419
9747 6931 3169539
7323 7312 189029
468 7991 335796
6451 3737 542735
2250 9440 767264
5840 965 498537
2687 4258 1796
3672 4269 936253
9945 1897 393457
6642 2581 42855
9506 5352 525363
340 4833 1120354
7773 1285 159493
8225 9473 574229
6650 7198 167628
5240 8384 1038823
2006 6731 21793
5532 4730 167728
5261 9891 158305
2388 388 133040
5741 622 1207812
590 5895 793689
3054 9790 19234
6527 588 193150
3999 4473 658503
1726 4970 607368
7249 2139 1213984
9874 9621 1547074
1440 1970 235931
8414 4670 141927
8910 5749 271778
3314 8560 66320
7707 8222 286919
6801 4611 1045338
9264 9092 2043075
5735 9019 284187
3259 5122 96124
2552 4694 856729
2019 8065 309485
1679 4297 345200
6631 8087 484703
3146 2685 466433
9261 4561 907196
8480 3606 486912
8961 8051 467374
1655 191 390226
438 2347 1385506
6791 7631 117531
7223 8123 202732
8337 1727 1994623
4320 1606 362763
4648 6780 1601691
1655 7057 229227
85 6754 794192
8676 1681 206523
7790 3610 1556019
2221 8452 39202
4560 9891 2770307
6289 9841 929652
4355 3724 244900
9947 6554 1358434
5977 487 60376
3047 8955 493809
5032 3560 163212
3234 2396 787083
2298 7009 1503021
8681 9831 21479
7016 7422 2369033
3139 8707 318425
2484 2822 485472
2332 3246 353615
7696 166 166297
3626 5267 1655826
6332 1021 2122996
8507 9628 1170084
7863 3295 1181822
552 8133 284618
7748 437 1304388
8912 9092 796594
2889 7187 77192
3212 7734 450511
5523 1270 557799
8894 4242 413754
7691 519 220291
2477 8230 2128244
6713 4648 400491
4930 9953 458991
1117 1580 267410
2376 9674 493713
2196 2107 40983
2031 7930 244752
3533 6529 1267393
8818 5282 587032
3814 9192 158041
9293 2479 110792
3902 7871 1233972
5058 7138 177029
1303 6382 390852
8432 761 687392
8074 417 417122
9194 5587 94735
4689 2420 465821
5450 6080 319917
8772 5644 52998
5711 4803 205585
