58
8005 1150 173651
9661 8065 2708566
8956 4092 220107
9762 1461 2914072
748 7677 204144
6949 5883 37261
6140 5730 262561
2788 6040 413405
3782 7658 2253181
558 6507 4414928
1864 3125 2223746
5157 7299 1372144
8885 2890 43
8443 1049 1559140
2869 8595 1947723
9348 2702 2695446
4438 3076 846158
4621 245 1495471
257 6625 917495
6109 7989 794609
7116 2105 2010637
718 7949 3027113
434 7771 3011729
6999 4672 1908185
1769 7996 1025844
3628 7570 443965
9646 6785 1356924
1104 4441 9320159
2776 6330 1329706
1372 7070 1158537
5181 7838 259327
3481 9275 1631458
5546 3110 1487179
132 385 2076828
2560 9798 2974641
159 2214 944147
6747 2283 3890485
7813 7105 315705
7081 4102 1328489
2590 3154 518909
209 4592 1020346
6249 3097 2324044
9314 3760 78115
3255 8537 1268743
6698 1486 424105
7011 8011 3513185
3800 3386 6300316
695 7999 5875287
2200 5970 166594
759 9473 1344862
2771 6812 6456908
7160 1945 124571
2686 420 81974
4440 5539 1027448
6075 573 1115444
1645 2564 753072
9813 8358 159652
2783 6662 491516
