68
2578 7665 1588843
8855 8741 2593613
2894 6395 627774
3502 4851 1151221
1256 2094 1159665
3744 8824 245651
9885 2117 76058
7541 4325 442
3982 4791 3288027
9403 4637 1499967
1921 7905 1981674
6786 9335 119
413 5532 367921
5769 2445 916509
7125 9531 1922028
3414 8001 2226548
7680 6481 1357020
5172 4502 285794
1202 1100 1262267
955 3968 811668
4031 3165 221366
3035 1705 5820281
9934 7346 591207
5032 2468 46606
1382 8334 54892
3125 993 301875
677 1150 2405851
897 9101 1443822
5931 8887 429793
3849 2880 345247
588 3083 4244699
1520 4331 1849461
350 876 508015
2018 2321 1420130
703 1397 2680725
6513 6525 362523
6467 7749 328251
134 5908 242725
6984 1597 2481059
2567 4380 2327453
8530 5937 287606
3591 3602 1801499
2611 6289 1605794
5473 9030 1325724
6869 8662 5778886
5809 8993 4410712
9857 9090 228363
142 5054 4168226
8733 289 817702
5310 3738 26173
3764 5300 1285368
6688 7921 499706
8230 5118 2404664
7323 1812 1342679
7760 629 1182554
5170 9798 1406558
9135 6431 1712132
8644 6638 158021
970 1180 489367
7393 2880 2752723
2947 5158 2044276
8442 6676 1651317
8251 9705 1203416
5849 1310 5719041
9267 9158 1265378
6950 5955 2510160
4705 975 339966
342 6945 113199
