93
8756 8511 415321
7932 9325 79048
6574 1275 1263451
9500 4506 2427158
6135 1399 42478
9713 9897 1936041
4379 5607 1770276
1903 6949 1518979
7261 46 260871
3653 5331 447232
2673 2684 68122
2333 6438 1105411
3201 5548 652212
3534 7008 1823606
2902 1153 1238777
2979 8293 4090368
8614 4375 34214
3828 9760 401058
2505 3968 144647
3614 8431 252486
5467 1411 1472628
5845 520 652396
6385 7885 1292844
7730 9460 1156604
1244 8588 130670
2054 4195 29614
5595 9920 925951
9806 218 597080
5305 5137 456968
5051 7429 83702
897 3706 102466
1960 9309 644435
1367 3604 961265
933 6748 2069303
3351 8472 90072
5624 7348 3514171
4817 5567 886321
522 3299 2757223
7956 8599 225690
2203 5059 628462
5699 5668 1730021
4808 1360 1383135
8047 2365 657793
1291 3511 2262401
488 2336 2792224
8876 2232 467207
6430 7103 833056
947 4517 1267338
7831 8333 1581803
9590 1349 304963
7072 4796 557531
5194 2822 717054
3769 6239 3355274
1730 5983 284654
5038 5723 739502
1026 6881 488071
2623 5239 231611
7802 3396 193726
4251 3440 83745
4507 7296 546716
1337 9711 3970963
150 4416 184104
567 2530 1799757
361 2218 765485
1619 6616 1140583
8194 8451 898790
1394 8769 430682
115 1035 1122578
6801 8459 94048
5396 9196 1209772
5348 9494 2699338
8807 6679 261574
9291 1451 684625
7510 3756 2395935
1776 8218 1769018
9889 9091 1382924
5836 7985 403153
8724 1583 2848378
5178 8431 1553339
7669 4018 906359
4189 5207 656532
3843 444 989954
8223 6199 2431531
7801 2663 704919
2177 8396 606861
4091 9334 2140323
8245 8684 481899
4123 9328 2208156
5840 7367 1381933
2064 2086 196113
7990 65 354176
6533 6855 1792253
523 165 406499
