135
4327 7215 1009429
9492 823 516699
4259 7012 453069
8904 6453 67702
4540 7546 196287
1801 648 1074942
7630 3386 123769
4510 2370 272415
3388 5006 332710
6375 1519 1234256
4794 1836 666792
1504 9486 97426
1576 3333 1435072
230 7500 214281
9923 7125 1513136
4350 2686 226468
216 9022 5684
9003 679 439172
5477 6214 246358
7293 4424 1036200
690 2793 605416
5906 7810 7739
4610 5680 1294109
6350 6320 764471
4855 7053 44869
2109 8397 92145
7472 5035 211309
1040 81 140959
8468 5392 515878
3648 6730 538162
3529 6400 1276125
665 8244 246158
440 5305 147562
805 2761 236983
9331 1232 281171
3466 3841 1538844
4035 1914 110630
534 2357 1837926
2644 5681 223009
1060 6589 326520
285 2920 44672
2611 7982 1026092
6032 1566 1149900
2345 5719 257838
4226 6118 506779
7051 4350 329217
1451 1376 304384
4183 9296 581470
4603 6616 313847
9714 6947 694326
8922 2371 159709
5744 3415 653560
2400 3490 3179797
4133 152 2296116
5889 1261 392150
9555 2108 68468
8267 6152 353912
7407 2692 516950
970 5483 299080
3354 1390 760204
7327 1123 254960
9109 4816 855931
6820 8913 609105
4632 5949 582751
5726 1750 331573
9263 1069 453355
7703 9451 432487
3466 219 1717322
4113 8025 475067
9148 5498 579816
4221 3572 545699
5917 8687 1669
665 5656 556216
926 4794 1213998
3771 2556 132355
8886 454 2233712
2850 1297 685088
2961 147 187254
4769 1119 87194
2256 1786 3001259
1719 1198 518758
6966 2050 546443
1709 3538 2894767
9139 5205 640514
4179 8590 555089
2076 2241 1820512
7838 7656 337583
3440 3509 1271291
4679 2616 2700209
2357 2778 3343959
9423 6853 1663636
9255 6466 85753
6082 5948 234190
585 2228 25903
7789 1918 339893
2091 2640 689316
8178 7681 229183
4957 9874 1860055
5482 4237 495642
7149 2085 1523844
6679 677 539604
5235 1091 999528
3325 8495 538963
9584 8196 104723
3315 1957 1730096
8830 2296 346028
8129 789 1686524
918 1989 672102
2399 2975 69953
3264 8973 39842
4622 5933 930384
6089 7693 2392844
7436 9247 118071
9350 1355 329980
8595 5119 1686407
6928 2566 1029485
8335 61 2334681
3867 7837 324574
4690 1560 243352
1226 9466 614701
2943 5756 145422
2840 4729 301941
3032 5989 571747
6911 5892 441605
6395 4099 650869
8669 582 2014383
7175 5146 158836
8741 8675 2124288
2017 1225 931859
7905 192 2013762
6212 9033 303691
9849 4069 126447
6492 2303 661639
6747 3344 459402
4168 5402 158593
