175
5117 6234 804405
1043 5931 178499
1369 1028 823118
5894 5796 417278
1098 6992 164645
8568 8743 828021
4261 8149 631922
2186 9951 714327
2379 2730 296320
3185 619 252586
8472 2357 433915
6911 506 94115
5342 5276 12629
4752 0 350325
4943 7194 129264
8535 2477 84204
9977 4450 831325
6750 1341 130564
6827 863 616078
4766 9042 216300
4135 150 160640
5770 2920 2018338
299 717 23588
1020 2616 223259
7963 8022 70808
6341 9956 367668
2130 463 1204976
164 7464 446324
2267 5754 182813
3548 294 871394
5623 1327 12324
9560 8760 613913
6054 7695 1805371
6689 1884 517503
8544 7312 73343
4445 5485 592976
7576 7162 390917
376 583 339333
9299 5913 11112
313 7094 343864
204 7655 2412479
3399 3690 1761969
4031 4285 368610
5909 8622 588519
9519 346 200636
1513 5991 790836
7126 1621 716333
6978 8609 138817
8569 8425 354786
5178 8789 450693
1745 1778 340174
2372 6832 1057609
9964 3494 327511
1247 7687 106548
7370 1911 217595
8491 1380 86906
851 1821 1508708
4999 4334 334539
3900 7213 139488
3818 2685 485948
5183 149 104458
141 1223 710044
1938 7010 81146
2835 1119 3511777
1972 7846 340618
3396 2387 697034
1257 8299 382487
8369 7377 748189
6200 8215 127076
9209 5597 1259005
8069 4109 40757
4372 1185 239410
2051 7922 573186
8314 4137 528239
9710 2940 304931
8005 388 16590
8562 1599 927389
6351 9764 339972
4556 3118 135732
5946 9158 538178
6769 6510 497461
6036 7422 218851
8259 6598 333353
8712 3809 1181395
3545 9848 165977
3585 8928 679862
3057 3124 94293
2940 6924 700386
5228 3725 96615
652 7228 718040
106 9568 876350
2472 9858 58038
3526 7684 246384
7888 6741 121920
4564 9451 693090
7896 6015 163076
5290 7764 74885
1545 5737 309221
9169 1600 160104
1690 3536 350730
5156 161 522946
5712 6120 529670
3680 1682 2688901
5087 3160 293615
6593 8675 810015
6335 2038 298600
9125 6268 1504848
7004 4615 1405766
2435 9372 739481
6298 3766 101457
7230 1730 557901
6833 2584 21265
4651 1194 2730311
2564 1871 817099
2115 1249 673273
7433 8196 145699
521 4300 270995
1109 7457 68518
4323 338 708450
7580 2049 713184
6953 1385 54742
2131 2513 1375551
9728 9209 293263
8662 9164 250264
1470 4593 71323
3343 3291 1684378
4672 1747 1642803
5704 1483 719269
5682 6832 367256
7307 5232 432027
1432 3486 73795
3359 4091 371109
9800 4656 721394
5289 5003 168237
4878 8026 416548
979 1707 228548
4683 9423 1423581
9751 2058 1244459
1545 2576 267107
6412 9361 1327080
7338 1854 37641
8399 9086 500036
6129 7548 85101
4391 8521 649129
4862 2971 64177
8833 9194 282855
1435 7351 170095
164 9059 1152884
924 9090 291531
5183 7350 1319455
2672 6230 517761
6341 6389 111337
2828 6430 828025
2326 5483 549484
3277 830 726888
4119 1072 997930
1530 7999 1861504
8621 7695 20631
1171 3443 1259128
8257 4195 2147826
8437 9172 391430
7884 6742 475650
2155 2347 207857
3605 4639 253943
3195 4492 63691
1995 9701 548864
4745 2305 109751
7785 392 454639
3554 469 174140
3303 4613 1081944
2487 695 138854
6390 2156 540656
3198 6611 1073679
569 1691 446350
1815 5683 1715149
