93
814 6968 692578
6850 1724 2755414
903 5773 2027471
1887 9769 2040263
3054 7254 4144546
7835 1807 78689
1137 9153 646960
4667 221 287856
4550 59 191066
6292 211 160113
3725 1179 1616977
2154 8612 182759
5259 8537 625390
3587 9265 568720
3309 8787 1218294
254 2852 1788718
1918 5691 109998
6653 6917 2206181
5767 3521 398032
9603 2075 2239517
8724 3764 1109841
2766 5853 2655211
3696 9122 179481
2577 5347 647111
2758 9064 636933
2827 3982 2220467
4772 5354 27048
4418 7975 1697084
1948 8117 84015
2466 3634 135456
1735 2113 2093637
447 2495 379464
9299 5539 124421
6233 2271 522491
3119 9796 592765
9668 9430 152667
2043 8509 413148
9659 8426 94259
3538 2438 345690
3871 6304 59670
8397 580 119514
6839 2672 904933
3725 7758 608678
3681 386 1138577
8037 3780 385275
7971 5329 359307
9120 4164 3402349
922 1643 155970
2182 8799 656417
9126 5136 2503093
5176 89 1584831
456 6205 1426812
3004 7380 496398
1735 9059 1117920
9482 5040 797503
5568 926 2349343
8726 9718 140852
7127 1253 466167
962 5874 2752631
3992 5533 2861496
1716 1004 209626
9993 9730 1309219
9816 3799 258474
6638 2926 511651
7737 9277 31400
1822 3486 1828668
5547 8449 580011
6518 1157 1212503
6895 5196 721181
526 5884 659333
9629 6926 171679
4531 4307 302654
3261 1604 504495
5741 1437 418485
653 5712 2646633
6700 5222 2252439
9236 208 889160
8808 7952 254244
9360 9287 4117281
7834 4151 1289026
6578 1575 3951330
7875 4427 1111975
9265 8509 1052312
5470 5183 390078
8836 8159 267648
2353 6579 297630
7450 182 888209
6613 6051 912749
5667 3607 2045540
1423 8319 2185314
6339 6732 176815
2756 4884 622892
1525 3363 3550879
