165
6858 1863 152534
9972 8750 409177
223 3230 514100
1841 3472 750473
9261 8062 507539
6805 6895 48415
1989 1177 1453099
6641 7921 282645
3654 1276 256529
140 8465 558210
439 6231 541982
4381 5570 765586
8968 406 1643614
4252 8023 1244883
5281 8448 124166
3295 4076 121198
2927 6931 1166113
1172 4784 722640
8550 6142 432574
3428 9874 477808
9955 5888 723577
2277 4158 73379
5339 3438 923327
1668 1356 758279
1872 7050 383986
504 261 21493
5462 3068 211469
2691 1096 88814
8551 9516 4222128
5089 1339 287728
6566 6414 1155034
224 7275 642174
6769 6231 449405
2438 5021 519549
1230 1930 184138
6270 1945 72301
9531 1186 2533918
417 965 575183
3551 931 652231
244 815 148168
1435 9175 198453
4283 5321 1116248
5837 8430 320979
6619 7022 251982
6801 8056 540221
8024 305 1002542
2423 2019 91189
263 1553 101417
6868 5157 237381
4855 4341 512083
4573 4505 717075
2851 1386 866113
4317 8940 459634
8897 1397 1116175
3722 4168 266516
2960 8871 841354
660 4646 557478
8751 8831 120329
4178 126 1291951
9895 8494 1395922
6543 8455 508043
1704 5161 53036
8604 287 1304770
8994 8955 1302965
5784 2594 828310
6343 8503 252747
2112 1298 230902
4060 4513 274268
8863 2325 156156
4912 2618 1211496
2220 6398 281242
2584 7918 1383393
272 516 208985
1923 553 48631
8636 2119 54609
9120 3840 342928
2302 968 782419
8471 1437 1153908
2865 4813 2122634
3328 7285 394785
981 2832 119502
1817 711 1200861
4740 2370 923620
7244 219 499121
7908 3439 970502
256 4451 490458
5295 3484 440640
3956 9006 739934
245 8673 1799859
9963 4656 157519
2192 3665 514447
2720 3726 21782
3564 2578 26654
9059 730 664601
4889 1460 153599
6979 1411 1857662
1684 7641 2993606
6497 5869 186577
3266 8852 424972
2535 7088 72137
1606 7210 388391
9067 5326 9877
3475 4980 163877
4445 9069 130398
6476 1395 254844
7655 330 146273
8143 2857 546767
3352 4300 459353
4143 3430 1008168
5166 7119 79814
8991 4780 966686
3029 585 600280
9154 9500 271911
2239 2995 286367
3063 7773 768874
1517 5514 279020
3761 9248 503374
5553 799 1053660
8689 3216 483037
8898 5495 386448
3510 9619 168999
6260 332 544139
2111 2256 1467762
8380 4092 1801202
2143 1960 19125
3000 3060 705213
6349 903 256302
1989 4069 292657
9270 7133 89082
3118 3697 1206286
3304 3548 925134
8951 3395 749848
2948 1079 199992
7234 9384 117306
1282 1844 190729
8346 29 1621109
3762 4076 1514076
1937 4580 980302
6790 5463 320458
9242 9148 690455
309 3802 720147
6989 5793 503849
6448 2445 329917
4085 7048 609328
6138 5437 816089
6703 817 96527
8575 8830 520937
901 6181 650241
6972 4851 2271
5566 7101 1173196
2924 2219 517559
6091 9471 144092
8278 7006 132639
2235 639 905598
4730 4601 478641
1999 2927 335864
5220 4841 428320
3399 7046 825661
4589 8634 28210
8964 9863 99372
3002 536 885904
6077 9600 187878
8296 8847 159723
6808 288 790020
2285 7587 51534
