200
4448 8778 996226
4966 4920 24809
7754 1701 18693
980 2862 212445
899 3719 489216
235 6617 56821
7534 8868 197231
3381 3427 1491139
8462 4017 209527
5487 4048 19381
8917 1763 553129
7897 1016 682861
3490 9725 268886
4180 1663 247344
1059 58 11635
2852 4252 948278
2692 4822 707749
1162 9054 186609
589 3169 566273
569 8984 146724
321 1329 8712
5432 3538 42436
3360 9822 166035
5572 9414 16057
6176 8455 148528
3940 6350 1153335
426 3590 252008
6243 2782 1306888
6894 819 1990950
6935 311 65832
5996 6492 37921
2021 689 257809
9670 8199 195179
3972 3259 962876
9583 9722 484911
6832 6935 111173
717 4408 341444
1000 7505 2210714
9350 4531 40977
178 1491 652426
3835 6240 703419
5129 6238 213188
9261 1371 686434
4304 2448 1094554
6755 4381 90938
9387 6446 187603
4245 3369 275880
7894 3523 183745
4312 4507 355640
5823 8957 261734
9604 1107 611842
1449 8581 246116
447 718 768192
8342 6686 447066
496 6288 63723
5584 1484 522102
4294 4984 730538
3213 4081 404258
4402 7331 77240
5788 7835 501385
175 4571 561627
1812 2182 152711
4858 6523 254694
8934 465 46829
2935 6438 299237
1115 8679 650834
8628 8195 361223
434 9083 1862787
9345 4138 309229
4598 2668 418990
812 1212 551173
6794 3260 347971
8145 2071 355549
1860 7333 793179
3218 1003 762430
3675 1136 363048
7924 8152 133977
2622 3637 647982
5829 4053 213991
8617 1006 228092
8642 252 626576
6645 3980 110951
9532 7888 1355369
1954 6332 440287
7980 8266 253901
2109 3726 197614
2996 2862 496208
7654 3341 1085251
7174 262 99281
4933 9337 199624
1065 2626 622864
8491 9700 110203
8695 3097 613995
7235 833 169138
8155 5978 190457
7477 1748 1130254
4241 7056 728258
2017 9449 602330
2234 1546 981451
1817 1498 240796
8581 5340 805174
4289 5324 144558
6291 137 554569
4709 6536 349659
9658 2998 220986
377 9823 179801
8505 6236 1455676
3208 4191 98394
6909 2696 1110751
6115 6078 45268
6997 8572 19883
932 9051 123906
2219 4396 745178
1309 7338 137612
3199 1141 212670
4339 9514 189444
4902 327 24507
8808 9477 628296
5504 8093 169065
3137 9838 1604874
6296 7822 1244493
1622 321 1662177
4163 1687 417354
3090 5243 348681
768 9259 113372
3345 9279 98594
3366 7534 888754
3935 1609 803547
3435 4450 272543
1874 6124 1046013
5239 8620 287391
3272 4211 246780
9670 4607 741063
6642 5868 86737
273 4939 13393
2589 3820 331862
8076 4325 367486
2080 626 5295
6140 7821 486598
1871 9726 340253
3632 6921 605871
5701 1616 1014154
5804 4912 138304
5689 60 5169
5437 2021 514450
7017 1034 13456
1663 8542 223562
6669 375 705759
7087 7672 532758
4418 5499 1118385
395 2406 131499
5285 7132 147364
9079 2540 1532433
9293 135 43230
2572 4779 44351
1907 4573 217202
2407 740 1140366
3468 2700 1340250
6597 5135 53058
9685 8119 983616
9944 8021 399274
4946 7025 154960
292 7168 534987
9236 2093 1359714
9978 3132 928528
5634 8759 926796
8920 2018 655826
3527 2231 406288
6229 9549 1015810
6926 3858 824399
2647 8317 626322
2563 9488 553608
1340 7649 64353
6769 7484 912442
6148 9965 960675
4323 8534 619172
3292 8889 80592
9522 1804 558870
6477 4144 280301
6913 9017 1045346
8625 7302 516635
755 1776 345210
413 9973 480740
6871 7011 353332
5600 8769 330703
5682 1149 1184903
1001 5931 123760
1095 1984 1873813
2352 9081 809182
3090 5277 754494
3875 1376 147097
7324 4005 814093
7282 3194 840804
149 3409 1012205
8763 2792 844954
6717 1437 301486
2896 2304 147896
1359 563 29939
8244 7142 126091
3662 6660 449361
