132
2496 7959 1864438
3661 5982 1384897
3451 6745 432207
7949 5164 17020
1015 6214 709624
9903 2148 2072370
7716 5872 506358
3168 9683 462972
8965 7548 643766
5982 3181 130859
9385 5611 308101
8252 8134 219545
2563 4820 467531
775 9355 309870
9066 2392 576646
3051 1060 373921
1434 3900 234622
2208 8280 224573
31 4550 1789388
989 426 1425545
4597 1061 553109
541 4417 499581
2364 3464 101395
6860 2609 186567
3 5422 118990
4991 2655 5337
763 5494 1130188
119 1288 363168
6577 312 573707
862 1930 1380377
371 8608 287787
9099 9414 1576726
3333 3216 303135
3751 8865 132124
2905 2655 672468
8602 4767 299034
7420 8008 5058730
2709 6415 1454772
9991 3528 2297684
770 2420 1863256
8553 5527 207820
9429 7879 375731
3537 1036 375122
4529 3761 613704
7363 3282 601892
4157 5374 1672787
3449 3511 647619
6252 8604 101864
6325 7444 1360895
4503 4621 2082759
7370 3532 1248301
5737 6992 829636
7199 2049 1222594
9590 6421 182641
2064 4839 1211068
7724 6153 450944
9355 670 122007
9555 7597 291285
4610 8401 439061
1056 2147 3321
1114 4937 5684
8064 3959 654549
3518 5712 1456035
1322 6982 976510
845 9115 507226
2760 5510 1367010
1643 4280 69580
8916 4841 24245
9749 107 281930
8957 2107 1138161
9860 6128 308130
6763 4011 696744
7919 6719 97229
161 956 449272
9815 1176 70437
1506 6649 720698
1797 8200 68779
8834 8938 563065
3129 3741 964730
9869 3322 969
8446 4389 2207482
2139 7228 1426853
7452 1978 553623
8409 2657 439090
8862 2737 782283
3772 313 1173711
522 3602 270637
3375 6103 412631
6067 1127 904168
8668 7216 254550
9350 6481 4654410
2872 2571 850082
311 5160 1241414
4763 5733 2616121
6933 2924 18352
9533 1986 544921
2830 2601 437018
549 4043 2078635
2315 9771 23228
6032 8009 338342
257 7008 558725
3101 6706 1608491
3507 8996 686443
240 3355 272399
516 6194 784417
3456 9596 704340
7090 9580 1281255
1774 248 305777
5728 3795 1299097
7893 3817 407660
8580 1578 628441
1209 2079 107978
2892 9533 158036
8502 6463 799711
3707 8399 716605
9982 7605 533644
2637 8513 654718
1217 9308 2361473
7489 4128 993502
6905 8269 81434
3756 1698 762648
7446 5984 655760
8096 2421 1327064
4335 1030 598310
9985 6996 106037
5605 1134 70845
2695 4286 696018
6465 2809 108506
4348 2481 645694
8604 4659 249337
2238 7948 815554
66 4588 318108
