178
3707 1902 193590
1380 7670 481623
2788 257 488173
6637 3796 646470
3659 2344 286540
5170 251 69687
76 6243 1296927
775 6337 369192
6493 2958 292319
4637 1686 279511
2715 9158 314870
1703 5106 188008
7002 9949 214059
1911 8891 697439
7420 2099 1064935
7920 5165 1821145
1789 7677 53315
7624 1564 220386
2923 4107 705587
883 2398 130812
7857 8730 123223
6177 3754 377711
2453 2318 3846
1784 8572 195645
905 5868 945940
1034 6547 1433091
1125 3175 409477
2328 6750 1291312
5043 7522 399606
6532 2115 863956
9618 3268 439581
3193 5200 83026
1111 125 1467811
1476 1921 39759
9289 7831 4914
6479 5291 782845
3263 6885 274331
8507 9704 500346
2070 5002 65575
2698 2279 495089
5216 5333 104746
579 5412 697912
9185 3974 1106240
140 921 404535
7161 8217 158014
2900 4453 280923
254 99 951768
873 2449 1144470
4932 4030 545486
9586 1160 413679
4196 5159 548647
5007 6690 112903
2872 907 21968
4327 3441 284521
3411 6645 919130
1084 7248 533718
3436 3214 4962
3139 2930 109943
8527 5568 777932
9832 6322 283591
3184 3075 237527
9269 7173 1593192
738 94 932909
4118 3137 1759969
7627 3064 889240
1913 2403 55233
5431 3109 277724
9050 3203 149284
2944 9175 544202
3281 9887 203988
4117 6072 562328
5061 4915 549795
2258 8733 35600
6491 1626 36097
5973 8685 1150815
9612 160 50404
31 5003 855337
9422 9350 1698687
4522 4328 366116
2447 7530 767568
93 7415 135090
5353 207 474754
8943 9889 386596
9678 6044 825505
8255 4499 332621
9069 6771 487653
7616 3000 738114
8004 2154 827897
7127 6219 277024
1453 9505 1106177
6569 7125 888915
4325 3372 35487
219 7921 882817
9781 2512 680177
5724 8585 330384
5665 1422 1313321
5403 3759 430904
738 7958 13541
2979 8653 125311
4536 5582 138484
8934 9786 310597
9695 2770 248749
8717 2435 101338
4309 2886 1192504
5380 8448 274875
8522 7318 432049
7970 8066 157355
9245 2632 515563
4065 1384 619583
2256 366 730860
7059 9409 465822
5766 69 119825
6547 4128 162953
4162 2750 908565
1400 5599 272892
9259 2853 502404
7611 4752 3939123
6942 6695 1333477
7853 6513 328053
8038 757 219116
7377 7433 570981
8354 3132 1072023
4513 4312 142702
8962 7853 898862
394 7327 282353
3346 2518 305003
8476 2281 964516
7530 600 104480
8410 9935 2350569
4125 2326 79840
2038 2036 664239
3206 5382 28245
8201 6621 481836
1919 2644 625900
2936 6333 152676
7132 8454 1689707
703 8066 162405
6615 8525 21607
887 6048 1915789
1920 5460 70573
9725 9526 1140563
2111 7566 633229
8642 2860 1446324
4426 3704 1016514
505 5431 109317
885 6390 97469
971 1744 1684226
1860 8210 459165
3293 1311 48073
2999 6388 35578
6753 2323 1491061
7426 4377 665417
221 4131 794235
7336 6149 326527
3425 8662 48425
2904 7417 403354
3682 2257 630500
5656 3225 407495
3448 1160 344666
1382 2102 609414
3298 4080 504923
9799 9969 542455
4339 4247 573307
7879 1543 609613
93 5706 1313334
3872 4155 516032
9944 6185 233060
666 7795 816741
9254 2970 67456
692 7868 89246
3693 720 258397
6625 9704 113509
9485 890 796122
8596 231 610491
100 5441 477122
819 6312 210408
4764 1161 1594722
1675 5890 297954
