195
901 1388 7060
550 3068 1053574
951 3174 1252
7768 4471 56540
2852 4149 477720
9899 5812 47480
4685 8646 1504669
4151 8562 321819
3847 338 50944
8419 6480 307691
4640 2752 128209
5521 8295 1202356
2453 11 409484
3114 1239 446697
9970 6016 296199
1457 5739 19579
3779 6093 185160
3771 434 336725
1012 6317 287504
8038 639 384475
6667 6000 919445
6092 969 514455
9754 9138 225333
9841 9171 670418
5769 2018 587222
9999 1438 356092
716 6270 456226
5378 8935 1225529
283 1170 13597
1880 3643 1704479
6950 3185 318783
7809 3256 647947
2313 9211 517902
341 4034 87069
2564 363 493985
9719 6607 950804
6864 8521 324710
6769 8509 576099
5843 7525 41266
8146 7273 316630
9381 4469 177760
6142 1868 346011
312 6322 213339
1785 5625 116450
3805 3661 138834
4735 6284 87103
200 4742 19173
1602 7407 1530478
9712 6527 482036
8968 6295 367960
9906 6353 684694
7596 798 463399
3535 2017 111278
5501 2165 257276
3684 7738 146996
5403 1881 1020629
3560 3764 157016
5870 4221 576671
7145 4042 703249
3827 1362 583022
2012 8136 216830
8401 6751 2545494
7557 9260 357274
8746 7738 2971
4354 2272 387199
6531 47 90379
2316 3344 964031
3836 4461 380968
6952 2037 349732
6755 297 521829
6363 9110 107463
1313 1218 88676
6378 861 382956
4494 9245 3542517
6388 6931 91394
8969 1167 377669
9037 1061 176172
1413 18 1073060
273 1410 392497
3489 2481 205581
8740 9670 6671
2445 5779 521406
9727 4584 2038992
6583 4921 17442
6004 9741 361123
1921 6782 161537
403 8947 371725
1167 8439 638929
570 4456 1240527
3393 4613 153052
8262 2072 197983
8518 7629 2201194
5288 7348 1094531
913 847 41981
7054 1650 1088064
1506 5093 89406
3922 1661 695838
8377 2002 321821
4065 5745 461711
9272 4329 736287
8765 9482 230448
2772 2764 151473
758 3928 727574
1635 8304 12653
9449 5617 160755
6214 575 346823
1882 5260 1557674
215 6774 186
4261 1795 66878
6402 1408 29352
6713 1595 1687220
430 5989 698003
4737 5166 57366
3852 5720 1244986
7189 1621 2444840
1603 6623 79792
354 1777 225767
4447 7048 10303
7801 6168 485555
9660 1216 211301
1885 8933 14014
2977 6730 785027
4970 160 43692
3453 2453 441410
1586 385 1018452
5157 1677 67027
4216 3174 369721
1646 636 1242949
7808 1464 235419
88 180 2317822
8730 5881 593394
6415 3578 429879
3933 7706 243479
5124 2664 466560
5580 6808 397883
7600 944 217959
5698 9470 630510
5444 7996 1214555
3389 9477 1273224
3515 3360 250821
9762 8925 159727
8780 2698 1781364
3286 2249 236250
369 2593 444670
2811 2003 1217573
2332 5331 442557
5400 5197 241804
2027 8173 438545
3883 2403 253243
9708 6880 471906
4246 9527 1146370
949 2376 257879
3688 2523 613155
2783 5760 84518
9485 821 1635311
1973 1201 721775
3580 4014 259850
8762 8612 163301
8175 1769 1164218
1942 6679 7566
8092 2734 74117
5459 6025 364034
8517 5311 207405
2196 6085 1638356
6806 3784 95280
7057 1185 7747
2646 6056 128574
1038 6815 578640
1382 6581 1135437
6047 8507 133656
3546 6805 43542
202 5672 20484
3847 618 214419
9869 4033 101911
639 6719 522417
2924 5819 395108
7881 6546 68871
773 2045 57369
5346 7532 71865
4008 8036 379956
2006 6858 96853
4106 2392 333879
6147 6717 1450403
9001 5374 270131
1560 1093 1134873
4102 7855 755223
6142 3670 27494
6353 1764 43146
8124 7899 58887
9104 4816 1780962
8158 9133 813251
2623 3837 122134
8477 4180 569823
8561 6037 138020
730 2183 389991
