176
9657 5721 79149
9674 1905 362570
7269 6691 925912
6144 1468 456703
5601 1664 1153102
5491 8982 916799
932 8075 621488
7337 9530 1208791
3479 1413 488577
769 7793 184344
1613 4940 1114446
7438 821 563579
4173 542 308607
6986 3875 287224
7022 2942 477228
6237 8814 52020
5418 3369 289989
1965 4999 5985
1939 4657 342593
1089 8657 2001831
7797 5099 26838
4327 4167 36721
7651 6714 19582
2668 2548 138466
4056 7510 282237
8216 8734 334414
2932 8781 665378
5510 2392 964943
1369 5898 422128
5602 7355 97762
2433 2716 436571
7446 877 406850
1337 6730 404756
3947 6684 823249
9091 9747 258035
9412 5123 66461
7449 5594 53107
8110 6336 663011
4854 3655 596008
5686 669 70005
5260 5081 1324937
928 3702 85290
6368 9790 1017108
678 8769 8846
7518 5423 46914
8884 4671 568976
6793 7340 403154
9272 6315 310761
6176 9356 761351
9094 2950 451944
6415 7662 1109296
5873 8904 65433
5941 5724 39658
8655 1135 115459
2197 8744 117036
8547 7925 1785885
511 4205 2545447
8228 6557 348626
1163 1300 406966
5420 4982 321131
6205 3168 5108
9767 5704 140586
3206 7934 833664
9786 5516 1016694
824 6402 1943646
3683 8978 165804
1301 2622 55084
6876 1329 309726
4932 1606 43622
7704 279 346461
3963 9454 37811
936 4591 30110
4603 687 375522
1987 9376 42711
6542 4239 477948
4448 7323 596146
4893 4499 326768
7614 4477 1676735
268 2092 165213
5840 1492 26210
3183 774 259924
210 4050 339891
5801 3460 968150
3711 8720 5403
9776 2281 918314
931 2805 1646900
1062 9057 707969
5666 4400 1230471
3941 851 276783
5430 9645 1588481
96 9271 709726
7044 6443 208700
3222 4208 64942
4941 5519 2040582
6907 8186 489898
4190 8789 452944
4837 5012 2087105
4348 2987 1481239
8878 5286 850965
1594 9090 28471
2885 5628 566299
5708 8242 1115330
4412 1413 192661
7057 1852 1327795
4409 9276 43476
657 4573 119800
2835 3464 276855
9700 80 776496
6682 2514 407796
996 5877 448776
5795 2088 1907860
5415 5221 155603
8825 481 375455
7386 9558 168357
1605 368 1823373
9854 1204 49980
7904 7050 1161363
27 9308 1122511
7399 832 865406
6459 351 423477
3735 3492 1043109
7649 9293 139476
5166 5891 239746
1902 9215 168755
2365 2441 27920
1983 6517 156858
7509 6894 407746
3271 7710 50942
2169 8634 1038525
8672 7187 1013511
1182 4994 2136088
470 4135 1035769
794 7377 695842
2240 9649 1189033
7642 8058 1485273
7573 7139 1155021
4139 4834 63062
6404 3668 365268
5574 3068 9633
4233 1025 248928
3062 4108 84751
1339 1045 59020
3691 4098 816423
4522 9249 249519
2197 1367 286779
5027 348 866612
4070 8066 109695
864 1892 207222
3347 6005 2006794
6414 7926 935403
6203 915 426179
7323 205 409480
412 2476 22869
5509 1314 26482
1039 6065 377423
4080 6077 1053430
5378 6588 21973
2553 7327 416917
7342 5018 158507
6725 8589 917391
7146 6411 663999
6549 404 384508
4367 5165 112119
4579 4512 1151848
4878 7412 299807
6297 5665 277055
2779 6272 603794
5638 9902 697001
8447 6878 222354
7659 420 699821
8351 9489 73581
934 7323 230639
5620 829 1763615
6671 183 761744
9753 1352 942205
2772 9536 249763
