75
6859 6780 4400629
3406 468 1587781
4527 7239 927607
4665 8004 2352470
4865 5848 1616248
1705 4664 493811
1993 1592 1298169
4383 8594 378187
4469 5840 776032
8797 3126 3736879
9206 7993 212143
3555 9037 156729
2576 5411 506994
4671 437 2616004
1857 6655 322563
4204 5375 707970
966 5703 1044330
2200 60 2521340
9383 2334 1537257
8933 2267 3043278
1901 9431 741179
207 4272 689725
7079 1723 231966
9133 1904 126997
516 4920 80118
8809 302 356397
8674 714 331263
9918 5789 338707
4463 9752 750426
7977 3270 400389
1815 1080 50494
8519 5411 476925
8336 4959 1727737
7588 3259 1505349
4499 2775 535513
1165 1141 807008
7663 6287 1078952
9917 3051 1360346
2610 5541 423190
0 162 1087814
8069 7255 454455
3800 7868 888338
4195 3791 155453
9391 9395 2530199
6915 1828 286689
9059 1543 765898
9414 5089 929613
4849 8013 288041
1386 5025 5102187
8806 1603 563261
4184 7979 179027
1385 1339 2238599
8925 8360 260876
3919 9077 1937502
6650 690 1890828
9772 1719 1164818
7299 4393 2257730
8536 511 781001
2997 5325 1057206
3004 6829 396349
5201 372 7564523
6476 7468 1870381
2593 2034 85963
164 7317 327817
575 3869 1076757
8752 6384 1599365
1869 9550 1307928
4216 6510 3603869
4208 4166 97707
1524 3721 3923898
386 4713 1931846
7933 2577 1791687
4994 5173 2894397
6137 204 804362
6426 2068 3654514
