130
3614 9400 4072421
8787 1276 301618
8802 6673 1727988
789 4894 351009
9058 4560 1690014
6772 4915 1730636
6924 5345 641046
397 6580 3533614
9925 7925 585606
8236 1292 63271
7169 480 1501508
3875 4799 837478
9072 2162 151867
6104 730 1953458
7867 7579 556702
2318 1255 391017
4721 6622 1155199
9147 588 429537
5192 7810 141902
9785 4483 1425225
4711 3035 521698
1154 3224 1476222
2388 461 121632
6404 5469 959442
3499 7860 1687340
5936 5421 12701
5190 1618 800118
7477 2411 1275067
8058 5906 143160
3388 178 721716
6886 9931 353604
7528 6878 229381
9061 5534 327215
2560 1631 1440053
1170 5294 605047
9306 6670 84368
7556 1754 48202
1918 8861 1095459
846 7485 264690
7987 7459 88217
62 6828 472923
5749 2849 2655746
337 8559 5784449
2618 8383 446813
8177 125 1178044
8373 3632 1438362
4325 7833 344725
5324 1128 110095
5002 704 139790
7135 8716 54584
9269 8606 2025857
4113 5094 193767
3546 4929 185885
745 1172 586887
2741 6062 1388427
720 9658 670804
2115 7863 3485284
7677 2147 1424480
6515 5691 1198471
8628 1733 1830420
8294 9636 467490
2734 8657 71804
7497 8050 268711
4144 4128 1188872
3523 4935 893912
4498 9285 118784
2640 8567 1182931
1263 9895 47961
1965 1614 183589
1155 3244 443457
8034 4965 478716
7122 8480 1931379
9728 4470 33210
7060 261 153326
1508 8508 387906
960 8678 159634
284 1054 1677989
3911 9600 179111
1014 8655 266006
5722 5476 161360
2506 7824 232490
2744 9981 860589
8955 7562 1103301
8673 1817 1365589
164 1543 95010
6206 1215 949414
492 3668 343536
7898 6063 83758
7860 3852 525642
978 2924 169388
7944 1435 140033
7532 7829 33862
8323 884 510841
664 4550 707381
6057 797 197910
3350 2844 1015538
4761 9442 1783560
8064 8832 583792
3853 1029 124357
3853 6460 165123
5208 9510 273029
6820 2558 508358
7336 2116 509004
878 5853 342970
4644 5996 185975
477 7018 1516125
1952 8771 116671
7107 518 1683436
6313 7035 1196681
2132 7623 216532
1645 6538 44755
5874 1789 1221619
4726 1911 87974
4413 1394 1189820
5922 8168 16173
6130 1636 302809
3059 81 56470
3765 8507 1485591
5119 5164 33218
5909 1469 312745
9912 39 1104509
6416 6614 8023
4039 7012 863645
5806 4901 308895
6804 3532 543169
3360 5081 78355
460 7949 1173486
4325 7270 1239972
7292 7885 928488
7862 6522 51980
