57
2116 4978 4332512
4109 4463 24198
6621 7833 3502961
7020 3574 1450543
1067 5108 1365761
9044 8214 64580
1672 8247 5838615
3214 1048 528914
2852 6714 1634271
9209 9114 81649
2399 6413 4630147
7187 6270 185363
9453 5729 647023
8120 3410 150995
358 98 2491941
6354 591 1599194
7800 9604 83351
2007 4818 1634707
8005 2114 18932054
6212 2077 2553940
2676 2649 187731
6681 4275 437590
3476 9296 2942437
3182 996 210385
9896 7855 1573155
183 6060 156500
8016 9009 816137
1410 7978 2928120
8008 2302 2292667
6907 1559 949202
1326 1824 1096321
4445 2492 2616855
1060 6300 198012
4622 2970 958659
7651 8197 720644
6516 4133 1134463
9263 6815 1864723
3470 2976 410220
230 2804 982239
9127 1922 994305
8716 647 1308527
6537 9404 132612
278 2782 1314751
4730 7249 2967278
1783 4922 377023
4824 2849 2180427
5158 3524 1154111
5371 6536 4439186
4665 2831 508469
8338 7007 2869687
2386 968 1058640
7840 9871 1174535
8004 8203 992757
8469 1229 635354
974 5066 738063
9812 3405 675336
7310 9917 2270160
