120
9573 4941 732872
5604 3804 619071
6782 8253 277546
1696 560 351222
5523 5990 465986
6484 8706 979956
1007 2761 453221
6694 8055 329769
5991 6431 504088
7163 1042 1145393
1133 7277 1217489
9710 2965 2164921
8902 3512 153853
4331 8220 407843
8032 5080 296677
5946 3126 646910
1173 662 253577
8431 329 102828
6053 621 116325
1316 569 1091261
2044 8910 617393
9888 6381 3021631
4248 406 50732
7173 8379 367352
9653 9504 248599
523 1569 492434
4476 383 396216
7525 4119 83710
518 4708 1090480
4586 2491 1739854
5372 4980 396553
4721 6896 1835212
6407 174 397018
8968 6399 44312
6436 8718 597439
5679 9724 3147744
5938 1645 475591
1845 6041 195100
4123 4969 106346
7665 513 281057
5417 2309 549339
2769 488 365247
7488 9321 535474
3175 8080 327248
8006 3865 355085
9416 799 50390
9636 1775 284413
8374 5141 254263
2944 7765 1203038
1893 8590 1684777
4729 7174 1213676
3534 2285 399581
3768 4665 52533
9758 9546 156370
3196 7829 104598
1846 2711 381122
8632 6572 211476
618 1116 709922
6842 5301 474801
4762 6937 266330
2898 1827 3596699
6436 3111 2113619
4715 7402 3100724
7896 4392 1737046
420 1193 1414231
557 9611 362512
7262 4234 2573670
8977 7978 548354
72 7184 246440
8666 4041 57795
1558 3287 1065706
9127 4168 441381
9042 7944 351531
4414 4581 387069
4536 1604 146490
9849 2486 2745559
2394 2279 136502
3469 2538 1119886
7726 3244 1727
3501 3434 383502
1534 5930 288194
5307 1120 2941384
7170 3588 307298
1930 1915 763369
6951 1341 462266
4061 9997 1017515
1595 205 229161
7051 7439 1014498
3341 1982 232932
9442 375 1867587
2840 4704 1850921
3109 5492 1395224
6377 6245 165078
1731 550 188483
9913 325 533261
688 6972 74244
7234 7401 2167754
6406 8209 786623
6022 5970 1324965
8831 5907 966350
3749 9213 1355760
1553 4521 160743
8271 5949 866505
4976 206 3748535
9130 1444 1472989
5471 1967 1415114
2742 8281 25858
4935 8369 42360
2827 1613 3145915
3638 4998 480914
1887 7957 12258
7010 4468 940248
7377 3326 779364
2527 6660 1656427
8182 571 983552
3699 1134 1563645
7203 7687 1770728
1439 9215 57907
6169 4228 683333
1292 5502 255031
