105
3496 7432 973703
9999 277 196571
9037 9425 1501233
1618 5469 981004
7973 1769 770740
6494 771 281766
322 3297 1152253
4776 2587 1146450
3218 2265 281081
225 3470 543453
2716 6177 1763742
5871 722 979692
6424 132 1871421
6692 992 50834
4 6509 130648
4415 7860 596522
1297 1422 308883
2158 1729 2893422
1202 7860 7783
3377 2840 1199568
4124 6302 1458970
8350 5677 402810
3384 8397 2178140
2080 7969 1611788
5556 5 220106
3366 179 157743
9710 8188 747594
8689 8032 838372
4704 8835 593949
2694 8827 847199
1371 1687 678423
9401 646 1096670
3964 7675 10055
826 702 459627
642 3845 2174951
7176 3293 925902
7849 3442 869439
2772 2119 39383
4802 8246 277612
9891 5629 962012
9332 2988 478605
8274 1280 1004368
6784 1278 1993359
4079 8524 717802
2423 6373 491910
447 1609 3231020
3257 4790 1015407
249 7663 463006
306 9185 1613384
7608 623 4154628
6905 2918 894241
6965 6012 517114
9849 9661 23712
8343 5790 193576
2636 4626 2006635
2328 4413 227594
961 5740 748675
9910 3999 579660
2423 3006 750639
1400 3112 206572
7004 3224 474463
2373 6191 1311131
8969 5502 242250
2112 1750 620276
1237 359 245823
5504 3729 87137
7723 8714 2870298
8401 2923 882950
1359 526 737285
1578 9071 309945
263 8642 114278
2043 7584 2846
7920 4950 367612
7685 6492 2059787
6634 9742 415625
2399 568 2504576
989 2291 2307552
5292 1108 1465791
1624 9946 2568151
7233 9126 99703
9248 1910 602274
9654 5070 1199202
5724 1247 58734
8221 1764 457472
6212 2660 2315148
9637 659 479315
2466 7834 792317
1174 206 1623457
7774 9850 538042
2424 1778 1199704
4953 1276 1857564
1622 6573 399928
6010 4023 1982385
2434 8788 166662
6732 6321 1609678
1410 9981 172668
9674 2488 1867830
8245 7703 1254935
2309 7375 640432
457 1201 1222632
6129 7290 98897
6342 3654 496914
5900 4070 1334479
7276 6278 1157921
4715 8371 1290510
