150
736 2771 532602
579 5604 140499
6907 1378 775558
1952 7211 371790
7758 8271 90685
4531 2739 1904276
9403 582 632238
3259 4102 623552
9083 8282 786086
4092 5601 2211516
5305 5319 234094
8984 5953 141982
7915 3140 212120
4593 2803 323614
8180 4146 620313
1530 8942 182395
6014 7860 1560956
5559 1327 9590
4695 5117 1033882
4230 353 374070
436 8648 1245396
3098 554 1335539
429 6768 304741
3347 5219 936072
2532 9548 414150
3679 5029 365769
5653 910 305510
7192 704 435930
4862 2673 112880
9470 8979 1016921
6436 2567 310698
245 1548 985237
9243 4979 111401
8542 7829 671923
5053 9501 282952
6628 9784 253625
3757 2648 938166
9028 8408 553213
9614 618 64090
2833 8195 1190474
2650 6579 822185
9200 4491 135895
417 8982 453790
8831 8187 256008
2535 8400 1123458
5247 8025 1112546
7957 1809 382847
3313 9382 780833
4107 2662 673873
9886 7641 478473
2373 8635 228343
7530 8012 1552969
3899 9938 345760
9762 6151 1460698
2610 2756 311614
2350 5445 436963
3177 38 76833
6028 5754 1780604
8868 6769 295061
9971 3471 1253491
4322 3207 225236
7577 2059 118441
2020 640 1643515
6397 6207 526174
216 7897 410902
5790 9342 456613
4691 3457 675843
1783 2213 1555480
5720 3540 183149
7799 3272 1604
7577 4146 335104
1823 1738 743223
3893 2204 464080
7496 2769 772133
9624 4308 624872
2982 4514 55535
2564 8912 260341
9273 123 131747
4571 889 894919
7762 8143 1921811
1104 1710 551657
3973 3402 36359
2613 1427 444857
8064 3842 797494
7411 2485 79969
2049 6588 134556
1843 1272 1434339
7864 788 493911
5084 8803 151663
7954 6415 2968518
8174 6460 1062353
2521 2188 150171
8718 6203 57876
8455 7702 144892
3018 7583 1011077
7933 3752 416465
7071 5755 855166
8167 4703 1767034
1682 8483 332667
6409 5352 240404
8224 297 596041
1975 5779 492033
8983 4474 92333
4646 8189 429396
9073 1844 729809
7431 8516 1109243
5291 1728 59452
585 2649 394782
1048 2732 1741128
4697 5601 2518517
9384 8494 561603
817 8107 844728
4416 8790 498987
7895 8928 1434910
6435 8363 1327673
227 7031 1176683
3857 2637 207247
6283 5116 51061
8481 2102 127806
7824 1459 225721
4975 6803 1784156
6260 3932 709028
8491 8290 901073
342 1819 775943
765 2394 983218
9738 2382 700917
8296 7970 294478
9813 2584 648983
8873 3717 537130
9772 21 2033583
2335 959 354567
7933 6264 187570
6792 5778 1508643
8561 9427 2154684
7554 6451 1480680
3792 5613 1409120
7903 941 20950
8167 1419 89174
2716 6071 122240
5909 9796 112476
7435 3271 505986
9975 1436 612100
8525 1409 681513
2096 4788 86783
6408 3750 264075
3006 6825 689913
2863 9014 90817
4410 6224 721461
3566 8303 1112975
8319 1309 115712
