144
2708 3023 576858
1206 6656 363880
1780 8764 2911461
5366 2805 539360
1465 6541 284486
2607 2398 1842179
6959 7720 968
9770 9997 289036
9705 9431 366275
3314 3453 21938
7203 244 884720
2828 7466 241995
4591 2188 149340
1241 8525 1116479
8077 5510 507082
1204 5162 3325658
8301 828 1811140
2547 5054 117082
3595 7313 1318301
9029 7922 119342
2849 8871 497910
4779 7444 284370
4981 6388 718917
7461 2581 95744
1623 7154 166087
5319 9340 77840
6923 8761 1019804
9522 9245 1639399
3876 7083 91243
5014 3143 289434
3083 3671 2174075
4216 5707 996177
5432 276 604996
3570 5763 2222216
5206 650 1561507
6373 5492 375308
3365 7642 145119
1897 5962 69569
2915 7388 806890
5350 4081 1161102
3959 3452 375648
7879 1468 191670
9642 6836 476027
3598 3658 401579
5670 5378 1797633
7471 7928 457850
4526 8112 258903
4784 4424 481071
7310 7300 1932323
5782 7584 1071096
6920 123 55840
2889 3251 262980
7726 3121 2301231
4709 5716 925890
3791 8388 151759
116 2091 357841
1829 1079 1524952
6681 3662 191524
7134 1222 151948
7178 6428 496246
5307 893 329394
3838 1684 240689
4430 1816 1797888
2869 2034 1023502
6484 4876 654039
1769 9285 1092901
4802 8466 607344
684 1341 252372
9381 4701 2408305
3137 3622 248073
4178 8128 332971
7090 7791 40905
534 9562 1062233
5691 5902 665158
8533 8325 4179269
8482 6237 498225
6206 1139 314619
2782 4989 20951
1184 3797 59006
6635 3047 205255
8507 9019 1021507
101 6956 1269454
1004 3047 411882
1970 3791 146660
2635 7693 2376711
8765 4960 186829
44 48 517516
2119 2550 21618
57 1460 1578072
4664 7033 520510
9435 5276 122661
840 2919 1302027
754 382 819351
3950 7435 327437
4587 3304 48507
188 878 321600
1113 5600 170198
9366 7572 712869
1790 659 61063
5330 124 56016
3034 3679 134339
8689 6613 1785361
6772 2196 263981
9917 2069 121547
4365 5150 668798
3094 2585 1530805
6354 6598 225104
9507 1904 3191508
3351 4567 70225
9469 8914 296278
7635 7953 315071
831 1234 720454
8147 7425 703482
6638 1824 1025554
4180 2597 452052
481 2816 661182
6127 173 381225
7597 9871 179389
4559 6825 692275
2867 1551 295097
6222 2956 25097
1482 2659 653079
908 1388 8693
8050 9040 464373
202 7659 31451
1362 6677 1403805
8369 8932 572558
4886 9428 67187
7611 5749 726546
174 2016 235656
9541 4679 183424
3417 2257 654295
602 4999 441064
908 5264 461161
3760 4278 1617799
3645 3130 115240
7121 9816 1071325
2283 205 1053917
320 2416 353813
8392 3351 180646
7028 3020 435932
5795 5074 1667831
9791 2855 112001
3851 7404 74495
