124
3795 8935 270898
9687 9633 222603
1136 9295 364624
9087 8797 249993
6233 2767 567883
3040 6816 73023
66 6030 792752
7888 2149 164743
5792 2206 855896
7864 1284 3654878
1558 719 3039706
1602 5262 4911992
6153 1797 3427093
9218 2081 2437711
5942 7988 1058955
2252 6168 475931
5676 206 369129
3755 263 2412577
8724 703 64006
7750 351 229308
8478 1333 354832
3647 8438 1537005
8620 1739 667421
8011 6665 179149
2869 274 223348
7518 8838 354264
9884 6933 1006826
6264 8688 1195135
3538 5528 678041
2109 9918 509730
7822 7952 202439
8204 9821 356950
9022 4205 1130978
3745 2530 2902885
3479 9960 90085
7581 8653 514710
6728 1128 1533459
8342 3300 66290
9412 7480 320299
8535 3010 1112030
3822 7546 2271864
473 8430 205500
7982 5325 1048975
2719 8492 62575
8317 9555 441431
150 8868 380601
4327 6129 415945
293 2656 268825
2122 3344 38162
2911 3040 719434
2454 1611 555975
3993 1580 979736
168 6037 833524
3766 4947 1263843
2320 8233 792388
6808 5984 922243
2851 1833 721796
2560 5785 36932
2334 9714 612302
1731 9797 753691
6665 8093 1166052
7945 3494 72748
6964 8207 1356249
1739 7404 1159186
91 1486 350296
3836 3989 111185
8626 8689 947883
8122 215 515894
8448 6229 303113
9036 649 118001
1902 708 1413980
4515 1023 783296
1006 6754 427906
9112 5927 359034
482 1679 957102
9610 3083 1496599
2762 4609 4517
8453 6385 132997
1410 9411 1616738
3393 6547 729493
4816 7639 1021106
235 1806 1892666
4798 6620 356053
2312 927 350865
5721 2523 976758
2036 4606 633186
8185 9307 280310
7622 965 415717
4045 6273 2054550
5817 7764 174093
8327 7786 149594
2273 8792 1461374
6316 4433 457049
2495 2769 192021
734 7131 163548
5236 2872 1881357
4734 8702 1344983
8617 6718 1413347
867 3885 1758929
6186 9913 1099898
6458 7650 259662
2227 5766 151959
3307 9897 281588
7234 1699 568489
5392 7446 464633
5197 4909 40608
2467 9172 269940
9318 7695 132056
7427 4236 58897
8547 5703 1036420
1318 4426 403842
9116 3472 411411
7969 9785 150490
8786 9782 2194796
221 8458 1271458
2884 9413 37557
1116 3343 408260
3185 8339 1003283
1990 5081 48105
8678 2749 652847
8879 5636 1617762
306 6793 920053
1451 3861 1056566
7941 4220 554326
