91
3650 6141 120056
6320 9182 3838633
8551 4783 694727
7106 8904 486564
1898 6101 293131
7944 6950 167570
7194 3589 492802
1019 3643 1008186
7405 3807 292629
389 6502 451824
5134 4195 944208
5787 1558 5920
5907 4608 2036230
817 9468 424
2891 9710 1214077
910 8251 1278635
5285 2644 265506
1108 10 687192
9757 2298 1984350
9361 2046 1957951
2663 4087 474060
1043 1681 22736
9325 2016 475077
9017 9203 227598
1824 8819 2774743
5736 5337 1726610
3100 163 160653
9135 5 1074994
4543 2636 521620
1310 3374 982070
2318 232 2048335
6070 6064 4492969
1059 5762 1719688
2561 995 875146
6514 1272 2567418
5414 7069 52504
44 438 258100
2441 1840 1001919
2421 1899 188120
2361 6080 192758
6430 4421 1400626
5940 4880 311653
3569 3514 1114782
8435 1318 3986077
4714 5947 2018604
3577 2826 456433
8276 9739 838302
9078 5934 202938
8560 6695 2730090
783 4941 925929
1815 8730 145477
1420 5800 73293
8512 5142 4026942
2783 1869 264032
1831 9422 662392
377 4081 961146
6188 8595 403247
645 3849 2023341
5019 9190 2383737
5169 1261 2209326
6381 9728 1001119
3455 8150 1126362
3821 3439 6101
4918 4364 1742480
2579 5223 846473
6203 3630 110618
7864 3303 53242
5632 1076 1234583
3810 6635 485780
1255 1303 1274679
8182 9597 1167056
3029 8380 597863
3050 3877 2681988
4888 8853 3644003
6119 3912 3369632
429 2272 204508
3657 6361 79148
960 1037 555246
2966 7279 1995759
4711 2944 168622
4118 5490 2541201
4664 7540 1527608
9575 1336 306861
333 9772 856489
1822 7599 910338
5479 9322 125175
2552 3930 269016
2355 7629 77714
2151 5369 21092
6086 8994 2446272
6097 995 1376872
