84
69 1339 616416
2423 9490 871556
8881 9121 690181
7340 9904 729869
7183 9422 1030593
475 4246 2650865
5083 2610 3782118
5930 736 555216
3529 1727 319335
5679 7596 3865395
298 2645 1807134
7560 9436 3115395
5244 3769 216744
9285 1407 1051769
5253 8842 135134
1802 2455 77001
7590 5568 329874
274 8951 1611158
4253 1789 5418244
942 9688 2625563
8175 9021 558367
5891 4389 1465937
6714 1556 2619640
9548 6770 2102059
8677 2090 3284539
3441 5941 537897
4874 5846 100003
6254 2642 1598481
8030 9483 2120791
5720 6215 499326
559 5142 1023075
1817 4554 1892446
8899 3883 57417
3148 3692 3332957
1994 6210 4413732
9172 8048 71731
7338 6338 1316054
3873 2731 273667
8872 2997 220514
660 4274 816032
2809 9258 346154
4462 7689 573359
1044 3291 1513365
7528 8629 428798
6181 9114 1745750
4886 456 743400
2845 2552 1201600
5952 8056 3651144
9085 5738 3625195
3374 4239 1162981
9350 471 830063
2797 67 293359
8181 2892 588331
4560 356 93898
4636 5829 1554518
9854 8079 1512726
8137 8347 432993
5316 8850 288982
1208 5678 1983719
9803 4774 672014
3200 9994 593260
9793 7606 424844
5886 4959 524426
3702 3986 2452512
4910 5904 732162
1545 2285 101291
676 2454 230837
2896 3948 1865069
1863 5687 933375
4842 4153 621324
169 9414 3965
7864 9205 178030
5104 5787 400403
9493 3073 1560714
3344 9324 475946
5679 1790 558765
5896 5031 648619
2585 6329 195047
7518 8886 447852
3533 8951 308127
8167 5367 219461
2253 6132 1163791
559 9313 1022049
3006 2099 1291557
