176
3733 2056 416886
5902 4093 115670
8742 3728 1125225
6659 4657 1171303
931 7805 62667
7820 4789 652228
1974 6486 345858
7228 4648 64859
6311 6630 350188
1780 3627 1010132
7773 1536 858669
6674 9684 53192
6584 5813 383197
4475 3172 60774
1552 766 596145
5872 4643 332054
6710 6161 145491
1806 9988 69454
6767 329 44480
3719 4856 330386
1198 174 518088
4073 533 48496
5751 8086 934038
1608 8756 114772
8546 4155 153062
7091 1126 752384
2674 6876 9522
5929 334 963059
8791 9701 570261
2550 2194 2262570
4781 8366 2135736
5424 5995 256328
6364 8173 75229
9654 5257 1456583
1474 4549 544906
5425 7487 144421
3999 4004 653451
6741 7519 134627
6391 947 370757
7505 5690 202456
6804 1082 87874
1600 2900 410182
7726 7535 164598
6162 6864 457888
6687 2237 443726
8111 5768 224155
4719 636 380320
2496 1597 73449
6632 6871 204482
2097 2363 283064
8660 5269 129191
7706 9427 661141
3820 2822 305001
8571 7725 123929
172 4630 28602
8608 5496 747976
9320 5561 497559
6944 2547 35877
3816 3973 192601
2515 7616 252414
5727 9617 317759
4187 9023 1936473
6978 1890 370782
208 6331 2006493
5283 28 1453562
1693 9208 898697
1461 6461 17568
8971 340 1173966
2418 4973 2194522
6806 4711 541
6556 6881 673340
3487 8895 687093
4269 9132 328234
4646 8639 486460
7925 4556 122620
8037 4071 523600
3309 3586 505150
8579 911 113412
9380 5275 1806936
4239 3211 557468
6766 1094 258985
4341 1980 1222792
4303 8706 25739
911 2585 240283
8998 1330 658884
4902 2198 461697
9828 8974 393897
9732 7419 917701
7961 8085 739290
8519 1576 2104980
3310 6479 134780
6815 9204 312340
7795 7502 461438
6653 7642 128848
1765 4004 798125
7742 9454 47385
8699 8107 3214
1658 4964 719842
1748 4310 1663684
1313 8946 156429
8648 3086 813988
4532 2242 196325
2429 5297 171458
1065 7908 287142
3048 1442 435629
8319 5704 405617
7885 6037 1031218
4948 7381 593718
3970 3221 1523650
1087 1897 868436
3149 3827 150158
2778 3111 283750
4569 4454 23563
9545 3171 214251
9599 6303 636973
3 6732 322511
8561 5057 152237
3916 8225 474015
4664 8546 49962
8328 4102 253140
7788 4435 386453
7804 6116 920290
5932 1833 148007
1368 875 204114
1522 7901 233814
7903 687 346230
3235 8052 677801
5313 3983 545999
9335 8183 970443
9840 8674 158408
7185 5296 552424
9007 73 329520
8011 6880 214032
6249 2954 1036206
7755 6410 802312
4116 3269 1274394
8803 205 802846
876 5868 372644
9204 3008 991662
4970 691 88038
9692 1867 321180
4803 4717 2356094
3685 6398 7069
8422 2791 2262841
5268 4242 1371711
428 8604 170527
4049 2620 948817
4545 3068 45801
8203 6094 66486
9818 4835 373922
8791 7841 916643
8111 9558 1693985
7036 1105 533934
3265 3878 349641
7767 9375 670792
3396 3550 297837
4274 7559 12940
44 7123 2570096
6445 7058 877509
3388 820 435464
6097 8268 474073
7122 8895 500764
1242 5323 220392
7988 3833 276922
3653 4541 701531
9352 7504 842091
5451 4298 13750
2949 7160 1460108
4017 2885 1452762
6824 5613 197161
7023 8072 699594
3434 9621 138894
626 8079 103921
7361 7228 672863
3935 7676 903363
9985 3278 1296502
