160
9742 974 517070
50 3571 45344
6970 6436 877896
8266 4952 414903
3086 9274 361679
8987 4603 387254
4075 6334 430620
8439 2887 445822
5418 7655 567669
2085 9727 1905611
3230 8229 1155651
8207 8397 411442
471 3360 524132
974 939 337717
70 100 1095609
185 8905 1231084
6705 6124 590519
7432 8140 215578
2831 6308 721037
1663 2461 1179565
4183 5316 1340263
9030 9509 868832
7584 7260 924295
2490 8360 883135
268 5408 75441
1023 6459 425728
2510 5945 1243661
2002 7948 526331
5641 6458 221213
7620 4172 56280
4646 5634 372171
875 5657 430492
2274 6967 171410
6650 2695 352868
3465 9076 98673
9746 3024 1478303
881 3162 368535
4667 4831 772395
3238 255 101747
5861 4050 3609152
861 5781 424574
1483 9000 545738
8224 8900 87508
5198 1050 1056711
1182 3488 751801
7855 4653 163704
9005 2898 107857
7453 7019 744072
7249 8986 852621
7125 6002 399337
8444 3764 31926
8936 203 598197
4629 2194 31942
9633 7114 259242
331 5714 731965
4547 626 871117
428 3466 1652516
3244 2406 225636
7 7996 160002
1789 7712 548543
9934 3198 698749
9599 9126 1351965
5348 3655 971113
4905 2425 422526
2484 2604 251055
991 206 332611
8125 8708 1151418
6255 103 163342
4959 7875 374676
3084 1850 581483
4953 6878 447296
6921 2076 1463405
4299 2298 751679
8618 6341 550064
5068 2674 711887
5887 1272 781047
7806 7163 135633
4075 6012 1204531
7454 5458 3008943
8059 233 440424
7007 6729 403791
6040 7422 220456
7864 63 47715
5500 7198 509561
4013 2941 3030
9125 5694 578697
834 4375 1159013
5634 2089 506405
8225 8854 1957129
2773 6247 1257908
2140 4407 1767478
8896 5988 132542
4049 73 378040
3148 792 895968
8627 5860 1422884
2179 7822 262673
8682 9814 1706689
6375 8898 94409
1813 8293 498095
2169 2071 85443
4106 8656 826641
710 6824 259121
3137 2292 579177
9573 4754 392979
894 6100 209052
5661 5361 130606
2623 917 564123
8073 9896 309362
706 4000 28285
8263 5396 24107
9507 477 585239
3518 4304 2103247
79 331 340672
5148 3812 103260
2929 9875 44934
3872 9560 589179
2216 4238 680874
6500 6101 153867
7141 2076 189766
6170 4685 502176
8174 151 161023
1455 4943 422226
5359 6857 1041299
7735 2220 279589
3845 7211 1001467
6403 4222 226473
4272 956 651996
7844 8889 434739
257 1804 393768
8589 3619 144466
9538 5750 1037
6934 362 333298
3654 7912 384268
7124 2427 358416
9139 8916 1002629
4347 7500 617058
2140 7878 8972
1101 7247 770687
220 7980 566146
5502 3782 724656
1482 6709 189393
6287 383 862970
9219 8126 127822
4215 5874 636639
2812 224 356214
5609 8497 1993871
8121 1327 1398790
3042 8627 415066
2123 5127 381013
3194 9818 1902836
1482 8582 983564
2832 1559 301223
5896 1932 98644
6596 3310 22955
3431 9886 234026
1536 4692 410541
8797 6863 363538
2514 1337 1681219
5592 8184 1809999
6091 764 24888
