56
9643 5551 1402079
2722 3516 1362099
5323 182 5089777
7984 3039 621265
1990 9223 709953
9915 8466 1342624
70 4864 3635890
4905 3360 156148
950 1397 884762
6565 3100 1814729
4439 2535 3995015
8355 651 2343777
8923 3091 215341
1947 1443 1107901
3358 1817 101370
3034 6102 5461942
2888 3327 2407514
8935 4728 94540
5380 9266 298503
6097 3907 2624379
5761 7838 2753550
7923 2371 2186127
7050 6276 209043
4144 5154 665871
4151 6857 373081
1460 5477 1786794
4648 5608 188855
2029 7496 775553
5241 5605 1263543
838 2222 80288
1782 2836 279945
2828 3691 1364275
2444 1059 15906
2282 8338 7887374
886 3935 3153540
2067 9755 1060399
6914 9931 1263532
3422 5840 287338
4553 3489 2910278
3936 3084 5136781
158 2365 6434764
5532 3485 3961244
6979 1609 684133
7713 8418 615257
3036 8428 1409676
3276 3974 627157
4954 6244 90051
3986 8170 3093
1858 9842 203743
8791 6915 558732
868 552 1707137
6751 3663 583255
1174 4736 5097611
3493 3530 2154913
8841 7037 500689
6842 8455 6056864
