53
1657 6706 140303
8259 6765 1522022
1824 1656 2716797
5524 835 5104669
7487 4941 1060951
6084 8990 8740965
6075 6473 1228625
2407 7400 1469902
3975 9756 427457
4976 8824 1624214
1925 5679 1033460
2902 1013 1739490
9288 9272 1464874
7391 9794 2168805
4175 6019 5287130
2667 157 5664794
3626 6983 1599723
8753 633 2299233
574 3377 98324
4385 6948 2110788
6932 6841 1080728
9908 1111 296138
8732 5311 699768
4872 7292 3294178
4639 9367 987600
9539 531 860275
5844 6113 891635
9029 9679 27438
9447 8397 3465408
7157 9511 72682
4543 2432 2854812
64 9141 252330
6096 9564 3290703
5879 4300 1021342
8928 9642 2425312
6663 3347 5619
927 701 1054389
3743 540 5129169
4128 8001 3303667
5005 5705 2055811
9545 500 1780399
5353 9486 5279594
6021 3869 347555
7900 5082 1063347
5702 5977 613318
2119 6191 142418
1378 7379 2150297
3602 4163 1404760
4060 2736 3522581
1960 5133 169757
9879 2488 1995215
9308 2051 374475
2266 6295 584754
