118
3187 3668 351304
4460 2262 2028675
479 1055 238688
8941 6001 795022
8465 9117 164494
8316 9881 35418
9561 50 637055
7148 3631 263028
7890 3517 950693
6524 1737 1055709
5344 8324 790638
8801 4833 379964
2694 6348 339240
5316 8869 178584
7053 4169 1345443
7857 8335 158458
9833 6305 1290745
48 8087 2172896
5365 7827 761567
4108 3782 391600
7394 5157 644340
9226 4087 362781
9046 1030 477147
3705 9249 1103468
6958 4923 572937
7831 9380 1874126
7366 234 2030512
8743 8718 947517
9448 6939 383135
9936 4755 589706
5051 3969 728840
7833 9539 410127
7638 4214 125627
6601 3444 273717
529 1038 238874
5289 1155 1879714
9585 2457 736778
8985 6537 197264
4137 5795 327847
8150 7015 1317683
2891 3443 147682
119 2992 333252
8409 7115 344742
8880 63 354261
8004 4638 757950
2077 3717 536379
4201 8934 3277311
346 5801 1295478
7186 7932 493745
175 4299 375019
6550 5152 242758
2226 6694 1524061
1644 1693 1082677
4646 6343 98044
5823 5917 301951
5742 515 2028813
8943 9594 495270
7674 6981 41796
3775 8543 2957293
1417 5635 705893
5095 4639 157062
2151 5396 1398758
3205 8997 2942770
4066 6233 6377
2448 3885 253954
4375 1329 62764
4416 8404 1410084
1333 2681 405352
1648 7152 3532339
8317 8734 1135583
2875 1291 528034
6092 9808 973980
7033 7275 51047
5405 636 1790524
6509 3420 598540
7305 9474 275416
323 3298 932986
2450 5169 1938847
7586 8163 1477026
5459 4456 1051925
7969 9477 613295
2815 6804 1059497
8030 3927 706523
3290 7755 1212027
3001 4609 529033
7186 2478 919882
8546 3776 355346
779 3935 124766
8985 2887 525262
923 4497 359327
2942 9817 1559459
9358 7868 989663
372 175 3595247
9305 7727 265335
2563 4468 680362
1630 8346 810291
2539 5147 97383
6835 4187 77476
5311 5087 15804
1063 8099 891020
3486 7920 877006
8662 4668 63479
4487 3053 1589255
4286 6198 1673601
595 4361 1507632
1733 1229 779487
1037 6258 875524
6357 3212 1857838
7375 6675 266840
6601 1503 3120058
5761 4962 549026
1098 4365 849561
3420 1723 473653
676 8610 602761
6046 6703 320416
7779 515 147851
1460 5764 1090693
228 9974 99217
