55
5311 1622 9490834
565 1564 51899
2822 3353 1081513
9708 1004 242909
8933 5532 860657
9195 3115 525416
4297 3554 205142
8569 2961 7342772
5470 2093 677626
7249 6720 4062442
846 6012 636521
871 1840 676394
2262 7390 4265
5852 2683 646292
9866 3990 106256
2859 617 4595494
8545 4339 242494
3398 4518 404685
4630 6939 1827096
9750 8054 367136
1248 2028 2409996
5565 1163 4204952
9005 9487 2134951
3597 8506 543906
2747 9829 1448912
9878 6393 881354
7833 75 3043855
1216 492 5262945
5172 8379 1763769
9946 210 3125478
9216 2266 2465313
5969 5476 1602618
8336 3097 1396651
288 5575 1875396
7506 8059 2790478
6234 5123 3056351
4031 1326 125746
6085 6712 1729198
1324 1931 2427494
3084 1275 715434
5391 7567 1011099
8016 7569 21941
8669 9950 1015549
3590 114 1090975
8141 9189 2436346
2965 8411 948633
6406 8079 4860287
6586 6974 155421
6465 1188 187553
6203 5593 5607049
9664 5269 1494728
6108 3265 1413963
378 9119 704702
1983 3482 1397139
454 6049 601975
