176
8606 9405 990715
8026 797 266791
5100 2364 93573
8707 7335 658334
796 9384 896426
1059 2626 287641
2359 6340 218713
2448 3068 371887
1426 9985 953393
3272 9927 331733
2643 6501 1080768
6403 8038 879332
2390 889 316710
1773 8309 527451
7920 7080 1433821
8491 6175 908919
9064 6685 574012
362 4566 294281
5079 6236 628861
5724 6671 1145688
2252 7766 113047
479 3420 415101
6164 50 837162
421 5895 87916
7075 9745 573681
2010 9669 349558
1103 1878 380804
5985 2495 285363
1871 3438 779099
4776 561 506822
8682 7502 337152
2807 570 118453
6368 3312 3697003
583 3530 406768
4009 8937 3512976
9587 4939 441907
6632 3298 224252
7784 3241 800818
1700 4879 510840
4572 9630 772810
2956 4824 221128
3325 8227 196362
1115 6564 7298
7640 6499 3514783
4977 2327 945190
8627 8090 239962
826 1633 1237672
6100 5252 162641
8771 1558 152545
6187 5735 711243
9508 1726 477962
50 4172 515311
2653 6946 281672
4886 2699 11830
398 6486 1348
4181 8347 241171
6195 7302 108670
206 303 64729
7987 9715 925732
5417 8405 166112
3752 8395 183242
8912 6145 931909
5666 3928 158347
7519 2924 101555
3659 8221 69460
4264 4339 1072520
5623 3650 356521
8287 6166 192065
1996 1983 371946
2629 2675 773251
4791 6620 550176
4633 6990 411304
1592 8480 67531
2347 3290 327649
3918 9985 325723
8109 2478 904258
7498 7287 163273
3612 6085 848544
2078 7333 1081253
9493 4171 96998
5641 3036 96023
5134 6628 1052089
2919 2092 2371083
9988 1593 381783
3395 6941 554109
9879 4390 4342
8398 1491 516560
5186 7486 18862
3379 9643 274751
2780 5465 607765
563 9186 1292247
3258 774 113534
501 1458 398633
4356 7312 645744
5046 4263 275766
2522 2813 341358
9057 5867 272676
3808 2153 9546
3212 4842 280208
7190 8098 60091
3562 5686 82037
9432 4016 1283001
2233 5170 1089398
842 220 104055
4635 4387 55714
1958 9565 183803
5497 9311 337958
1089 5082 355362
9209 7711 729996
318 442 2409
4545 7636 1799759
3412 7110 72892
4593 7567 56653
7288 9163 238169
7459 7229 1245233
3629 4089 922326
29 9764 556412
8198 8728 166110
4214 2145 1166554
4422 4188 326746
7236 979 266166
306 8706 280428
3382 3558 38192
5638 1131 486824
8676 6799 664811
8169 2926 978710
8151 9557 202013
1176 7981 453650
2773 4183 55875
3415 9344 374213
3991 1487 1350450
4007 7041 1910415
7365 7244 109405
3931 827 160035
2858 4908 80065
518 2581 60323
4109 8025 26980
4189 6573 49585
2011 9588 777324
9872 4159 886697
7566 3574 226185
5115 8686 5718
4028 6888 652179
3915 5759 591714
3027 6834 1594520
4574 6038 287320
2372 196 505408
5954 8619 252753
9575 4521 2085272
486 3909 334881
820 6481 12038
1267 7464 231918
4651 3368 448649
2032 3041 574020
7999 1000 659700
1206 3971 1200391
6492 5857 976556
9871 417 457069
5978 9818 22135
8418 4892 135290
3922 498 225427
8939 2786 1332464
5983 9340 49832
3688 4096 387648
4682 2278 233237
7494 5950 366696
4563 4159 332100
2218 5083 1542104
202 4526 1643998
3248 5453 1998651
5908 8773 1963817
4890 9755 1525823
3599 7326 15840
2161 9464 122217
9650 6101 176115
8645 4166 94930
