53
2857 470 1169726
8010 3275 2539794
5977 1721 5386682
8310 7476 3642234
186 1731 4755545
3135 5504 434948
4219 7257 1661715
9861 8484 1674953
9327 3045 933066
3036 8265 1958085
6346 6037 879609
4523 948 4530077
7508 779 597310
474 429 176800
9654 2673 1545541
2633 7366 1184937
8461 3813 7096815
2776 1102 1839668
3254 1661 4163462
6486 9873 4019058
2896 7335 1545753
8375 7197 1730880
3026 6718 928075
4454 5539 1855062
6049 3289 1135105
2289 1590 1066213
7514 145 1180962
1733 6546 842681
1402 1601 5820005
5425 5100 5322
2187 2030 3061118
9801 1602 1425723
6719 4165 772389
5196 9029 3530863
1561 9582 1169930
4302 8489 2031336
5793 4871 44548
7715 1435 1952445
9575 9297 1285372
9467 371 4211492
4010 4964 1332741
9236 1561 420251
5185 1851 2627399
3315 8658 65335
3389 508 260947
8598 5739 2010132
1168 5422 431771
596 6572 962425
8417 8035 976353
9019 2251 289936
9140 1262 1409771
2726 5806 2460338
3233 6811 967302
