61
354 5117 149061
8016 4824 980652
9953 6454 806496
9530 5494 1201644
7503 6322 418425
1001 6868 4671525
888 6402 79903
7240 9578 387531
5535 1716 500581
2075 2256 51646
8493 5766 1058408
831 568 423189
8124 1888 922831
5029 7777 3726491
1938 2694 1358934
8744 4498 3958841
7609 7726 1688957
4920 7961 36420
1994 1109 843667
933 2924 1670470
5293 7247 1848179
5607 7936 428426
5580 1874 3372097
1759 2233 303488
701 9880 2107830
1627 6122 387675
8003 2370 818728
2405 6609 3085846
8917 4531 107440
5920 351 1361875
512 2054 473169
9886 3631 1228113
6694 8026 1251624
5278 6483 948635
106 200 4064881
950 2102 364906
199 4183 1932891
1838 4099 1565705
2781 1073 1018120
3420 4836 19557
4892 9703 2595051
9713 8379 791483
3489 5645 1960454
8236 3325 1940830
1559 303 798059
7475 3626 1844016
5641 6987 3074866
8554 8388 1472506
6340 7249 2621479
3785 968 59258
708 1554 1781697
1101 4174 4103025
7394 492 1670704
5303 8574 8404539
7250 7633 473424
4163 4505 8723521
719 8298 1865806
1085 2812 349654
2847 4327 1204100
8602 3157 2539219
3011 2011 101452
