194
5779 3101 245847
1495 581 94402
8444 4528 58688
7816 5176 1567636
6856 3916 462301
1682 1650 124140
8898 4701 1543630
3410 8597 630138
364 6309 603068
212 3261 223430
2966 2008 461309
1137 3745 868694
9210 2731 73578
6495 4850 619440
9127 648 903272
7775 8039 221445
1756 9476 130840
9900 5228 806907
8553 8526 62096
4356 1096 464776
1456 4013 264198
6331 5128 1206387
6773 9105 343294
3262 5633 756425
4026 7957 1028053
2860 8910 1337116
7798 5743 445840
1368 5248 758059
1848 5768 199134
810 9789 685793
9818 968 1078999
8680 1351 442843
9041 7029 990611
3991 3436 622339
130 4898 609161
3976 7874 1658947
4453 1246 162178
1957 1408 131327
3388 6941 545442
5573 166 1094624
7250 6833 67790
7090 5575 25690
2586 2277 456153
3157 4385 108978
829 6712 15687
1972 8088 20899
9927 4223 232861
4217 5266 631523
4001 4781 497646
9059 5830 77501
303 5652 71231
9971 3292 143543
5689 596 2069911
5958 7075 444122
5315 5490 102013
8935 8969 1331177
3528 8413 783764
6407 4731 1263458
4611 3383 227190
8363 7185 344364
8629 5556 31307
5950 1498 251588
8746 7332 47795
3275 2553 255991
2585 635 123333
5272 9868 1726073
5777 9588 258900
3845 4321 437514
9143 6220 11162
1498 386 204716
9015 8046 451645
8903 1563 864655
1124 9400 1869027
3481 4924 383207
3619 9973 951147
5491 911 384820
2293 6359 127359
275 59 257093
7958 5550 9852
3673 9593 307417
1423 5249 110111
4788 8305 51633
2316 6245 130074
7992 605 159727
9210 1929 1129207
4402 3858 1001514
5087 9654 1050613
6439 4507 179686
5118 7955 133465
2102 6950 98672
4033 4150 139794
9167 2635 610579
805 3207 302528
5780 9850 217995
9867 6300 287641
5638 6533 64407
670 5053 559571
8343 5787 749916
902 4867 156798
2175 6092 61041
4581 1382 566337
7135 7403 815918
6927 4818 126562
1515 1713 75344
7409 1868 653160
7790 6217 783374
2672 6278 465927
2804 1723 822899
2275 9384 160611
2113 6609 479980
9571 6124 409141
4745 8035 23369
3440 8567 261211
7043 4215 160201
9911 1477 653939
3765 3862 131567
4399 3687 448972
7395 5406 626997
8975 1612 705377
829 8512 312624
658 4110 453516
5476 1307 31853
8528 6143 569002
3777 7478 81633
8103 2318 269935
1258 4481 130441
258 6731 70031
7389 2975 358055
3938 5182 335012
5398 3348 84821
8008 8072 1769264
5979 4648 66825
2936 3983 105749
8458 2898 149901
5613 1296 453130
3844 8917 405807
4604 5924 114072
7761 1191 938146
1563 2498 726368
8975 2809 296152
4622 711 886278
879 9702 231847
8053 8796 53415
3882 5883 869905
5448 3831 2897053
2958 1050 411209
4788 5344 108305
1252 295 1545702
7781 2710 1535997
8616 5473 250772
3184 1081 123920
9184 6545 80447
2945 7721 374412
4549 8275 261120
4177 9364 662219
6625 6187 575118
482 9506 3380585
6666 6667 52774
5015 8314 313218
684 3398 629626
8337 1068 55250
7922 7835 25396
8960 8646 239082
2464 8631 687792
2742 8727 620686
6759 3752 29652
5228 1915 1441628
2012 596 1320404
2603 7761 303982
5018 4668 179544
9574 4482 810631
8849 4192 242689
1966 1295 286029
1875 77 382309
4601 8583 291921
3659 5062 204673
8035 8432 263048
5144 6146 30465
6533 8793 2716180
6376 5692 552751
5465 9218 984426
384 30 408679
1532 2242 249
7285 5686 1236864
7402 7157 65044
8463 1420 688876
5043 1039 785593
7602 9844 714905
3155 4690 47818
4058 9655 372986
7731 4151 770340
4277 1378 428781
4486 1437 353581
9167 7972 1529120
