52
7054 2683 4244987
1975 1245 1025747
8815 5856 1753390
7985 6343 986254
9204 9939 167808
6399 8029 246867
135 4531 3811781
6019 2020 704771
444 3424 520921
2569 7873 1664327
1450 4866 321242
7586 2247 4026085
2318 6984 2630
9428 5034 1282688
5740 5199 249462
828 3634 9057599
7398 7413 298729
2471 3601 587227
4032 9597 2092599
5283 5319 525608
6937 6492 5774842
7777 4828 993286
9531 7959 9662963
8807 8691 1291514
3924 6826 4066899
1594 3089 721036
4843 4005 133949
6513 1738 6722327
2817 6013 3673147
2314 9124 1007977
422 9092 866930
7404 7937 1344822
6821 8591 5106844
4080 5129 1614313
3363 9871 372851
608 8354 285756
1619 8820 97555
425 9275 1474531
3588 3722 694851
5531 60 1162305
9634 2924 1574623
4514 5116 3172891
3357 6106 1084594
9602 1008 1961237
8429 3447 1115073
2476 1594 1507803
4999 1371 849029
5270 1243 4707470
7242 4849 1999360
8539 3530 217707
6573 166 3133
2114 9803 1167660
