78
7272 1953 614371
7855 4551 110744
429 1018 372500
6599 1014 1703535
1194 9805 1059312
1881 1538 562383
5498 8792 1461710
6053 3420 1763236
4217 1301 5566297
3362 6800 1905837
6065 8142 443869
5172 8361 3163345
7766 4377 807609
3868 4152 3387138
9756 7166 1225048
2963 7424 536957
351 3510 135771
7910 1747 1028324
3419 6863 1061889
976 3488 2089236
6459 247 1006258
8908 7079 1063910
53 9549 661932
3380 8900 834225
3474 3830 194925
4646 4628 1133349
3340 6986 760231
6878 5065 154997
3918 3193 1609096
9316 1767 452839
2132 9764 680516
9847 6869 2184791
8463 5919 5063288
7518 1076 453207
3099 7681 362652
6062 9796 1201843
514 882 723997
6328 5523 1228902
9779 4633 6090
9758 2817 1848320
9762 5722 2132713
2152 533 1857741
2800 695 1088225
1884 3151 4712090
2251 6379 2610791
190 3548 240640
6552 6292 1810696
8855 913 340418
1919 5387 143519
1489 8652 39055
5812 58 248636
4144 3735 1087719
6916 1829 1527731
8615 9599 1701280
4671 3469 2575132
6829 1354 146093
3039 8988 2433379
8268 3976 1027962
4986 3659 308327
3126 8388 71633
1847 2157 2762306
3778 7661 458342
3900 4901 832611
6701 843 2872102
8971 2572 3285506
8993 140 1730184
4009 7879 567239
9091 6532 217930
9853 9889 533288
5164 5164 1990477
7019 7325 1493903
4360 9712 1157955
3901 7772 795670
2454 1508 1743637
6693 3033 367944
6000 8487 176565
7618 1503 1076744
3469 3111 1209338
