99
7093 6643 307284
2097 1940 820124
7273 2814 156263
1428 3540 682629
9552 6753 452615
1577 6961 3190285
3434 6815 491769
1572 472 462331
980 8909 876888
2700 9829 627492
407 4862 1127149
4200 9841 195502
5716 8449 1275468
6787 9502 1681190
5756 2740 505164
1939 6169 1297932
2202 7927 1272683
7457 9550 2166719
2797 130 278460
2424 9861 271410
30 3537 1665395
8156 2290 3195833
2244 6731 864514
1412 7274 2746065
992 383 1519310
2421 7434 876432
2362 1740 2838840
1579 4004 347644
9189 1083 87922
5481 9793 2194197
4013 5212 592706
4713 1388 1710775
199 6309 1283773
511 4006 1542942
8585 5179 464506
557 5510 799831
6008 1335 195034
5084 3637 1182247
3239 9252 2563465
4873 7394 364247
4347 4148 168211
6822 3649 92320
809 7266 626681
477 2656 4371670
7165 988 1859011
7328 2970 176295
1495 7064 40335
3149 48 747004
2843 902 237947
2390 5833 835692
5757 7476 198157
3431 4563 627335
1913 9793 103450
726 7533 195824
4547 3724 364925
1174 5765 4328286
8494 6234 1434958
477 8971 16736
8464 9438 652911
8142 6687 618316
2969 2062 713401
6110 5541 509857
2211 8171 714999
5275 3302 157435
7231 6417 3051374
116 6725 1800461
1361 5616 892014
4952 7951 570095
2695 8632 108378
3477 3314 1131208
6731 2516 6041563
1515 1910 1078916
8150 9522 349976
2424 449 9873
4876 3369 398499
170 8852 200122
1130 6183 1467183
2019 4572 1269780
6688 3988 1205361
7652 8421 279771
9183 5210 499304
921 5375 580726
4114 6481 323111
5459 6060 441077
3033 7083 950333
317 4864 613503
3786 6155 115102
7856 916 1021962
2702 5143 285216
8476 4217 750151
4313 6670 1230468
2458 8457 1549173
8903 4958 913348
4510 634 169678
6538 8402 1783308
1475 9566 1214587
2052 2983 671846
3380 3956 1384132
1881 1212 681610
