57
9225 4263 904065
1669 4938 801289
3699 4434 3100764
1923 5370 494019
3404 9882 1060087
9110 7006 1369773
5894 9612 99031
8860 3064 949837
7198 2012 1006493
4241 799 1413983
6694 7716 507868
5326 7920 742238
5590 5616 2307686
6474 8983 3569767
7038 5251 8224638
2328 5942 1334134
7892 7023 2712497
3595 8164 1322305
2502 4095 6475909
4071 9923 494558
7388 7006 3264206
8649 8763 2419245
8051 68 837779
7809 8138 1724260
4022 5527 1741852
5517 6346 1884913
809 6842 1199150
8119 8172 2940564
913 9214 1596789
3102 1012 1341080
2753 152 1440343
7104 7271 2519643
8261 2047 596896
75 4130 2216227
9072 4650 949808
5591 2053 653820
3079 4082 1291953
3110 4463 527898
9341 7070 1235098
4886 349 1475945
8430 4327 373445
9591 1074 3246994
9370 9325 1231610
293 97 297434
4471 7536 121746
1603 881 3523452
8643 7669 119629
6190 8327 837142
2908 5511 52692
2865 5976 4972405
7439 8780 2716961
5729 5969 159196
9689 879 1406714
5328 9993 437141
3650 1899 3909430
1207 6309 316966
7525 7707 5528633
