181
6338 5512 694201
7161 6971 504987
5293 8560 7748
8115 8029 59764
1353 9451 210504
9113 6363 877653
9977 8247 235476
9673 406 119182
4636 1895 2913310
7965 7771 875850
8073 6343 126880
8950 3762 334529
7089 4610 500713
7889 4604 958977
5302 6184 129900
7377 9064 264372
2160 9405 394830
8196 1224 793587
2157 8717 1480563
4241 1679 323218
3041 9000 2142849
9068 4044 217960
2998 3840 263347
4378 3413 1407380
3920 1056 473371
2142 2804 640027
8002 1175 181455
272 2421 713712
9535 7107 224141
8877 2573 167955
1695 3554 320802
7806 9434 208819
6737 7316 345335
7114 1355 1232461
1740 5586 119965
8626 2567 599970
5219 6994 102384
2854 1141 994806
4168 6879 859244
7160 7102 207799
4237 9836 360693
5716 5238 119974
5129 2046 227487
1785 3581 416226
5995 1353 537714
1254 354 2756321
9588 26 321497
4724 0 1138416
2048 9434 101956
1796 8341 877262
9121 9095 208890
6226 6998 231995
2241 9280 1535015
8871 1102 566500
9975 1662 262725
6364 3262 37882
7239 6581 623856
7705 7099 550687
7225 1249 911307
8906 257 91826
3707 1934 348475
6165 714 182705
6463 9028 364994
2874 8448 182610
4952 4670 1541595
1193 5290 372432
5247 1943 66987
9490 8046 74144
5429 5583 199145
5276 332 251472
9689 5012 729304
1667 596 358876
8687 4534 517442
7259 8454 580609
3967 4095 121231
4418 6046 38130
7122 7957 189374
6332 4462 443444
6173 5905 388285
4449 829 367510
9176 4007 102958
3014 7207 43602
5525 3041 50028
3637 367 1812131
6401 2726 38105
1100 4770 114827
5331 1963 380834
5875 4218 2354677
2721 7154 313485
7489 4901 389208
3480 5314 396326
6910 4301 225037
7095 6162 345487
8575 3420 63945
3908 2485 280083
4258 2694 837167
5906 7370 7587
1472 3512 34831
6086 5478 528161
3547 9534 1153687
9158 8714 658462
6642 6832 36767
4243 1570 1711825
1831 5864 199685
1227 7915 190610
4594 3243 49115
8104 9959 84788
7759 5505 46394
2278 1610 842547
1716 1167 571534
1757 7404 1188434
1171 3657 75035
7267 8576 625838
4414 3751 501736
9869 8272 897611
659 72 68185
4954 5016 468904
6694 2047 419024
2373 1051 98719
7859 6249 246073
8748 3120 1067539
4953 7938 111162
7664 4866 32033
2283 7182 1947443
6466 1280 826545
5714 7850 1040140
2248 5294 267337
4872 2237 313541
7038 8171 213169
6114 2675 206398
2392 5702 1852780
2022 9567 1778551
3985 1890 39916
9022 554 154591
8377 8426 596676
2332 194 373251
3902 7469 652057
760 6846 317324
9617 4264 764724
3511 7531 1588662
8074 6737 265814
3049 2884 67241
7743 7959 2755771
2355 7567 1219991
958 3580 93364
8715 598 1455850
9078 443 1119015
5656 64 179826
8670 4299 482198
4400 1674 444597
6953 8140 1330813
8843 6331 1751821
7137 3064 435208
3244 6320 606381
202 1223 177391
9824 7416 171839
2475 8986 420687
7912 1686 909122
9379 7380 2831816
4569 440 105307
2523 6828 675672
5761 4596 369771
4725 5782 183570
6344 5345 787558
1622 8590 217630
8361 1443 268919
6541 6453 398425
9319 6668 716807
8069 904 361874
5709 9754 772021
8622 1926 20039
7216 8665 684401
3390 15 14815
4612 7921 97945
7194 4233 160489
5508 33 285732
3776 4712 411377
1163 6121 318449
1726 537 68959
2217 9531 903195
8544 9292 433990
