54
469 1310 1376585
5922 8784 732468
7444 5458 1348387
4324 9902 835996
784 6581 1093063
6847 6903 1044277
9226 8683 3682135
9562 8540 593980
8709 3942 3189239
5259 1258 404414
4537 7645 2453701
4359 4377 525590
8530 3606 1143468
7525 6653 337653
3744 4963 3907686
9843 7450 1735674
3459 4154 962259
1316 897 2857409
1737 1288 1797645
7370 8949 68119
7570 5203 2791186
5067 6024 3494920
8158 3042 70964
169 903 467169
7462 292 959787
3183 7875 1154294
6823 5550 2428164
564 3547 1744784
8942 2929 726606
7458 636 1068049
8761 667 107831
2288 8254 2917032
5946 7999 2392948
9069 902 771925
5526 4846 4588846
784 5522 316100
9153 2817 1864890
9663 8417 3094231
5027 934 1382124
742 3338 931073
2638 6217 955981
4368 4241 339206
2550 3590 4772888
1370 1500 2147699
2512 4292 5284012
2904 957 4071886
2373 2847 1863843
2528 2351 968695
9909 1179 180898
2299 9840 3297535
6677 2339 3140602
5172 4094 1357980
4356 4575 4400193
9157 5866 3855911
