84
4586 2189 399862
8646 3951 1360885
5861 8522 696930
4383 3189 376175
5694 5600 2746356
6179 7929 1785684
50 2974 1325565
3070 9040 271596
3679 406 235785
4398 8808 3093668
1804 2039 514985
2284 5699 398652
5731 4968 2076924
9180 3630 1023510
3188 5580 1159331
4608 5530 1604870
7696 6294 157349
6225 6166 528456
3901 4529 50733
285 4455 66010
6513 2689 364858
8686 5102 996615
2612 803 303249
2929 6996 397066
5857 5065 1868017
2898 6504 329486
465 845 3231028
8708 5984 1151083
3217 5342 902342
7996 3216 2455106
3683 6893 434179
6415 3776 1342668
1401 4328 790352
4888 9767 1923780
8755 1902 4481738
5268 5643 158694
2414 3558 2552545
0 9634 1500779
8935 1679 849689
5273 3625 913792
1382 7852 656868
3745 8853 1858981
8521 9025 93519
6288 6620 182944
8032 9531 3800370
9957 8222 301474
8711 7031 565625
9272 4850 4373707
5429 6845 2588737
660 9955 433858
1262 3242 237574
2655 1799 581517
3048 2728 1964956
2299 9451 478195
9368 4773 303157
1607 3829 1115079
4935 1212 1328847
6863 2187 181450
5218 3902 2458766
8290 4815 739296
9100 2310 2199280
668 1436 2076521
222 7886 994628
1468 1507 3719315
2127 8009 1272066
8984 5916 470782
3696 4276 270704
6648 6350 145757
696 4702 1422351
5133 9078 1284265
1922 8989 755735
7772 1496 658637
51 9682 261308
138 9627 2186
5714 4223 204193
6079 5378 1755088
9874 8216 87080
2763 3512 580127
1652 6666 1773649
6651 8946 2121434
3642 9615 2597277
1619 8816 1575299
8814 645 1488359
5895 2304 1218647
