76
8184 6096 703556
7027 5277 65372
9339 1658 555
8246 6527 1890409
6686 7448 3637107
8140 2362 3441551
238 1934 1788506
1189 9515 6521180
5178 9308 1296954
9790 3163 1328703
3123 8628 1489536
9998 2855 1238883
1061 283 2789057
2584 4492 420077
3362 9952 5016240
5328 1620 2228654
2730 4061 623762
6797 5560 289684
8335 3904 58020
261 7567 2743045
6572 2843 67763
8613 4897 327324
884 8776 175214
6486 1049 4013291
4987 3132 232757
8315 9105 1034187
8801 2677 1354
2110 7035 2599502
7803 7120 914074
7430 559 2146891
4902 3157 304666
2845 8534 217846
1293 2308 1126320
7254 9898 3185173
56 9534 1729628
1786 1557 1704150
4911 5623 3386828
9455 6184 1055490
3595 9691 1929753
5309 5475 322374
7721 9821 183928
6653 1450 2155473
6396 1283 1773856
1062 2658 2516000
4636 720 93393
6439 9094 565683
3242 9981 264895
8648 5971 1356206
6033 2001 1335933
3185 4809 275829
182 9825 193772
6097 7734 317416
1216 7276 34083
3218 3807 544205
8618 1559 23682
7072 304 782613
9700 2851 1573458
5056 18 644328
5339 3159 409096
6247 637 2336299
7332 4763 1451925
4627 6291 3518875
3878 5578 861838
9887 6720 1118001
264 4774 1117873
6409 1846 1452525
957 3320 1609526
9515 4689 1721043
3230 1777 626871
8353 5679 102072
8726 620 13658
5399 947 1929174
8202 2839 1006418
7988 7242 843014
4144 8192 485882
4334 7826 715721
