183
6935 5933 638170
5804 3334 750674
7911 5640 259204
4191 2495 11439
7067 4705 595742
179 2790 1332029
2924 3553 512963
7785 7719 1426271
6868 5474 1112929
7351 877 643915
7516 1744 849650
6516 2787 752061
4302 7084 327963
4980 2041 244971
6074 9799 579104
1508 3211 1546910
6598 4254 47699
6813 6954 780854
8907 7474 513968
3213 1651 400285
1094 546 338370
3983 5704 68128
585 4882 221038
4058 637 160540
3429 103 37659
7781 1021 562705
5387 124 229105
7240 2210 678500
699 3107 683808
8440 2329 285747
9548 1782 395786
812 3077 114450
5337 2380 348005
579 1684 1169428
8306 9286 154635
7126 6520 286390
3176 8588 788957
3784 2835 45496
3799 8172 1036900
201 9295 994715
3131 446 319850
9581 8692 594309
7627 5676 355380
117 4305 255456
2546 7298 369764
9101 9436 447973
2500 8875 393729
700 3551 1239722
9675 4121 655317
5202 7237 1114092
6486 616 873048
5394 5948 668061
2136 6695 2446447
3315 4932 1156901
2706 2676 168459
687 9414 286344
6646 1762 387349
7836 5979 57971
4390 3334 1058452
8143 9090 344443
3147 3855 1073172
4493 863 588271
3010 3080 973473
7877 9658 941929
4966 4786 977261
1895 3208 109529
6546 4046 22814
1817 6277 545937
5753 2746 862432
6831 8357 80003
4787 3115 239609
4998 75 422199
27 737 18244
6103 9278 585811
2645 2657 77543
490 5773 211807
1055 3186 191931
1405 6991 68863
1304 1899 97529
9968 4327 411949
7096 427 11485
3422 2850 340393
2942 3667 59421
9455 3967 352302
143 4205 38971
1939 7302 260162
5071 1543 796188
1499 9672 565587
4868 1896 47217
2217 5789 2402527
4967 5190 298822
2651 8399 1832058
1864 5793 240188
1982 2581 819878
6653 2826 586634
3693 4127 349908
1196 3548 761410
1227 4176 325764
4184 5092 898397
9439 595 43928
841 1084 545835
8530 3644 78667
7467 2226 250100
3492 9391 922842
1390 4530 1685505
1800 4355 339453
5697 7492 208311
8546 1270 640792
6240 6758 45980
6955 9628 572111
3562 189 200346
4841 7328 594856
1863 1011 213258
6520 5705 716572
8045 4679 576464
4967 3801 944986
2235 9234 860794
7852 6167 47613
7833 2111 1100548
2795 5004 2108081
2986 7534 336926
5058 2744 853111
6979 1991 144467
9025 4384 991390
1954 4780 88301
5136 6076 1093786
2760 3763 895227
8671 8527 1155531
8983 5351 571532
6444 5261 170492
4012 9087 196274
6708 7596 134712
4573 6210 172990
7599 1876 137313
7234 8938 1146472
35 3546 1810
130 8039 269757
6475 9784 237584
3703 8773 180167
4616 4399 498415
3061 1906 507851
4142 3627 1274862
2496 6129 747821
9969 8563 223898
9032 5862 104663
35 2604 592043
4784 7729 838748
6608 6856 135043
3931 6755 879698
9323 4392 90680
7917 1296 811706
1019 909 766354
7873 7491 85484
6013 8010 1192558
4999 4469 662680
310 8590 358350
9791 8574 1085370
8798 5915 1309866
6682 8441 469621
6078 2406 5298
2127 2337 30849
7740 3553 23415
7127 3313 1577826
1541 629 430300
8710 4932 330691
4758 3147 201761
5239 752 57873
2724 5162 644527
7299 2993 78874
6279 8689 608092
5024 9272 646107
90 1418 1077981
38 4281 250310
5108 1500 1281299
6748 7792 133858
2408 462 236213
2962 5961 428065
8 514 508000
1666 6456 207910
6940 6055 536912
6144 3203 735009
8167 1224 611545
7859 7505 638842
