162
6656 9853 392481
2631 1389 868101
7316 5748 5209
6426 4731 700156
6792 1818 318643
7063 5450 126491
8874 9664 454708
9941 5058 121371
7199 1554 1080166
1903 9703 1469241
2533 4194 796130
988 47 1287128
2410 3764 584844
1222 1689 1282777
7098 185 69908
5675 5997 539572
1143 1518 524274
7528 8356 5926
9808 1828 702112
9597 307 90690
3255 9151 354969
1692 3692 612325
1905 9519 743157
7559 7196 39196
8835 252 12232
3225 541 708213
5098 9702 275204
3847 6645 144423
8343 9642 720368
5955 7763 2045306
4742 1188 74943
7748 2722 320567
6432 2275 841585
3829 8008 148241
467 9635 2177618
2425 1281 954154
7411 4721 536157
3270 5779 51336
7751 7026 382342
3595 1349 1142718
9176 4742 1034826
3065 2812 504597
7756 3622 120786
437 2227 297907
1545 3664 1079175
4532 4067 25672
8702 9077 721533
5062 3735 2346457
666 2062 1417861
1403 656 207560
7479 9461 640273
5061 6194 567501
8251 6578 1393608
2358 6720 353770
9234 5901 1022524
9601 1075 284511
193 4436 182749
1480 1758 259928
690 9921 232853
4327 4507 285521
7681 4360 383196
6703 5546 855866
7658 2229 407681
7206 32 650061
9938 637 758777
2529 6012 58725
3535 6457 768595
2454 1863 64402
5613 8634 18087
7702 7200 557052
7340 9873 431966
2783 6672 265472
7545 8782 369365
1788 2042 1355050
7908 4475 1463734
6100 3183 768254
8235 8685 268887
378 3533 23071
4287 8988 658403
5949 1433 792186
1745 5512 1110806
1716 7327 162429
8262 9735 458489
1971 8449 237018
8743 2471 51212
7722 4708 98459
7795 7910 25374
4392 9747 451575
4725 4694 24410
4554 1071 5231571
6954 4683 598285
8466 930 133430
3666 2312 2440535
940 3778 710864
1410 3334 465381
2024 7567 657592
9289 881 1165747
40 5610 125932
2053 4930 86102
2497 1501 20307
9721 934 53341
6816 9261 877493
3859 3212 923455
2067 2929 113386
591 6524 684777
8469 470 797608
9258 8079 1922308
3146 9767 234537
2754 6775 569086
4577 7260 129201
5149 6207 597791
7399 797 750719
2060 2611 3126345
1151 2598 640630
6990 7491 424835
8043 6272 129695
9656 752 566271
1490 4336 3022717
4145 4351 267305
1143 782 398183
4158 4662 195585
8264 5954 70719
2769 3459 131585
4664 2090 1829217
4019 8451 9257
4304 6696 292835
3383 8940 494490
9650 4057 653325
1695 8733 172454
431 6725 72920
2335 1883 224472
2495 8804 846158
6079 9879 354654
9267 7430 739238
3230 8750 885711
1226 6934 108682
4557 5024 818690
9812 3556 432763
3604 2288 37022
9880 5271 194850
2119 7469 2645417
6586 2016 31761
9529 6448 1208248
7386 8327 335340
1184 9172 491679
930 4709 62315
1239 6725 284410
3368 8117 878045
2220 3492 335111
1119 8448 623975
6008 8391 173991
7482 8699 210962
7387 4889 107407
8822 8148 625608
8806 5243 1250694
6259 6871 1266661
1115 1581 618587
6956 321 959961
3091 1056 251135
4778 8233 158190
7944 9098 696647
5346 4780 130604
