198
5385 496 159656
9924 337 118835
9092 9582 6479
1527 3545 50624
4407 7662 1357830
589 2384 592954
2722 5803 349249
6632 6814 953367
3889 622 292174
6134 8711 1242760
84 3221 5043
1194 7370 97340
2811 2295 314372
6145 5055 715474
8353 7798 11578
2551 4492 774467
1341 6971 424717
2709 729 1040083
8571 834 582025
889 4414 21007
8340 7724 176196
3353 2488 1131825
7785 3535 382375
5869 217 68736
6535 5170 497621
9732 6631 420791
7615 3951 213490
2623 5224 522589
3262 9020 120545
245 4648 1475354
603 4952 1178988
975 3137 206593
6986 2730 43512
9658 6984 81697
9152 5097 92402
7828 8258 591145
6560 2847 484815
3825 7183 133930
4408 7543 100043
3847 2178 1403716
1475 7581 177772
2177 2602 616995
7649 2495 24785
4484 3262 28540
9727 5168 171562
1343 7485 84369
6106 7949 115606
213 1584 292709
60 7303 1857317
6271 9700 73940
1420 3777 592886
5318 5023 6286
5185 5551 1078504
7493 6949 271417
8901 9149 591362
1790 5250 678071
331 6266 244165
3346 2059 695672
252 2614 287068
2712 9873 426327
3587 9292 1031812
480 2409 6323
7524 8750 287632
4783 1347 718424
5283 1678 757208
7353 5717 1248993
1559 4931 574553
7428 1116 501682
7569 9738 364003
2135 6413 183371
3987 8402 349152
7310 7627 249195
5191 6301 740367
15 2901 172015
6856 194 77173
7416 3439 250406
5759 932 387020
8088 693 152065
8606 7374 1054596
6606 8446 303306
6949 3606 51217
4799 6286 1082888
2984 8307 1433593
6728 104 474435
7172 2632 182318
4791 2585 1009065
8344 948 1580329
944 4968 1163377
8329 2678 416794
5864 4867 488044
4896 6244 381971
3485 9749 161245
4578 9103 1407461
6165 2028 514302
9223 2619 1001124
4071 2650 1114377
3845 6459 891902
6946 1752 17256
2037 7863 23373
5243 3553 197974
4752 9795 520435
3937 3765 166197
5399 7169 900574
8277 9613 265063
7363 9100 102958
2111 9302 408777
9195 8220 618852
7694 8938 133259
5897 511 132845
2801 9800 629443
63 3883 788780
3614 9824 38598
5910 9180 779128
164 528 60899
4426 5824 460717
3887 3439 235798
5044 7262 466105
9303 8559 56417
9214 4255 493847
8422 3282 9772
5489 3770 475730
2100 8090 34019
9597 4130 922879
7975 5334 248902
1269 5354 8928
8867 1685 90069
5327 4750 976970
4747 1730 1184383
7929 6052 264309
8372 9010 30882
7251 7493 195015
8182 8049 374250
8699 1768 94477
5610 928 771901
408 2314 509689
8809 2040 755217
856 9389 272814
9396 1921 488354
1994 5052 154087
568 230 399562
8902 1085 1276458
2401 3158 264752
7229 5440 655846
9299 4826 525598
7435 6154 359802
1888 4172 270649
667 9086 890997
2454 1041 400387
9623 5100 759447
202 7037 377453
3837 7797 495320
3802 6638 136361
9988 4216 932933
1126 262 45374
3852 6810 588950
7881 9056 865088
902 9875 99575
406 8232 3023545
9167 912 291360
5494 6521 16492
6171 9299 918162
7180 5088 243470
9380 6396 711799
7500 426 295639
2619 3885 1089803
3643 752 1161942
5133 3889 269855
4311 8663 740226
930 1432 683511
2540 6806 167529
8022 5455 587521
8177 9965 461957
4766 6744 354906
4448 5750 207853
2566 275 266472
1662 6309 673830
5262 639 112340
8702 7209 684086
2534 8438 1098307
6388 6136 150106
1102 7848 664318
464 2416 22002
6675 2481 17087
6604 8654 551438
4941 4917 298050
4 3820 967144
1197 8678 83396
1256 7312 392486
9015 4619 1894934
3756 1793 1459734
4140 6684 440362
1632 1408 767141
9919 8509 110864
3869 2600 1352059
2540 3798 197900
5849 1033 466127
9600 2901 215571
5551 7064 1668694
