87
4737 2681 299837
6624 9446 1543696
2224 6063 1300492
6185 8077 1826413
217 3285 2687923
9782 6940 1730958
9850 122 1290376
6830 7530 749941
9324 7608 2833036
2748 5404 191870
1691 7533 723173
6200 1897 182300
2163 5648 838020
8272 200 450769
2605 5790 992341
7771 4645 55461
1276 1506 1220750
4898 8652 2317187
1850 5269 444368
595 9120 1936816
9526 2367 1408435
8535 7729 78350
1878 1518 89621
3900 4563 1140261
4428 3204 196462
235 641 999535
4947 4588 5176681
3570 5786 1154450
9929 5616 2091511
493 4001 1881987
1652 3554 552788
6351 3664 2859300
7640 9792 1795031
9577 1591 740916
3780 3203 435154
6019 2327 973201
547 7184 1400907
9931 2672 21283
6671 5039 162087
7088 520 842028
1238 6183 919053
3430 3406 1221792
1451 6812 869850
3791 7709 315677
9931 3415 230383
2604 7240 136347
43 3817 644730
1395 8695 23428
5127 8163 618387
2317 773 1552871
6771 8850 564587
8366 3764 315928
1139 6782 1604851
686 2593 999596
5680 5006 2852099
2021 6562 912077
8977 5182 2548022
3388 665 282083
6295 2331 58057
6757 439 26375
157 1695 1189406
6611 1984 1151344
9162 5700 2644697
4331 9747 58266
5681 1152 1228079
4216 8496 1490988
5594 1189 1501940
7338 3471 721101
5181 3560 237410
3653 3302 1517219
4228 8139 773797
9141 7368 801570
3927 5690 613853
6870 1638 3208531
9211 9733 1722477
3167 5830 4559432
3971 5353 763327
1555 1119 916585
2901 9229 74033
8666 9491 1882004
2103 5669 1752923
2118 2145 1102741
7746 8766 154292
2153 852 43668
9810 5162 481588
6860 5536 3875777
9326 751 1221044
