130
597 3125 923885
6724 9553 546135
8647 2493 284325
6108 7368 1083095
5720 2455 529221
2213 9718 176646
6170 2043 565413
2090 4044 308015
9610 5740 232584
2589 1760 2669122
8045 477 425367
4534 4541 33753
6236 587 231644
4963 2262 654934
8452 2423 44944
4973 384 170336
7703 9440 1681296
6761 2459 756557
4334 3823 234574
616 1692 1345126
4134 6533 44875
8215 6003 1971945
1718 5228 60912
252 755 431125
4943 6915 273259
5611 859 1471169
6573 4579 22245
6465 8753 924774
4975 5199 3047403
9445 7304 1023144
5911 9253 523253
5329 2376 1214826
4870 7445 863420
9409 6540 166546
95 921 830429
2559 2565 190177
6441 7782 617264
9327 4469 120341
1818 5800 634067
8070 5588 129152
5965 5441 44638
1850 1734 594345
4556 9186 625688
962 2319 1852971
2772 5651 42888
8391 9611 416446
7366 7036 1194042
6256 3532 142170
1018 1779 32570
8544 1887 573643
5306 1945 2517703
6726 4147 107979
7607 8192 763764
18 1905 915713
8124 7395 2287686
588 6918 935059
1350 1453 4955313
1393 6955 1679958
9395 5218 259051
8387 2680 316430
7418 8267 48421
5110 4540 531994
7606 4303 350892
2415 6809 1132450
8010 3611 352784
4719 26 497012
3822 4961 71379
4540 9971 1516199
849 3569 151495
7485 7679 673707
9657 7546 545237
5747 6072 1572084
2148 2531 125857
2532 4447 182109
4190 2829 34710
9170 5189 820070
6956 8932 347661
6849 5671 1076958
9095 4195 394672
6130 2407 465694
5126 5269 1222268
3892 582 125915
3137 1220 524268
1288 7225 165793
8607 7898 1147332
5341 7856 807209
1820 531 398396
5519 4742 744053
2895 7142 273299
5191 2454 733140
6237 8656 214861
2200 6027 847032
6799 9077 1309759
8332 9537 143314
5803 7971 64601
756 9478 766935
9756 1803 226753
6870 7960 1361988
5124 8598 1049692
5040 8837 2913046
9355 3894 2976395
562 4136 219563
875 3969 452436
1828 2399 1278547
3757 4675 200287
6850 2407 278722
8773 1337 453872
3968 6189 753218
5725 949 75500
6410 8049 72497
1305 6720 1532345
7145 9050 3048352
9905 7254 1715410
6815 5967 705134
5092 8477 497198
1377 6329 326179
3033 1515 440126
6475 9496 2152679
4991 7059 670861
8113 4234 2836050
3966 6468 119582
9940 6933 680100
6086 7222 2707749
3347 4376 81171
9976 4288 51127
9371 8746 143008
7278 2095 1063372
8159 482 172243
8815 2906 469609
9804 4195 180274
