76
9133 9958 10299
4341 1674 519620
2551 3197 60147
2909 7743 523774
4560 7150 873992
2186 1409 1750758
3099 6202 406426
5759 9426 496742
2904 4962 1595376
6013 9662 1267316
4803 4588 1832691
5273 2950 278846
2966 1538 50933
1215 7494 21650
6674 1606 1766464
9709 3999 254591
1040 8344 45286
6320 7461 172207
7261 2381 1391054
6717 2716 323682
1508 3885 2722499
8934 8308 186429
7206 4905 2137735
6968 7863 2229898
5877 3758 430591
2996 5631 428278
4518 8979 2050123
9651 4713 5066865
7692 7083 2998352
9963 2935 61904
1747 1892 688171
680 6161 798937
8584 9475 1480564
4373 2085 242123
9927 7162 2111010
2851 3000 2474217
6789 1256 308296
8803 8391 3139440
6481 1609 474212
913 8664 1151086
4750 4760 2596531
8813 9193 1922858
5567 8649 639505
519 4808 209894
8211 1538 2209620
2383 8482 1657847
9376 1836 1460096
8926 1183 328536
851 7516 2602249
7259 3921 2934451
8902 6045 9584
8245 768 579845
294 68 989021
8410 2467 2362944
6331 4838 2803146
6172 4371 4156067
7660 9402 341384
6933 1163 1367669
9492 817 818039
2653 4721 999115
5741 1811 1964911
4615 1887 2345867
4843 225 2653182
3690 260 1888103
8943 4152 3356786
6993 4590 1466302
3360 6398 61010
8201 1791 448759
2085 4493 1089328
3295 6281 481504
3572 8347 1509836
178 4508 498459
7079 785 1938399
5037 3232 550594
2817 9251 3353865
5828 3336 582110
