97
9518 4552 2996153
4721 1089 1178741
4285 9242 2376977
199 6245 521169
7309 5040 637468
8318 2041 1115095
289 788 612940
1491 1350 306775
7164 8897 183833
4548 1888 1807302
5995 6336 682199
8801 9128 85336
6088 8595 913973
547 1750 327040
987 2633 1098791
9325 6749 3744223
4319 9023 1283829
824 2307 1084166
8402 1357 1298863
1713 6437 1794233
7784 3257 1828305
5532 5040 156251
1286 256 5525519
6004 7374 387569
3824 2812 1075835
3821 6534 2341175
9228 330 1065070
2348 6454 1952793
3080 856 1804652
411 1472 153411
3355 2958 485257
911 5216 349210
1329 4278 1353906
5657 2866 449744
8840 4020 59662
1237 7837 1126957
5745 9964 376944
1214 7308 334839
4974 6551 1047947
975 7895 272444
6997 5602 604333
6825 5834 1820320
9865 7732 419376
9628 0 1252956
8265 1508 224266
9171 7378 78527
3584 8002 334664
5934 8349 557347
3254 5864 240114
4990 4536 778001
1042 8406 1837272
1895 1162 178721
4117 4607 1602090
6600 3527 158338
5751 1380 1278332
7521 9817 1100781
2858 6751 241695
1468 8393 73505
6705 4517 61051
8721 3092 172483
5759 4544 2467289
2952 4721 309919
4995 5669 457364
2078 4136 1068467
4559 5060 3546994
5351 3286 1263299
0 5963 577537
4979 5472 2517894
6537 5924 585284
8747 1892 570680
4646 7395 182663
8116 8167 1057795
1173 5989 1776
6913 9943 261423
2881 7321 533477
1342 388 525428
1855 4221 305493
3168 9354 561056
6783 4660 1983295
7984 177 1400376
5639 9212 2761843
6959 5856 3095793
8938 7581 287375
8787 8127 166078
4034 2487 208633
9984 95 2288541
3911 9533 294028
7497 8322 2418289
3259 8836 71190
713 6205 1300803
2973 7778 2866813
8428 239 1256195
4504 9638 1412622
8619 3888 159912
4696 5836 469125
3661 2292 1076583
2070 425 477900
