83
5520 6979 669374
5996 7904 1060999
5886 6106 2071997
8996 3607 133284
5965 7572 1067152
1079 2707 2617468
4288 3789 348476
1934 3592 1053462
5322 8023 415205
376 9011 3715469
9779 784 454394
4154 6994 1797248
8006 2404 699400
6437 1722 3055921
6787 3269 392187
7359 4837 3304099
3703 1454 182920
6296 3411 531609
5565 9139 1357919
6974 3705 3841524
6080 8491 68906
5171 6855 75327
2568 7116 32489
831 4880 710982
3830 9715 1150636
150 1987 259474
4397 3313 2631914
5906 5729 582050
2845 8840 304178
4049 4271 91115
8441 5674 936427
6196 5097 280316
384 9393 290748
2716 5135 1019711
4830 2598 11543
893 2117 384473
6315 2577 6938
1696 6029 510676
248 5125 462867
8017 923 1120922
3323 1439 5758085
1680 1787 4137789
1537 2463 1526643
9843 7460 2825056
1253 7742 1058105
2155 2381 87221
1802 3498 254142
2155 2681 2933666
7881 2752 152613
5589 4772 3232048
7646 1490 839807
9015 2878 3023742
2592 8119 229846
9046 4258 862588
893 3792 96445
5362 4368 3137497
7098 2783 2591650
432 2255 2717003
7787 4631 5107
80 909 533021
3902 4497 1884959
3222 9699 187479
7298 1810 133777
870 8324 1321280
4796 590 843807
378 9848 115182
1899 7644 1682282
6061 3249 1541961
5162 6483 282540
108 8562 143802
6922 6525 1587582
8547 4477 1052040
1020 742 880744
1309 9711 318771
7457 3160 2644151
6312 1237 658697
5219 1569 942647
3690 8410 2132501
5045 601 400484
2476 1289 3049201
3565 6851 1794905
1811 1951 193464
9444 7666 503871
