89
3368 3314 761658
3103 7191 4528395
2016 9226 214299
5490 186 336888
4552 5034 143173
778 7538 1488302
3406 6082 1055167
3584 1865 506100
7758 7480 627134
4342 9464 142974
6440 9006 737883
1372 4759 1054947
4915 2021 32529
7346 9510 3298397
7065 9541 16928
4725 827 732416
1789 7926 2194444
2749 8267 1000728
6647 2684 5340674
5797 7979 734338
1803 6622 171528
2591 1692 245288
3843 1144 525852
256 7232 110746
8728 5807 16763
2786 6980 956044
9354 5420 427306
8728 2297 217629
6237 6285 90323
4910 4980 1346310
6385 3961 7644824
8975 3150 2313829
4003 9029 802438
7158 2188 873088
3335 8025 833738
3824 6144 944970
387 2511 1189544
8763 7917 357189
2196 2483 3543055
6442 1631 730496
2529 3046 4573021
3726 3705 66541
9144 9750 1136494
6759 3393 449175
7772 5982 898281
2333 8318 470472
3538 4761 380327
3910 6815 1116281
3194 8586 894264
5529 2985 1022002
1790 3466 341932
4777 6333 38217
1045 806 246068
5337 4651 3132329
7209 3420 347322
3498 3647 1294508
2413 896 152600
51 5972 841661
7655 1963 2120864
7010 7546 1296307
9159 8957 218177
3505 4055 489393
2594 4447 802643
4618 4298 1502467
6552 3113 105296
9173 1170 14368
1224 997 248262
8916 9177 600453
578 4682 1154401
4652 3213 1765950
1496 3854 337702
7791 9263 6637
8303 3444 606733
8439 7986 5322007
1276 7660 918082
2238 8816 417242
5173 1772 53463
7982 2128 533831
7554 3924 337917
6644 7566 1815574
8671 1629 2577081
2735 1899 656141
2760 8990 377530
6347 1093 296503
2482 7281 445427
8032 9509 5314964
6885 2697 704074
8341 8532 1138590
3754 5004 2132092
