59
2265 8795 13272095
5401 8687 1153746
6069 1643 1253394
9822 5354 230893
4471 9074 403539
7551 6224 1945315
7088 6716 2994448
3919 3081 567152
6523 5792 1244035
4950 7791 50540
686 3980 2654111
1360 9151 476281
5808 8001 2611125
9386 9641 3820341
1293 7865 2093379
6532 3537 1262511
3475 4801 419574
9931 9353 21876
7064 5520 207672
171 5529 605929
6691 8628 556129
4238 3513 3859972
6535 8010 1277713
947 636 2428633
298 1669 3960333
7922 2492 774449
3951 3743 804820
1386 4969 2756497
5395 7948 3042477
2605 1941 1297832
7656 7522 80
6916 6415 1809315
3979 534 100979
144 1237 554791
6545 4800 1826762
8656 7457 2361036
9858 3677 3305310
959 4538 209441
6301 7445 640084
7807 3186 19609
550 33 624449
9052 3519 2339831
6324 6424 3148660
5713 4936 173407
8590 2943 4972291
4001 4434 867822
2732 3000 375510
7730 8747 763248
8112 8156 3435380
1863 9865 2110924
4168 8452 113943
8135 355 432500
9403 1852 3491575
2755 5227 1357207
5393 6385 965368
9440 4333 158027
7065 6121 3229858
8846 2305 773819
6949 6027 1791963
