54
7038 7958 30455
6865 7630 2395251
2341 5274 406653
5965 5570 2285020
6881 721 3283785
8222 2386 3391105
6817 1706 1699285
8546 4058 8569672
1188 143 1757799
8334 3449 4136408
6759 3510 2468321
27 2782 119603
3671 3614 749218
6995 2293 1973791
8667 7256 255795
7234 2306 1132414
5710 7512 872251
7937 4344 3290695
7744 9880 1547832
5371 6887 378023
8897 3300 2816228
8982 816 2383909
5453 9811 1024705
5331 825 1525316
1108 9047 1621176
9147 721 858848
6011 8104 638612
7632 1723 2638634
699 4295 1111129
7759 8002 1187858
6036 3936 53075
3051 159 23103
9291 2858 718110
5570 6301 2064950
2898 8871 4125777
28 4838 1290373
3025 2487 21202
2481 1917 2336852
292 4747 5424035
3439 7151 1214526
820 3451 5422234
6554 7642 1464541
5741 7178 4112
6202 363 794885
7029 3808 288421
9577 7125 2228556
3099 4475 658571
4017 6960 1106203
3006 2351 2905530
3356 3309 2829854
4377 2785 691783
8766 4238 2790217
3229 9376 3012392
6503 7012 1980907
