76
4993 3495 1584714
584 7525 80658
5403 8521 14963
7712 3058 357441
1491 7274 94707
8335 681 854994
8761 3634 363738
417 3561 158010
32 3827 1457551
6370 6839 614372
2371 8494 1087819
2130 8439 1622039
4761 7175 582679
4785 9292 1175871
9816 6946 2258381
9542 5640 105775
3455 7877 583956
1245 5524 1108913
3322 3840 1422758
1731 9686 2599375
1321 5918 802233
2186 1571 1661289
3859 739 5476014
8356 5215 2295404
7312 7049 2300193
3265 5468 337294
7287 318 319649
9091 7674 536641
8954 3962 2610807
8390 6386 604203
7259 2832 390630
2709 2209 391111
8460 9250 353371
8082 6861 194951
5107 9346 606011
3449 5947 255283
3960 9039 43370
7368 933 1124188
9987 9643 1272851
9800 6274 915686
2314 6648 3043823
1996 7635 638176
5921 2657 3458021
3908 6941 2253559
3313 5040 333274
6650 6031 3329594
9424 1354 2485357
1979 2011 472934
172 8285 2379018
4090 8418 1968481
1646 1500 163046
2356 23 1686873
2240 2297 101144
4675 1575 380004
6587 198 966412
7230 6507 714868
3388 2569 2084019
9053 3976 196891
2808 8966 4360962
6781 9242 705666
9676 2218 241342
2234 701 556571
6022 8590 1757528
5432 4012 1105885
8005 8653 1999718
1376 5414 1035201
6005 9935 1031193
5705 2108 3995783
5512 5071 1079722
223 6365 2552970
7572 5190 833144
5715 5 533899
735 9066 2827073
8116 126 1602453
7096 5088 2998812
8504 1600 3506691
