81
9294 5851 291449
6839 2458 514909
7716 8001 269769
3515 5355 1955155
3035 5035 344830
4564 1813 599614
4713 9170 1849902
5069 6484 2412846
2683 7575 595493
5530 7582 1263520
7218 8893 540209
2698 9502 2301769
2145 6006 1754130
347 9878 1773893
2980 6750 892806
8144 8964 959168
736 5973 520733
7185 8660 2134693
4445 4250 514423
8201 9824 840330
287 1663 996136
9631 6223 3325739
653 2637 3707083
6606 5563 467948
3211 7345 1097480
3980 2446 345781
795 8891 801105
2406 8869 1297059
4882 1752 2945345
266 8322 852184
5656 9445 456410
7268 1357 512679
3805 7937 2778700
9418 9211 949595
5762 406 1479293
3541 1219 336312
6554 6101 1174798
6120 1449 760459
7010 3966 139118
7473 2328 30907
1787 8775 1201978
8915 7136 2308220
3621 9312 245702
2712 2379 44814
7017 3020 3313735
9361 5160 830964
9520 4221 2034195
1008 3461 1277297
1400 7003 4158569
8153 1165 1355615
865 2381 74219
2175 3575 1897357
9461 3739 654822
9403 3145 1934964
4146 3280 1354690
5599 6324 404239
6271 5757 45712
2958 5272 1123959
3306 2997 1848010
6416 8930 2842534
9536 6410 2705593
7124 481 112655
684 4502 984725
9273 4729 661008
5884 4222 2114072
566 9664 168494
5748 3395 1039430
7545 1802 2539086
4572 8460 322610
7972 3644 2087354
118 5650 910877
5884 9736 2046577
9245 7596 440617
5781 3803 1235045
7000 9173 405766
7659 1504 509944
2569 5880 162827
1702 4120 3726796
7766 675 803978
9970 9503 675153
280 6993 612026
