141
6736 245 688742
2845 8619 281007
9775 9397 2381722
2737 5519 344201
830 2057 678792
5252 2273 1484706
9326 2501 280361
5050 3777 1524808
1462 457 471314
1602 8714 993450
263 8523 136880
4760 9158 1689024
7986 3269 676238
4566 2802 1547743
5274 491 2204409
1797 8996 66070
8303 6914 278364
997 6794 1006028
5745 5218 1056302
7891 2496 376515
8294 5492 1218631
5121 8537 1218081
6616 165 951739
5898 9467 368790
5076 5781 512207
3292 5764 167738
19 7594 157269
4478 225 745788
6965 5455 1132982
8564 694 503294
2472 7086 231934
1078 6313 437870
7711 4454 39795
204 5351 23768
9525 792 559416
7222 6723 561783
7755 2435 1360701
502 642 287204
6783 5647 689131
3771 6321 214294
9502 2993 1480200
7635 3613 40146
3367 8013 687067
8312 3917 479046
4266 6310 1368935
3061 4406 87938
9764 3913 840325
9816 7117 443914
5642 8686 295576
8654 6027 1162954
5131 8921 635155
9321 1370 1990398
2898 8148 1006587
6360 489 57712
3350 5613 194057
1006 5947 1325926
8344 830 1491615
5381 8867 255791
1809 6556 678029
5457 7952 915558
9354 5615 2011139
7741 789 194192
2451 2089 450341
9309 5403 264810
1069 7423 2597112
8866 1105 540752
1729 8859 179714
4193 1887 798222
8562 5920 2170598
4123 7415 526
8575 2402 778492
1862 5629 136576
5990 2856 26092
4332 7637 1267837
2652 9877 591975
984 1913 274390
2415 4933 1431547
6849 7107 1352092
7961 9753 1325844
2156 3481 391811
7955 8677 184490
4106 56 378224
4790 1293 87304
8565 3259 44128
89 9459 969279
8078 7689 424845
5187 7479 430676
3885 6835 2035470
9954 8660 227295
6645 3114 1781180
1096 1162 297970
3459 3203 355941
3751 851 47714
2269 8862 34461
281 8119 791935
9950 3438 240018
6828 8583 2933278
8418 6740 470817
8069 7438 292278
4486 5439 125568
8917 5879 421309
3729 6908 208471
3632 3974 1185036
4142 3233 2657044
1716 337 92978
1274 8080 1046091
9348 5679 891937
8766 5429 501111
9397 9171 956189
2620 7076 1234892
1511 1644 332160
5761 7582 491737
3145 2686 168448
7658 5686 228317
5982 5341 534513
938 235 153710
7808 161 58012
4152 18 587839
2305 266 176177
820 3310 1475352
1723 6155 187657
5280 9297 294871
5545 5596 31089
5494 3645 178063
7624 7449 1345194
6873 5535 191197
8227 5966 640089
3814 2007 243021
7406 8145 257051
7078 4652 2114941
976 6531 376201
2871 3739 481892
7502 2511 463803
2322 3077 650333
5139 6443 248552
7179 2661 1030173
8365 4938 830470
4487 4659 881247
5728 3663 1190353
9823 3088 899331
2180 9645 140196
