138
9871 7655 49036
2246 5388 685655
7573 7988 49623
9957 2842 57413
9937 6819 624941
2401 6011 1014959
9380 3330 453597
4524 1309 276411
921 2677 528663
2761 1718 374705
2464 947 198367
8574 6535 415241
3113 8082 276990
7716 6238 686472
2080 6139 1067604
596 1622 68357
5249 3289 910286
7905 2449 1781312
1463 8414 1036936
642 9685 40014
8777 9355 730464
3624 9172 963101
829 4491 524448
5285 6905 111233
1575 3882 210272
6268 1991 660991
9340 8473 49089
4148 6625 901155
3434 2496 295739
1378 8281 742821
795 9701 623174
858 2554 424533
1570 6514 1155926
5694 2083 635176
7123 4251 388696
7300 3741 218142
7302 3791 2521377
7597 4424 173762
7652 6815 613981
7214 3659 200394
1018 4538 4648935
490 7284 123465
168 4507 26046
3685 2392 831559
4684 9866 474851
9886 9737 630377
5848 3624 1093899
6898 8129 1193214
2359 3329 772871
8105 5889 427734
2469 5714 378824
7540 4115 1290912
4248 9751 1092007
5004 9268 1971195
1174 7938 850363
9634 4535 68453
1446 4736 309742
7862 8806 829163
5045 6063 2550243
3900 8614 388054
774 9929 105000
5597 7610 815794
197 8178 1412749
91 6908 107626
6604 2714 556490
1010 6111 1010074
1063 9860 495407
1663 2310 1189154
4740 1912 213775
7676 4004 1927440
708 8622 776576
1681 3257 49912
3645 6290 102173
1420 4044 575192
8187 6697 417069
2408 3493 710379
2789 9215 348230
9046 7966 144851
9042 7430 416296
9237 4464 453792
2406 1583 1249582
3216 2554 1245469
9893 4920 1511882
3963 7500 1134674
6902 2033 233731
293 1126 583101
728 6634 398509
9098 3091 305196
8129 6292 456829
5812 2279 215184
9255 3290 1082836
8334 1500 429680
5091 3031 73117
3806 8050 560966
1789 3450 38358
3665 2857 247831
3254 1482 2140936
6721 5904 538390
1021 2558 736621
3947 4072 474280
3697 5071 131661
2050 2593 2145536
108 2732 2847004
3402 4737 1706156
4520 8314 342962
2986 7737 1758497
5077 941 49525
5596 9526 382985
5831 9720 733768
5282 8892 699067
4874 9810 77776
1365 7424 255508
2948 6910 11405
7883 9525 2946898
9386 4299 44186
6941 8760 2717038
4913 7770 349524
9186 5144 37359
6802 7469 2111534
3537 4054 561198
6996 8802 331420
7399 8542 84147
4777 3733 220292
7611 2452 1030434
7360 1016 695121
4494 5475 449165
9060 679 1481673
2514 7961 513156
8132 4123 614121
8026 3662 696990
8865 4628 573172
2268 4655 460490
2158 9958 1687750
5590 753 573166
6079 8325 192772
3457 1980 337552
1808 8956 1536835
5597 7546 434043
