66
6343 8807 171228
8724 9063 3513732
3836 9298 4131159
7609 4192 1492382
1887 9101 700205
9802 2824 250916
948 3495 3776160
9149 7548 338041
1330 1569 1988266
4787 6337 3317261
6010 4510 1201481
6678 3088 293891
8648 5785 235544
6329 152 677368
2419 375 3537369
1847 977 1514434
8466 8135 3244628
7099 7669 1600921
310 589 2942217
7114 9079 457032
9437 9857 476658
3520 137 25279
3135 1799 408305
5929 3692 526446
2223 9545 3662304
922 7854 131137
1245 189 1198482
9298 2236 596637
473 417 1567305
5282 2415 1859033
4655 6514 2075377
9926 4546 1021448
9652 9022 1950736
5584 1071 418912
8636 9191 1634738
764 4625 242317
3925 7707 38373
1198 5237 1140012
4932 3932 1078459
1538 5578 373030
8027 7284 7964252
3856 7901 2929578
3142 6835 3845120
2911 3201 640111
1049 8959 3526478
9014 2456 475056
1981 1333 171550
9621 1270 629083
1249 4018 551799
2548 3283 726616
5708 1599 202833
3390 4176 95068
377 2809 1103436
5318 4498 377027
3369 7004 2850605
502 3245 3939026
7422 3547 1075696
6899 6609 800910
1999 6070 1045159
164 76 4057319
4204 3274 538985
9140 6330 3223633
4832 298 115281
8950 3693 1577348
6761 9916 526029
9224 7812 1202779
