132
1395 796 557215
8647 6830 166567
7600 4356 2509362
6844 2911 381940
7476 7142 897979
6423 2846 557234
1251 7695 310016
8868 8841 1103411
9882 2386 21786
6708 8940 1749237
7997 2130 848316
2460 4829 1427995
4709 1890 1432281
3880 4459 550207
5150 6291 282281
2852 2945 57440
7363 4189 169686
1474 7896 1585780
4641 8473 1241472
3694 903 1442495
7938 5398 374654
1708 1522 122471
1802 5413 1400323
3222 6701 1092039
9914 8492 536863
8408 600 490214
8382 2460 10710
2411 2877 252091
9989 6883 1384255
9076 6661 480118
4023 4401 2433899
253 1999 146880
2570 7387 136898
6874 4000 433953
2931 1415 622602
8543 2061 1683626
8158 3269 133926
2230 9105 241024
3617 2240 237271
4601 4674 574456
1380 8308 1966820
7463 791 351563
88 1918 2208766
1728 9189 91519
316 6333 721515
8923 6370 558414
5081 7841 496311
9142 7855 243685
8671 1696 518238
2257 3870 604173
5421 7520 424041
9631 8192 1506886
6344 2626 727754
6679 5673 1169243
6410 1999 269325
4152 2864 868750
395 1459 1902262
3558 4295 24536
2342 9333 85729
8152 2053 679844
1999 4719 929548
2148 9793 116478
7491 4564 774246
9729 3411 236847
6126 5329 248457
8798 2044 485205
6119 9508 501517
6063 9315 1296609
7530 1858 528319
892 8994 3767637
2917 724 255426
133 8470 927823
3145 861 1383887
3103 7081 483492
8342 2074 965401
1258 8794 2176622
5762 9241 443087
4264 4716 1127087
670 1779 911543
1843 8809 676220
1221 9738 2049820
9552 967 103743
3989 7917 589691
7810 4529 344789
5150 8682 557645
9991 1949 393648
9123 8908 2515948
8686 1925 127418
5013 7514 895509
875 9695 511444
5852 8103 1134412
2563 9076 386083
5049 480 509
3144 6194 280644
8603 1396 565943
4577 9740 210865
1633 1208 395752
5181 5515 1496210
1149 9968 704927
6061 5698 601594
9888 5202 973612
1226 2754 265633
4376 1992 259582
8070 7807 142488
9977 664 1130120
3423 2880 408130
3561 3396 738075
6194 4606 71272
6074 3650 1090692
7740 7614 943514
7469 6593 722180
2979 3240 387994
5711 2800 1099415
1427 4039 816563
2208 5161 735134
1661 8186 237673
3354 501 419805
4760 42 868626
3144 7355 1268480
6218 9449 2526787
6610 1230 230559
3465 9144 634775
5401 1724 610426
5971 741 146862
3955 3028 1643869
8530 3974 671114
5217 9097 1035901
802 7689 1107033
4501 236 51112
7691 8925 768939
4080 4553 286128
4958 2424 105115
