161
5956 4758 358681
9617 5863 544064
9627 3730 97944
9218 6709 126514
8166 1311 394766
1731 8055 1211547
2337 9667 158491
5885 9428 435492
8687 7525 1261784
8999 7760 196726
6756 4714 251709
3776 5041 1342046
3932 6901 121700
3763 9664 115104
2580 9685 1401104
1506 9937 75967
8777 5046 43092
5726 1168 653903
1217 3829 49506
9866 2502 41060
8619 5638 790146
7393 5471 1450114
4449 197 521925
6417 2090 200365
4886 371 350610
1633 7465 30307
1720 3521 830187
4743 5630 368763
7426 4785 474060
689 3038 177004
6462 9399 3094351
4639 1150 1450773
3367 4026 253421
3448 2336 126699
385 1468 748860
4456 7935 189214
2480 2690 305820
6359 8027 662279
6019 7201 196003
9521 2023 181082
5657 181 442107
6247 3921 104110
7120 9558 1180490
7551 3325 223258
4053 5834 247145
9664 3148 1146604
2395 8502 1123935
4922 8235 2524039
4392 9938 262118
3293 9658 342204
6575 929 126231
2169 365 926014
8094 5917 1772194
8096 1845 207615
5757 8365 637589
7531 3017 891355
3815 1756 762880
2163 194 2556628
7285 2400 107418
7182 751 175464
3728 8373 289584
7529 998 1022471
8435 1320 297069
2628 4057 375328
9556 5998 588276
1582 7833 786685
8523 3615 517202
7996 845 1312369
2648 5281 2573841
8923 3420 263068
9564 9986 66881
2866 8115 1309296
1638 9311 748652
6911 9759 558025
321 5973 263589
5248 1045 1532196
3394 7374 666682
2837 3682 225411
4222 5156 829515
6190 9499 1166537
3410 5351 713036
4678 4568 174799
9241 9137 77035
9561 2573 6964
9852 5080 792445
2195 6807 176564
1572 4626 1552227
6110 6682 241059
7143 5996 1680569
3188 961 1329945
7629 7090 590940
8640 9890 168667
7761 4125 591821
1426 9145 1560150
1796 9936 1163510
8988 5639 74939
8856 6968 713626
6008 1686 375805
2523 1680 1564751
9665 7644 1294580
18 4674 89122
7169 7109 685198
611 443 228847
9588 6812 325496
5414 8093 20840
2289 7474 52355
1045 9774 391906
784 8749 104472
4086 9653 793050
4454 5749 100742
209 7377 520104
4801 9330 124951
1182 3257 1149630
6229 4121 1071563
7183 5364 469054
7117 9281 1153009
7562 3057 215705
1319 8612 409396
9109 3218 507687
6148 6937 80270
7309 3547 34947
7069 4166 809905
6155 2259 1086721
2506 5645 58784
6623 9400 600256
5275 7211 705756
8868 814 960759
4915 1483 364354
9539 7225 434070
6042 3725 997949
951 3023 451510
9908 9058 1135606
2193 6406 413465
870 7989 377859
6747 8474 433046
2533 3158 1466838
6027 7446 1509746
768 1843 166213
7828 970 639722
1021 7899 281217
8544 7247 157600
3827 3420 786289
3489 7192 34464
247 8742 120087
3389 422 160645
7440 9194 2345183
1711 4683 298185
4265 5337 1252136
8837 4268 1029506
9255 8769 631646
6669 6794 623264
5772 3360 896420
5764 9391 32690
3142 7532 103873
2107 6967 333900
5885 7309 692332
48 2436 11693
2553 7549 590546
9407 585 888181
2081 5359 56595
5246 4552 253955
