79
6724 888 2784627
3067 2309 435421
9621 9622 396513
7929 1650 981703
7780 839 2998547
8675 4902 2753762
5068 8731 330361
8744 8051 489410
5621 472 790376
5101 4307 1163414
5544 3808 5244963
2179 5345 1999338
7486 2545 17313
6195 4397 559797
3683 7728 1450982
3900 3730 2625256
1139 8481 269069
8086 6890 225253
887 49 123185
2877 375 2901278
8205 2943 2480673
870 8378 786434
1970 8310 434621
5609 76 377647
3645 8641 1874998
8554 282 839161
2552 7798 376901
6686 263 530072
4143 6823 823361
1857 6792 284226
9244 4889 43558
8357 392 1249139
2415 7400 42011
7560 1997 1539152
5230 3592 2144561
4448 8459 1185587
9663 3750 1433563
4352 1372 888845
6313 9948 2169963
4745 4215 3446071
6915 1785 279847
7876 1044 1436244
6489 8857 29455
3081 9981 288133
1596 6800 3356554
183 4163 1374066
6569 442 3957288
7666 354 779003
1234 8363 599751
523 9004 3273008
4319 4542 715782
3160 7936 1141867
8640 7225 74891
7865 6815 1857097
9247 5285 1797930
2028 3385 1749274
1846 6308 428919
8975 5654 224677
4676 5695 831217
9159 3021 1049214
6535 9372 466668
2524 674 448698
331 8174 54109
5204 9117 3294748
755 2645 1004216
9546 1776 569373
8685 5335 637623
63 2797 1217044
8713 954 834206
5447 732 502895
1737 4638 844753
6609 3448 2809500
9284 2851 403733
2902 7031 666617
2343 2933 1831796
7686 768 2051408
5943 520 3242465
3171 764 995602
2708 5551 1389217
