122
3806 8314 2004975
9197 1355 514710
1784 6625 784066
6724 7637 526127
5885 686 92395
4407 2082 570464
282 3665 321733
5581 7909 188467
2212 6631 506933
6048 5139 571920
2567 8201 1032676
9849 3388 3086615
6592 9837 71228
6758 2375 845848
6378 8736 157845
3697 6755 2480188
4257 8334 2725946
1796 5868 1914832
4124 612 112218
1012 7723 65586
3367 843 122325
3991 1267 2469063
9800 2876 1120128
8943 4700 1334955
6246 3722 869458
589 1757 1870976
4128 5883 1592260
2973 6834 519947
9990 5465 141554
4275 134 1818607
6822 7050 19443
5732 6956 902329
9946 3462 2258876
9858 6328 967631
820 5303 1964639
2317 3869 936263
3695 1296 240169
5451 1870 139567
3772 8160 1690232
118 409 910757
1610 6352 605192
8641 2333 382971
238 7491 155940
8011 1517 44278
8740 7466 121352
2274 5516 737774
8357 2945 390459
2287 5560 290465
7747 7059 228876
6411 6396 1728255
913 876 812370
4636 8204 141081
4927 1425 855614
7289 9101 111316
3043 1439 53207
3025 5575 903203
1997 844 603738
8956 8179 76116
2901 5610 467163
9820 3945 2012703
1372 5998 1100090
6177 4379 100416
2783 1813 255447
7962 9153 543058
6288 5452 1193897
8700 596 1076331
5690 6990 511476
9166 6485 353939
2706 6411 893045
9330 1634 1007195
3974 2580 3447986
6836 6237 710928
8573 2800 179972
5149 9009 580752
5571 3608 1222549
2063 5902 1122976
7996 9095 1022395
7877 9749 484473
737 7698 269886
255 9043 1223098
9709 5287 2112134
8262 3002 534028
8122 3106 1094924
201 463 824326
4706 9816 501933
9663 4830 1215074
2050 4601 359506
8403 1058 723498
1036 1944 1692416
6357 5578 1289238
5134 1224 801364
3355 5899 133625
6323 7671 93170
120 3824 1087424
5214 6213 295765
653 552 230389
5963 9689 297724
5658 7993 132390
5973 2672 26550
9021 5468 3371309
1161 4663 77377
7330 8823 1414818
2843 6871 181136
2555 7971 2013444
5103 2143 998119
8076 9821 567360
1855 8144 1228228
5127 8084 1455975
9097 7927 925366
6282 2626 39972
5407 4395 32151
6992 6787 1969778
1458 7814 75172
6177 5693 198147
7388 3649 393400
9462 9536 770675
2984 3756 1060899
6992 2076 504672
8943 2413 23036
1583 4531 5355
5981 4781 19859
247 1374 742341
