61
1370 7162 2048941
8537 5195 461012
2783 5995 556983
9602 1153 173406
3782 8844 4108792
6571 7226 147962
4149 1864 128476
5624 4150 1010968
196 5537 2884127
2570 855 3300873
2017 9581 598762
6371 1842 3032860
6906 9540 1437677
8148 3476 1288845
1160 9733 199881
2685 349 2076150
1868 1780 790280
4966 2151 326114
68 1702 2848087
7125 9976 2315533
6069 7076 2648537
8450 162 4296199
5476 7460 748965
3126 1089 2926555
1805 3869 560218
8903 1724 972406
5862 6788 156955
4876 1355 6938492
4891 514 1920846
3933 7956 3179616
9487 9790 3187162
1287 9035 405039
6909 9236 260540
3089 9088 1955590
6847 7344 1277459
4960 5320 1886565
3656 1100 409237
6547 4310 5447955
2130 8134 9618241
1769 6774 1404612
7399 2683 3192282
9609 3668 754348
4401 8673 840844
5630 958 1446338
9451 304 1236718
8043 8591 1055954
8962 1129 224433
2994 5237 396083
7650 8816 87499
1341 9218 774717
4649 9588 926507
6886 5417 562541
9926 8616 1127674
9499 8110 186320
8712 4095 2228959
3309 7585 205887
935 6784 247290
7137 7382 98307
5427 3563 1692302
6519 6890 2018872
1997 5272 759207
