149
6910 977 733467
8984 1473 231587
7500 75 765294
8018 5916 115212
4217 5648 33257
9348 2750 1002095
8181 2755 7177
561 2658 144248
8393 3379 336534
4476 5923 17280
500 1047 1159298
7984 2339 1404835
6033 9589 107439
4046 9983 1192055
1235 2171 285238
964 5541 802987
5636 7059 1610288
7414 9115 1693954
3574 9702 1092459
4466 1015 834177
1591 7853 302156
3085 4488 365057
6498 9152 672231
243 8179 45026
7257 6256 407443
2774 950 1810695
7295 4708 655773
446 9380 293167
4660 9226 396696
1981 3265 1113830
8166 2242 709875
3574 9215 481301
6387 6799 19028
8533 5733 452286
1716 8052 237022
9877 2298 563416
7367 4806 229860
2275 2784 460709
1597 410 439732
3592 199 877624
1278 8678 790749
8284 4096 177377
7957 3716 1612762
1493 8610 184365
4236 6127 746734
8154 1097 158536
2582 1193 1344717
7084 4204 746052
3685 8117 209831
185 9021 993381
4416 4027 700459
4924 4370 125064
756 48 498196
5652 4049 379276
1288 5671 574780
5351 2785 1074431
7351 7052 418076
9271 8162 966265
1686 7385 118728
648 7498 715301
3029 9727 439118
7439 5727 155741
5792 1507 127365
2194 822 935394
6313 387 799723
2267 1030 1101949
1449 9493 5749
9798 9697 452632
2662 5763 714899
4593 2910 907884
71 8626 536785
4254 8089 519794
7535 3509 689831
2358 4244 503740
3112 626 1745594
945 7733 127639
8213 1622 106879
756 1801 765467
731 7306 1771563
8306 5634 482122
3503 327 627911
6451 4365 81721
941 792 543220
3313 4377 938412
2896 2186 815980
4692 9125 1080076
4237 3869 1593269
3900 5402 1364601
208 8965 1203043
1104 7192 1906854
8304 8690 313347
5492 9565 879145
1955 654 395066
6249 4840 766678
5346 5936 744303
8804 3777 477527
4199 5832 148223
394 8209 639474
9612 7617 283770
8186 258 467560
570 1707 588717
2463 4022 2001816
3871 2954 638371
2574 5390 259415
9439 2799 638611
7304 7451 1378518
2735 2255 770799
7630 4000 2201715
5660 3604 138691
2328 7326 101526
2563 2392 748410
261 5639 683722
6394 2166 395843
2967 8944 1040793
4 2923 664022
5815 6514 357259
3185 9288 1505933
2372 1098 797995
4010 417 169646
4834 4502 885456
1128 227 1164255
223 4672 307794
2864 9612 548621
2869 818 469742
9411 9575 280676
2455 7301 593673
8039 3713 837450
4697 2838 11726
6567 7171 15893
8087 3373 4977772
1976 8184 117988
337 857 682297
9757 5475 153479
6269 5992 493294
9571 8102 295671
9038 878 80782
6008 7323 728328
6667 6488 2030314
7356 6075 207768
406 1588 54992
57 9197 900758
9310 7508 9839
6540 2769 228782
5638 7239 976734
9277 819 171829
7567 3281 652994
7820 935 132777
3222 7726 1272855
1829 861 836723
