77
8179 6931 289187
2135 308 1007459
3897 6970 1555769
1666 6807 147365
2425 5838 171019
43 6841 2686708
4348 5926 3228896
7308 5748 2059903
9890 9616 2537415
1432 3639 2721047
5857 9350 4083591
9180 7935 355327
692 9236 1951196
775 8703 185796
5743 1156 1152236
853 2777 2331766
4433 9103 712091
2823 2879 504723
2438 9844 551876
6494 9977 945245
8109 9117 1324182
5769 511 1707058
7884 3701 2352056
6765 3410 1436252
2064 273 2167161
9624 2702 537919
625 7592 949185
2829 5891 1105718
3541 5619 793915
7218 5263 812176
947 7575 1550285
7426 513 939544
6985 5443 488835
6048 2722 1212901
8234 9828 1784590
7535 1630 168051
1905 115 794803
9775 339 3015056
9502 7902 3319667
1449 6177 1823007
4685 2323 1810048
8346 3974 3248163
4328 3110 2752445
1250 3485 123084
6149 3980 123682
8702 1387 80183
2102 9277 688041
7570 8092 2432298
7052 3475 274789
6096 7822 3137325
7141 3670 717751
7815 4561 2239530
5311 9189 1648645
3059 6359 554436
9537 6503 1925280
9034 9048 778107
1678 643 435108
9226 2502 1716435
6291 6241 1012326
7788 2627 2208578
6815 3914 793561
8460 6286 7981
9954 9665 180798
2144 9201 1463029
3588 5869 85515
719 5000 1372652
2844 9956 154572
5695 1761 1331456
1448 1347 1104308
424 7988 2382398
6421 6793 844104
6394 2790 469254
4764 2503 1489716
7646 3934 597766
7148 9688 363944
4122 9974 1169630
6649 489 822086
