127
5736 4033 338084
5433 611 457162
3960 4870 1035247
8458 7437 451784
5073 2379 263795
7047 5688 1031576
5955 1765 1189911
6104 8843 8721
6990 4179 20532
9806 6241 821641
8165 1961 23351
942 1024 738913
1079 5241 194577
9898 3843 319946
427 1928 1422412
8073 4416 856434
3811 9447 1933918
552 4477 912621
9086 6690 1152803
8346 744 685020
9929 8860 132244
4519 9385 1904273
6066 5915 61295
8112 2627 415979
6335 3913 15389
4184 8935 671742
236 1977 1322293
5025 2378 1653427
6168 9526 1057234
749 8552 594331
2873 68 626377
321 6747 518296
2361 1351 64173
2660 4011 1449169
1931 2726 585044
7078 5673 1477824
5740 7357 260419
8840 4860 484477
8410 7986 50140
5652 9165 96650
6934 8321 679876
120 389 192929
9536 9263 1540351
6654 1517 114416
567 4696 185139
1875 9540 372456
8615 4065 2168623
1000 5522 358923
2456 2888 25123
1253 5608 718006
5104 1910 519702
1 5202 1336057
1855 6723 2962676
990 483 636593
9680 4230 1098097
6967 9903 607409
8340 8109 578111
8019 5759 158215
7039 4583 734755
6902 762 244425
7933 7552 296115
2378 3406 818827
8931 8895 54480
2566 9094 2101886
7035 2193 41403
5142 7734 388467
759 5215 49466
686 6070 3658214
3169 942 938382
9122 1045 441868
8777 3033 614170
6771 8282 298918
3456 728 875662
7205 29 455762
9477 557 588549
9695 6726 423107
2234 5702 181600
3145 4297 2357321
8319 9536 2039119
1297 8063 1871932
8191 8796 767473
3598 2385 1668338
4254 6001 876593
8643 3373 834705
487 3905 1828374
6069 689 1238809
836 2410 77525
4031 1701 88623
5587 6045 864529
7258 8655 513785
3765 9721 1311953
5890 9818 568487
3284 2780 97325
3446 4997 299249
6774 6949 300964
4062 5965 187464
2002 7865 233789
8420 5723 2105414
2664 7114 1442701
6822 6883 749366
411 206 902300
5905 6758 2054781
1209 7555 2765
6371 3562 146465
2863 3693 1795766
3844 5823 158888
3184 2858 202747
6782 4882 779645
6092 8866 829438
2463 9558 240489
6986 5761 412171
9019 6760 100126
3198 4204 777206
1231 1689 609399
9642 930 456154
188 8487 1445619
9073 3058 351965
1041 4711 2085545
869 6004 1851162
2651 1348 1002673
3119 985 249383
3690 8959 234107
7074 1681 2897170
268 7926 1046274
7190 7850 1139863
3708 3448 527432
1849 539 618647
