88
5605 1441 619071
3643 698 2409401
5986 3477 989271
7025 9375 138999
8751 2601 239711
2178 6790 1229472
744 3053 899614
4546 9526 78550
273 1195 537886
3111 5475 88130
5776 4783 1174880
1510 7397 73245
7942 9293 2246778
6196 291 696679
7467 5273 2825588
6504 7101 325193
3192 6629 3625281
3832 4489 2433216
920 8598 59535
3410 4953 1821092
9536 8209 3001153
2610 8173 1614498
7420 9437 2630615
8874 8780 1813544
2248 3300 1571776
5042 6842 1320326
4470 2492 2243478
5230 3892 1685123
6676 2991 324361
209 8888 2078048
8735 463 228279
2654 8955 328101
5847 819 47245
1046 9410 390632
4661 8421 6737
3789 3097 1039007
552 7416 357405
7975 4216 904988
7538 7704 546073
6681 2866 708959
5537 5698 145410
6077 5303 990251
3945 318 1621857
7630 6671 716013
959 3839 296824
8452 4377 88868
8407 3501 1056414
7509 189 1380034
5798 3782 95103
3229 748 273646
9038 533 1570957
179 440 1116032
7300 5713 3727375
7561 458 1027093
7522 5487 2347695
4594 2822 755099
4674 3281 588556
6915 6192 291190
6109 7774 1728331
5302 5105 91514
5646 6833 1225440
4665 7440 246572
7267 272 3771866
123 9752 268812
1351 283 1043739
9719 9801 2512280
186 1435 487519
3955 3243 831560
3527 3939 1476276
4616 7959 1660460
4523 5393 537183
1495 3052 559250
2619 1267 1009492
7911 3318 1511535
8872 4230 1024547
6995 2567 243809
1828 4255 3168652
4353 3384 2482707
9741 4818 202312
2523 9762 1114185
8128 6216 2119568
7053 706 1309461
5097 2663 827769
1529 1532 955465
3089 8369 137230
4235 4847 1687281
1466 818 828241
4228 7058 1496587
