144
2023 4641 262580
929 5659 679231
1824 9908 178189
4510 493 231571
3603 6137 541293
7229 3099 369076
9145 8622 1104103
2101 3982 200949
5431 2383 613694
9898 3303 171553
7479 7136 854125
5887 4901 439630
7950 480 264137
6330 504 9257
3831 1043 399192
57 7492 761594
4908 3173 423111
6073 2388 523657
8461 1264 2384471
5118 4230 1966504
3684 8772 2590112
1942 4357 854002
9477 9403 749556
1217 4832 85887
6579 3218 192675
8421 4971 364845
1198 9032 459085
6927 6879 2195032
3107 824 327031
576 1956 413424
3676 9960 1130933
9677 3139 1080696
9144 1695 559052
4547 7219 471693
8988 6781 419730
2380 9610 630574
7499 6943 848856
4212 8612 262449
6802 2663 578578
4504 9851 191557
976 3085 717
2029 1242 2839
448 9094 1176518
9180 5535 119380
7449 5265 1598183
2454 9810 530050
229 3219 783031
9555 9817 146685
7979 5659 526706
6112 5835 608
9801 4123 6214986
8529 7198 1043571
822 5386 2307969
8093 6924 914425
392 7702 701493
5654 92 377973
3327 6772 486105
3486 4592 1875195
6534 9394 371281
2904 5113 81247
3497 9005 1738854
3106 6748 279151
9277 9270 247951
3838 4009 411055
6559 4866 92547
9800 8875 891073
8188 3242 800
5002 7463 125647
4747 5055 4135576
1777 1125 383421
1398 1411 215386
7811 7763 2478368
653 2032 2168716
5011 3903 494218
5774 9851 381743
7111 2102 237581
9436 1191 773727
8720 9630 357699
516 7937 379268
3693 5 419359
286 8652 697822
7052 3244 466670
5269 9107 440541
1263 3855 349215
3553 7961 809489
5769 5901 203968
4646 9945 1311937
8050 4261 1926147
7916 8720 632598
2927 2756 322320
976 9243 249164
346 7898 910066
3344 7946 46245
9420 5227 65558
3865 4054 563897
1734 6362 521240
124 5729 1025417
2081 333 2028354
1353 1004 22694
9704 2308 411200
598 3059 382196
980 5465 749782
6412 5129 4027
5269 4594 458692
8399 5963 633974
9322 2883 1720391
4450 5447 235149
1481 5968 606954
6457 4044 405029
6585 4029 45354
2248 1826 156700
2745 5234 649279
4784 6776 194661
510 9988 591882
3257 5977 280442
3571 4154 150569
24 4494 436339
3688 5649 85978
1124 7500 1133919
5114 6303 754746
8832 2848 136343
3297 5513 272236
3655 1905 60534
1763 9328 40480
4154 5883 187198
8588 5344 786597
7425 4667 248077
852 9301 515283
7833 8451 1170521
3987 8023 682733
6458 5465 103686
4406 104 492747
1553 1212 124347
127 6784 1070966
3443 9759 1141236
920 4000 403123
8847 9604 1822648
4552 7718 185645
4793 667 1119607
174 3269 971422
1169 5800 89685
505 5184 367573
6128 8981 2585516
622 5269 486406
