63
8024 427 979448
696 8922 4373976
5763 8723 219347
6224 9432 2279576
6021 450 593198
6015 1421 222976
2350 3354 303818
8550 4907 2685124
9210 3662 6562462
9475 3061 107467
9996 2658 342224
9158 7425 511288
5819 6587 1522196
633 756 3749814
636 2184 4379523
1446 3043 11623
676 586 1180189
8093 7302 1772747
2264 6779 1868083
9757 2169 3301083
5626 5791 2236248
6704 4505 2875960
8849 524 3197236
2529 3833 1021051
3938 3389 2209040
5015 4969 2063133
5857 8415 3102804
1567 4050 454000
4590 6582 474097
662 9745 256526
1253 8161 3755178
9802 3685 77942
3649 622 1135824
6584 5488 1568456
2733 333 3600269
4402 8216 5302538
6578 2655 4890024
2748 4999 2579013
3725 4969 1671722
7518 9521 535901
9740 3263 212355
2454 3102 929635
3 9260 1745842
1746 6901 1516404
9493 2394 388325
6276 61 1500631
6341 4901 89693
3046 267 409555
6563 1852 44494
2065 6277 443217
4620 5867 96302
6796 7155 1778975
470 6105 840898
125 5955 441750
7108 1358 2448210
6960 6079 549472
721 4032 1354174
748 4403 1115267
2532 9618 464828
3767 1178 1745437
2546 5906 1089427
9651 5994 628014
610 1043 193971
