184
4547 5030 169136
2945 885 37106
9268 8922 20337
3314 219 84051
5549 8079 174709
955 3267 443046
2979 626 65759
7537 880 2720728
6768 1153 326436
517 4785 802983
8108 9924 239388
4772 7064 794344
6204 6116 28784
3787 8158 278056
6204 1401 419365
3024 6395 569635
941 6604 60891
6796 5988 146910
5222 9270 1790311
4307 4994 42508
3559 3980 819859
2225 7416 1187773
211 4549 48274
2966 3839 107997
4712 8039 671036
7204 2694 872044
8970 9269 146782
9009 5463 108535
3876 8564 876607
6721 1833 697869
2063 7206 124169
5439 1931 62913
7318 3225 18765
8503 8478 1010491
7222 3609 622801
5766 1136 314091
2674 1728 591155
3068 9725 272492
2419 8537 227058
4530 559 28252
391 1367 524640
8246 8139 1110026
2868 9428 436092
360 6804 2021932
1083 5129 1930937
5546 5281 289927
9373 1161 164542
8352 7249 1782516
1101 6816 735166
5670 4813 276969
6236 4457 320593
3341 3220 294138
9450 2322 301129
6838 7271 1677417
144 8885 655567
8351 1156 88863
2921 5840 105285
994 4748 582318
2182 5986 1436510
2624 5784 234008
4505 3479 595731
5863 2555 883312
5197 3707 39963
9924 9541 271270
8439 4261 230515
5346 9698 370323
8073 9799 833429
6223 4999 255177
1167 8667 697144
5394 3095 229686
1775 1492 729058
7265 9294 293110
6810 6610 50017
3377 5547 1637531
5837 3747 531753
6184 2984 968848
2196 8246 1811019
7289 5156 109040
9388 9683 57129
9398 2223 71336
3466 6524 337991
161 3461 259281
5543 3326 2116
9616 3960 2157072
2610 9753 78308
3675 8567 291393
2274 902 395167
3440 7374 161676
3017 6204 57231
293 1730 60533
9586 2926 1205348
8226 2453 2932277
3740 3051 859016
4130 917 275071
7406 3780 153074
6453 6673 368723
2045 9360 349686
6878 8513 198132
6531 1690 1083539
8751 3861 2590258
4049 8286 965510
7033 7797 444478
1074 8239 11147
2609 6345 292106
3724 590 406065
1731 7253 621071
8200 8672 117701
5319 5362 532263
1103 6819 747381
718 4937 1033817
4855 4614 1059061
4387 6714 461119
407 5788 1179381
3052 1511 239447
8320 185 262562
2634 4174 226821
2384 3632 172672
6112 5607 193956
6419 8192 717137
2241 3172 2340011
6710 3688 69124
3228 3966 453448
6521 622 624596
4259 5404 2480059
9091 46 917237
200 1257 45564
554 5337 1204751
4415 6554 314142
5693 9086 2326095
6922 2080 142162
2565 2945 1007722
3474 1924 331634
8259 560 434762
6925 8972 141240
607 608 284643
1118 9275 128884
5743 1813 846732
161 1810 47789
2799 2420 178859
8324 9222 447491
4867 2290 573031
2595 7530 170825
608 1569 243117
9286 1664 487379
9880 7955 642264
8177 6407 523159
3250 6323 212706
7928 9183 633664
8210 4786 134417
3690 6494 542457
9984 806 433603
2999 8379 844288
4819 1570 272934
2532 1351 326815
2856 5456 36344
2249 4783 1212587
4099 3651 116251
9994 3169 478859
7185 3202 73011
8427 7400 15030
4638 2137 293758
5731 6439 48817
8456 3091 1240512
4536 8318 21723
6173 5620 39886
36 8794 627130
7148 3296 713860
6948 2416 365476
4208 3003 945768
8193 2842 473752
9747 6857 561088
3532 3269 368834
9530 4856 94597
434 4429 499598
21 3457 1530033
1895 9828 126976
5073 7826 416259
1229 8857 286405
8786 5667 607728
3680 362 27786
1914 3074 50435
8007 8509 175082
4099 9523 24248
3723 5466 563564
