174
654 4529 806504
9237 4606 443055
8110 432 181281
4222 7929 234498
3987 7362 758438
623 8734 353516
9643 5590 411541
3105 6997 490606
9392 2037 362504
7009 7195 180453
9492 1951 398197
2670 2382 953848
9586 634 668342
9557 9256 143943
3429 4340 794063
7399 3122 1089399
2249 9449 377180
5758 2167 779981
9835 5381 495458
2763 6660 1422293
3804 8899 69299
3895 6123 33274
5611 8124 668139
7115 1448 209091
6490 5404 31212
9375 7692 1831849
7020 3805 35515
6491 929 89555
2130 3234 422938
9580 7110 570301
5953 1240 19701
269 6997 521985
3026 6607 793539
3852 6705 791883
5314 6623 1121252
7615 3087 1112291
2172 3885 2158948
62 7017 1624111
1913 9716 38307
5397 5085 357622
8020 8252 1570625
1400 5601 606263
4425 4814 512129
4736 6792 605475
2521 3102 456541
1683 6820 395197
2484 9364 425990
1966 9007 1510924
9080 2616 342341
2667 2293 898456
6410 4049 957513
8843 8169 287399
7711 674 415811
142 8741 69655
6472 5634 371906
611 2462 151283
6580 2076 134265
7860 3070 122885
5950 236 100258
4469 667 385539
2107 7806 825390
5586 5382 1008402
1275 4720 120697
3376 1440 1995966
5685 1088 1168321
2995 3641 35215
1885 8236 945071
4019 500 89793
7034 3117 560239
1575 8364 735253
7803 3929 482498
350 1956 360936
4302 3146 833126
1005 1277 846782
6633 957 438561
48 6907 167817
4948 7954 283413
504 6406 1099249
4126 60 259762
8354 2998 714813
3196 5211 718305
64 8192 347317
4096 1012 649696
5187 5664 1924328
4502 8509 154229
822 4794 996275
1953 6698 688865
6034 3804 335302
2585 2769 920886
8625 5145 182169
340 7902 407796
402 4168 1303317
7344 5074 1053077
3142 9140 460632
4063 3026 231525
9038 4258 95615
0 4445 691527
9146 8646 342536
3236 8421 130111
9097 8467 322930
5908 4446 902189
9137 7750 395790
6301 6558 673413
9079 3 311022
735 5551 212356
3125 3223 890692
4387 2474 698507
1791 7636 368328
9742 5510 762652
1781 8559 46136
4354 1676 129023
3747 2595 885051
1566 1566 39242
7293 4104 116146
5361 4651 1150125
6803 6841 837124
4098 8417 186101
164 3977 383951
899 9981 331334
1917 9562 217176
8126 6905 410626
6151 329 195453
1287 2693 1370063
9487 1442 693455
4818 5613 859608
5984 8975 416398
5421 5061 921543
3723 2201 375702
9040 5253 244456
3909 807 517705
9159 6120 117467
159 9141 525243
1318 5384 420154
1203 660 63672
1654 1259 120820
1474 9790 161938
7712 4254 305123
6760 6007 335897
4895 2454 256656
7554 9616 16635
762 6296 781178
9920 5853 214848
5756 9849 602208
3175 6269 948190
5279 2116 240121
8351 2386 605903
5469 616 994719
9240 576 957945
2571 8229 371524
883 9202 879033
5164 9727 343902
680 4452 740444
5712 1831 6698
1958 4085 622599
3863 6747 771829
1201 1713 328781
867 2906 541086
8821 3741 822938
6560 8676 37174
8521 4208 51339
6240 3768 522810
2632 975 209730
6341 5935 673060
3628 3378 1366571
7574 9182 1074634
1717 166 131485
7120 1631 1941406
191 8817 491740
8234 5433 1956788
5778 2510 548359
4189 9259 1389664
8299 1403 1374411
5587 4137 369511
8621 8337 128291
