64
6731 2200 185295
4344 176 2439223
1534 9371 249316
666 5404 248774
6759 7060 1277576
7214 9802 1118797
3136 3171 1531475
3726 3538 6332589
9725 1664 2083412
9872 9695 887603
3116 7416 267696
9762 8991 1755244
6509 7269 351898
6364 7708 1235754
4663 88 1997344
3570 1211 2742283
1313 2542 345382
8364 3068 1331990
1620 8491 1848098
1515 8926 1138791
8318 1261 515793
5092 4980 567413
8143 9630 703833
5913 5253 3738808
1278 512 598522
3505 5975 1071197
4411 3144 1625458
9406 6590 2082244
6503 7633 4085995
1692 8636 2065693
204 9085 2612867
8788 2501 781251
5127 47 108988
8237 4635 475856
6466 1275 9442
3086 2275 210497
6165 923 3167704
4919 199 860720
3448 2264 64186
1985 5139 27061
2777 1779 665306
8509 6627 459275
9540 6582 3290230
4103 4314 3972626
7915 1350 1891742
905 4048 315694
1647 949 1750611
8474 1902 939234
6463 3637 127963
9354 2204 2119203
5191 2658 977718
9210 9704 2935835
4372 1283 966568
3350 1898 6866343
9118 9131 65655
2306 1781 2655106
4127 6265 2597504
5592 3131 623048
6657 7888 1578154
5973 8687 2174272
9168 3358 706205
4456 7281 581096
7250 2996 3334821
1612 3980 3663723
