188
278 9144 463864
8718 7290 1983596
7018 3711 600144
7150 5918 164410
418 3213 585952
2595 4401 698564
3327 6767 133495
5972 7254 67849
9874 305 370191
7753 9667 105107
4354 8542 414055
508 775 392524
7259 2265 1347084
3690 4041 186158
4564 9524 198225
4496 3005 1268404
1395 3616 1370384
5243 6752 142302
4408 2743 343490
7851 1054 1348009
3394 8247 1029006
576 1489 13379
6382 7891 272303
3162 4724 240644
3466 7280 37929
4423 6264 1689928
3779 5389 662009
2235 3873 1261994
5989 5018 1570291
8824 3072 1697590
1391 8932 506821
1940 8784 24043
9062 3365 467054
9976 3599 169576
8377 3455 231730
2916 158 796917
9415 748 649180
7103 2035 212219
6732 4704 239006
1390 3799 51509
4675 3530 112795
8388 2029 103010
7277 3464 427673
2382 7361 336423
6712 1973 332457
283 5696 798499
5956 688 815232
9058 8095 271281
4894 6694 872311
4337 4290 201220
2465 9348 844142
6953 5224 32897
1781 6400 129875
4317 9711 365434
8480 7917 1098364
5175 9573 1375465
541 2655 418479
9717 2122 72814
3760 4127 295628
3196 5465 30543
6249 4761 159591
1442 8622 693121
2012 7752 231597
1779 8713 886303
9556 7447 217158
6305 2975 1437918
1553 1088 1312482
708 8267 367499
542 9756 108012
4448 2530 1072313
5592 2412 863193
675 6547 113644
7126 6668 244514
3442 9582 1434220
2627 5598 131479
78 5274 588672
2891 5736 3271237
6497 1653 655789
5554 5460 828395
7646 9912 781189
4542 2736 205137
809 5843 858
6725 7263 1765690
3666 3412 2576079
9783 6202 279582
7034 4168 50012
5558 3959 955369
6104 5777 11093
1799 8345 166843
7487 2565 525521
3697 3063 1314152
4718 8619 825351
5711 975 520826
5448 987 623899
6222 1360 143615
3835 353 625181
9547 6521 207034
1521 2119 296602
7415 2330 371026
5164 492 92828
5996 952 41463
9941 2289 1460134
9836 4650 912895
1521 3431 788533
7684 8447 351851
13 6664 11965
2223 2399 714255
2436 9610 471508
3077 7055 354609
766 9344 246446
3217 6426 1006614
1085 7072 1092160
3715 2775 92498
1228 1959 62504
4223 8569 103684
4649 2705 326664
1724 3499 117981
5967 5400 508480
3690 3194 523667
3114 4563 92931
4427 8980 166354
9069 8466 961732
876 4358 848242
298 8616 914950
341 5833 623689
8977 7256 655362
5847 9219 242843
8237 1727 1378985
1648 1697 974212
4883 247 190044
8911 7280 101750
6803 7913 1204600
6596 2439 380250
4904 307 265957
593 9654 211466
4101 6144 258428
1218 9277 49291
2101 433 110151
9570 7134 73804
8983 5395 14219
6501 8580 41626
1010 4526 977561
9623 4551 907851
4809 4732 491879
2847 6207 712863
7998 3562 101612
6397 1358 125501
7781 3210 238463
5512 8785 2587244
3304 5413 243309
9646 3388 179891
6176 3572 1846770
2070 1610 108558
5212 3044 20470
9920 4222 171891
1040 2038 60166
8175 6742 654906
8635 1122 233248
9028 9364 1129229
9444 7995 495173
6468 7677 47968
5313 7120 887803
7464 3477 347375
5518 7489 138810
4504 9713 233921
8344 8591 81463
8238 6038 1146718
6790 5538 586980
9167 9715 954114
5554 520 709670
1398 667 85031
7329 2181 928545
7449 4039 159560
4528 8401 414195
5964 9785 64981
1353 8520 238010
838 3454 95244
9762 7672 116160
4476 4852 180364
9490 5538 12720
2392 1231 17271
4252 6829 16960
5980 3370 969911
4074 1203 53037
493 8070 439566
9108 6544 61224
2272 2765 181381
7913 6980 699135
