191
1331 8303 236652
1574 1285 439647
4923 812 435343
1766 4858 1326895
1893 8859 63586
555 475 826829
5159 3552 255427
7890 8934 1099454
7027 6193 287307
7277 9370 166884
2469 2272 78700
5060 6862 92386
5867 2311 544494
1380 5836 55380
120 3168 63282
8621 749 1271665
2284 1450 755757
8092 57 395809
8362 2694 37498
2517 2625 1195686
1937 882 189578
5776 8719 832247
1716 7453 1095190
9063 6062 36956
1523 4071 215130
684 1307 797447
7843 1716 429953
5484 629 27069
4746 5952 988349
5144 2756 16653
6190 3284 476674
3791 3525 213703
9858 7345 95852
5817 2985 13944
5720 3613 1692429
4042 7462 755093
4058 1617 10040
3673 8191 1564313
2003 582 169964
6173 2941 844063
1205 6927 19939
3379 2091 25277
8129 1900 2488723
6903 2012 1599558
6060 5678 567266
2319 8509 68122
5185 5441 825673
5284 9092 107140
1708 3568 131627
7240 2287 1290799
9791 9171 350790
4125 6869 230453
7732 9512 490570
9575 2046 261526
7236 3702 1422439
1171 7787 249909
5367 7238 176196
8859 246 483828
7897 9690 245695
8573 6403 855766
1131 7936 2206021
4398 9752 484951
5824 6425 843168
6900 4106 100623
6390 9726 373312
5504 3717 814811
928 3231 72489
4931 6848 415932
2512 6127 412411
5831 5317 77132
8936 5062 188265
4211 1348 1226380
1841 3742 487532
6477 4310 480414
8708 2250 249650
7865 7759 29231
5923 6944 957182
6316 9126 230852
9958 7634 2874877
7338 9256 44924
9259 6658 65129
6709 3786 153679
6243 7771 91791
7433 3182 42661
835 9074 1714801
710 5693 911524
577 5305 91640
6183 1937 186118
1385 8856 43207
5789 4982 888301
3986 9128 392214
8009 6395 284474
3815 7003 505403
5724 4684 24771
4463 2224 44184
1106 2449 408707
5019 9795 683205
1467 4178 415022
1705 1384 1251604
2939 5681 2235896
3217 7495 53449
6505 1697 86061
2009 6168 166557
6957 1597 996327
6772 4180 656901
6458 8159 147759
8519 435 1131776
6697 5564 84934
2540 6636 426758
1903 1013 415644
2648 7062 913913
4438 7921 372350
7397 1309 1154517
35 7673 575
3878 6877 678973
48 6151 256780
6123 9161 583989
272 4262 706489
1707 8015 709373
2164 4458 907779
5807 1633 795107
1084 7159 1889890
3769 2893 128143
9986 7629 225766
7046 5827 838486
4453 9904 125610
5676 7891 524878
8449 2913 136450
5540 8798 717560
5527 5764 509333
5139 2615 600868
4706 8629 324161
1155 7969 112121
4998 5940 329467
3276 6281 652581
5513 6608 178926
4781 7513 159379
8843 3399 218696
3539 6737 639052
2574 5144 625726
7903 6443 698545
4949 3383 666788
9489 9458 175043
8312 8931 417788
3789 52 696747
7322 5073 304476
4010 6826 1455844
2555 2286 2473497
5244 174 138475
6797 9758 876988
4464 7554 201437
9027 5437 534346
7293 4073 156384
4843 4005 254001
405 2198 614182
9289 8109 274359
5394 7062 1138391
7812 8696 1516207
4697 333 2853
7052 8457 1835
4126 988 49339
2645 4180 96841
4417 5824 745019
6169 7940 95901
5435 8786 30474
2867 6896 1008334
3584 17 11232
2642 9264 245683
9820 6517 229437
8427 7246 240422
9237 5530 243397
4389 9870 1217294
1909 7641 96072
3143 7068 161710
6049 9177 996764
3967 5715 758022
5926 1836 284005
1295 8502 260967
3335 7547 402076
3272 4530 411731
8090 1295 977276
6535 273 39978
3126 1247 69376
5477 8812 11469
79 8232 142175
977 1614 30658
3455 7930 406024
982 2565 116235
228 7348 818168
7938 5365 1518506
4517 1981 515013
