54
381 3742 5444038
452 595 672690
8168 482 1291432
4640 9962 850241
7208 1827 64777
3405 6731 1593896
3075 9156 3332597
7411 3678 3005984
2527 2507 446028
8737 9176 6164559
3685 4172 1094520
5058 104 2766026
6520 9143 485314
3193 4275 376051
4828 4292 3042097
1927 2296 4142142
3753 1947 7623980
2093 862 1189398
8954 9980 123914
1404 2710 1091475
8461 2717 2435843
614 2570 219461
7086 1360 910434
7704 1112 588989
666 186 161727
1003 3865 430783
9032 9411 3066135
4445 1444 1506337
3851 7733 12336
7944 8445 247205
4450 1152 626621
2605 2431 869164
1425 2042 226676
8914 3946 4497816
113 1290 668986
4515 7621 225369
1830 2658 2054857
3645 6588 867916
1095 4098 1127260
7338 7667 675719
5418 2753 1909898
3257 6142 2473482
884 3598 3216232
9670 1439 58496
585 1766 1797632
4234 8870 421047
5054 7350 2873189
5896 3917 4882369
9592 3395 605171
4889 4071 1519552
9595 9095 2707628
5712 4594 1257264
773 7371 7491543
9790 8024 2565704
