90
3501 3927 370032
9237 6921 1433170
3889 5230 220461
5509 8287 600693
8235 5314 352421
2874 6964 114623
7676 584 223885
7820 558 159112
3003 7177 2783192
7996 4004 1166660
7503 2266 541201
9186 6097 118041
1005 3721 334163
6920 1024 227159
8650 4707 419402
8988 7527 2336356
9041 6777 720835
2842 5963 156548
6323 2312 181613
1697 9908 426033
4449 5874 393161
4819 4090 3084884
5230 9554 1617923
6260 4111 640496
5846 4918 4487900
7755 3868 966092
9450 2591 2862998
3722 4152 695394
2182 1274 280353
4661 8983 867251
3175 3028 136472
8970 1278 24964
4496 5320 467792
6467 5621 2629827
2602 522 780123
5364 4267 457151
186 2387 290105
7543 5508 1299715
2195 2619 504966
3214 1847 1103606
6906 6732 490612
5907 3534 2996207
6087 2924 1828615
369 653 2435046
1068 2014 438602
2626 6179 1757702
3188 9569 1565893
441 6034 708049
572 8458 32042
4043 1203 1308140
3049 3036 1873691
7830 4921 426904
1090 9790 2238291
5816 954 286914
4505 2678 560193
4204 1916 2126461
5942 5085 4024872
1753 4460 1055265
6298 1807 1417474
7395 3274 103260
8961 7313 919511
3060 3350 90209
2768 7342 2825227
6193 4981 470720
1439 969 202332
1903 3883 157820
8182 6792 3927458
8614 3167 1022945
7029 4507 991273
442 9900 3075201
6360 4101 1447253
869 2378 734290
9792 1137 1123662
5043 4143 323714
8130 4102 1520989
4589 3700 1318939
4375 7196 367379
3184 4997 304585
2999 8634 31631
1321 9260 97698
6681 8560 1258461
907 5950 349507
6463 134 254419
8741 229 197689
6528 9767 1850297
8749 5226 4989124
7494 9250 2830399
4938 4934 2419733
201 3789 511197
6217 3877 235332
