181
6797 197 2706727
9153 7516 4491
4040 2163 1920071
1909 6461 2072846
5446 2008 901534
8616 7951 1131035
2111 4398 192865
7481 132 531666
1551 669 707945
1921 62 763593
706 9882 87051
1494 4023 1726132
1616 6185 365923
3333 1546 75080
4255 9323 2613053
749 5732 894144
7981 6592 220402
2117 7708 153163
14 6674 119745
4376 6047 165537
8234 588 949133
9518 4749 465075
5921 461 984743
2359 5133 860992
7785 8271 194854
4729 395 61158
8093 8661 178055
8150 8407 345614
1917 9540 572970
5126 5269 96913
6858 3237 964780
5762 6607 160855
4647 9617 99652
8211 3626 899201
8816 2647 398272
4496 1035 454971
2395 1605 53387
6017 630 662959
3882 323 450629
2055 2584 1198465
8555 6150 106189
2857 2914 816399
730 8915 1045548
5575 8219 346864
6447 1086 437560
8239 7155 7497
4428 5640 1011
9122 6947 59893
9166 8017 345604
8237 3669 201686
1462 6176 670492
6572 3274 790317
6121 3923 398298
3193 3298 1430732
9027 727 273262
5104 8201 291134
991 4143 148630
3383 6509 22304
759 9145 496857
4349 27 230123
5758 2198 286554
8593 5800 486157
8099 1694 351779
6013 2091 365127
8087 9013 256785
2459 5639 1176295
661 2803 1227648
7049 2883 772795
1677 5101 1035803
4852 1551 145527
4290 8176 160247
1060 4691 1523234
8980 3988 1113110
1567 9204 125345
5246 4502 47606
3121 2957 365487
4576 5376 77162
9024 1718 153585
8053 7397 2270426
4142 9743 19832
2425 9195 58160
1351 3236 462912
71 6408 225516
7669 6074 250781
9275 9615 901062
1047 5485 848302
4400 6778 30462
3636 6587 1183986
3030 4191 1046379
7703 7467 813775
2914 2831 874187
3796 8050 870490
6398 550 53695
6776 876 412567
4476 4176 46861
254 7057 59898
8913 2111 39237
6115 7373 259950
6357 3762 530133
4732 5009 2667151
9617 7627 70781
686 4492 199018
9086 3643 55398
1529 2341 1433497
5440 6807 129371
5404 7291 903780
6202 4673 2284555
1103 25 265234
1809 7641 738264
7484 6550 469330
8986 8225 131587
122 7905 67384
5029 4258 1113604
7891 4699 529895
8506 9920 47165
5401 7846 161973
8598 7250 592985
4226 1031 624197
8966 6422 99188
6237 748 29822
7732 5552 651374
6629 8233 1835240
1535 3076 344538
7977 350 249688
6754 2125 280113
1668 1926 736466
9507 9869 10505
4647 558 411494
4342 3166 178262
2708 2552 164798
3461 3707 343205
5094 4389 491492
5538 8600 726301
2995 6967 431457
1944 481 414835
2955 7122 1251463
1955 3106 61682
4832 1521 451435
5081 7674 49533
3261 2809 158681
2056 6512 480632
2031 2864 94715
629 9500 1961161
8508 6023 43621
4235 6423 1218621
8919 1848 228299
8236 7565 758131
2328 6397 594188
6476 222 81505
9798 7308 244875
9091 9566 68000
8659 1498 301618
997 78 1447550
1548 7951 294400
1155 3813 108712
1035 770 1004811
4043 229 154999
8030 650 291883
7808 2250 207184
1691 9681 91068
7635 5266 226726
2945 8558 463996
3682 9643 927097
3618 6455 408494
375 5102 627376
2344 3496 1122498
7522 76 897269
1519 1720 1038081
3739 8857 176708
8950 8508 220390
3502 5052 798970
432 7949 414817
1380 1921 359800
3276 4799 492377
4953 2035 1115676
5572 4216 805099
1666 1427 310698
8278 7782 476987
168 220 848463
9343 7125 279742
6986 2890 1084
