152
6255 5519 1086514
4827 5789 2245407
5645 2174 4225
4241 8584 334994
3733 2424 149474
1026 6541 516705
816 4681 270676
5998 5986 809676
8144 9432 2284012
4482 9400 336263
5166 6060 1158208
8094 6639 441072
3322 3095 720117
560 7201 302971
2051 6560 1514442
5409 8818 128407
4274 6013 428234
5833 2577 108650
9689 7296 633294
4643 903 843730
3512 3418 267221
1352 1902 32144
5027 2469 316579
2040 2757 434437
7297 2948 426921
534 5488 305914
4158 158 1402395
2138 2817 250170
3685 3625 2276069
613 4677 1423205
1520 5949 136580
2245 8602 280542
9413 1112 282910
1255 7059 375485
2186 2403 631660
7299 8340 3104293
2914 1581 192152
43 9631 269834
6051 6631 265521
1938 685 555651
3856 6681 821885
3644 6121 324113
4911 9272 826695
9030 3122 1642348
1258 8253 1928111
3226 768 997861
410 1269 718475
3970 8618 27496
7433 332 661616
7695 8682 286936
9677 7462 1651667
9040 3202 1296848
4846 9354 11914
5460 3303 991257
5455 5491 22382
4976 4654 524775
9215 4464 899878
1648 305 693308
3716 8133 447701
1921 6519 1120860
5651 488 156501
687 633 89749
8710 9824 248575
561 8991 6630
6474 3927 284
2072 8232 129906
961 2746 808244
8958 2869 46721
5188 4848 1094725
7332 9649 175267
6494 6214 823697
6515 3169 890213
8245 2403 2123071
5699 2111 775894
9254 824 1180260
5979 1514 503808
1621 2810 523093
7119 8801 1981146
2709 553 573909
4631 6163 44288
5993 2031 1199404
9200 5237 966096
857 1124 408471
7750 9624 2112468
1497 4812 440733
5475 2688 777955
4750 8567 712151
180 8752 826508
3491 646 2127999
6564 8496 33197
9551 7353 1184621
4428 640 375567
9353 2080 109283
9865 2147 42349
5725 4289 589146
8008 2274 116077
8815 8150 1253148
3529 2016 232126
9676 4395 725800
1984 218 885656
1644 4429 375970
3875 4132 432203
7818 7425 566411
374 3538 534991
3118 8718 949265
3658 1964 767828
8303 4072 602131
5906 1154 418631
4622 3251 9147
2626 9620 380874
3741 9849 591519
8000 5904 86312
3344 9231 502733
2917 8846 113471
4995 4213 414138
5179 3473 407786
5337 4314 412668
5002 244 402383
1326 5773 424359
4130 3404 1036236
5139 4453 972303
4979 7193 24765
163 6338 385
2931 849 1725245
2761 3360 1441952
6595 1791 53382
9026 4750 1441
1453 3537 511366
3287 2709 1214163
3844 9036 201492
3173 8412 561042
3902 9027 1022191
5516 512 87424
4726 2093 470724
5703 9924 24854
1772 6907 1721786
5178 6084 492171
3639 4571 917063
3178 8328 1430236
4982 3656 172203
6935 1466 36371
2486 1583 651761
8008 9425 1498361
9451 955 261769
7274 5106 1680436
5440 5087 105880
5408 576 216353
2153 5801 338347
1860 4652 797403
5382 3083 340362
8551 3049 590482
7399 1731 269615
