164
9001 4695 274147
2991 9324 1633877
1538 9310 418569
5949 2208 279330
1909 5045 330790
7300 7973 2107508
5114 2216 1592762
4665 3809 329871
3852 248 157726
6860 7002 217366
6906 9450 356538
7225 5501 1220140
1847 5824 429104
8341 6858 425441
3102 7141 912139
1093 7507 1426699
2010 6824 121448
9931 6885 1167550
650 9996 23102
4543 9144 268106
6480 1560 1698
3729 7522 432430
4320 5379 39414
3532 4377 462244
1650 9772 671777
283 6379 723004
5725 5237 511483
4138 5641 710438
8125 4140 227897
2568 9832 586193
3728 1023 3809850
1287 3552 405389
5174 3220 651137
3680 5831 713027
2751 6073 999197
7565 8315 483141
9505 1676 246134
7494 284 1031290
4779 4526 389329
6266 427 265146
9093 6454 68031
1908 6782 397354
8381 1665 1253062
2108 1959 539179
3783 9402 218269
268 8235 1032844
2328 3486 848060
3633 2101 462631
5506 7990 873370
1688 2171 228579
7439 2054 366061
2334 851 684470
7139 8944 125302
5039 2465 1117965
2939 5742 525596
4858 2693 169957
4443 692 916933
1442 8954 1345095
2490 8758 226987
2618 7308 2353654
7522 8870 458100
8700 4039 1475599
9566 7164 402211
2515 9874 723479
3548 6877 185305
8109 5626 310050
184 2584 948260
6178 1279 7982
4879 3905 369416
5958 5706 205716
2085 8357 72739
4546 7475 1088377
2432 6998 419743
2567 1073 663986
2910 716 617101
3466 8507 199339
9402 8701 894799
8359 2379 450563
7827 9507 759841
7829 9656 459432
7702 1849 252941
9379 2169 1252150
9698 5257 12292
652 8507 271778
7906 3711 4093829
2951 5101 89544
5783 1701 985110
8288 4082 227008
8927 597 673920
4871 9340 6879
4771 7198 115330
8244 8390 405097
2911 4034 363957
7537 7239 377058
3344 6624 259826
6636 2891 686383
6579 7130 935792
4226 5162 55213
5132 3670 880815
5716 6033 97438
2069 1005 529813
5024 9038 356416
1282 7850 871467
967 4090 118064
3497 3845 426206
5037 1337 113039
8546 9606 427637
9514 8107 628358
2779 5235 618965
3109 2653 839780
3721 797 375067
3061 6643 1256170
1873 7936 319002
5628 3215 336650
5155 5112 7332
8140 9034 257691
3140 9873 570823
5673 1469 299418
8254 7600 482949
9039 5823 157769
6085 9876 76941
2288 629 480267
3806 6446 537503
9241 5340 189025
9048 6846 67113
7158 1701 255081
1519 937 769712
2976 7179 943746
3837 6615 40788
2287 9346 522576
1067 5092 2395518
7827 7831 617189
2375 5237 822165
9997 6169 783048
792 6559 1078635
1221 1625 429960
4499 7021 321743
6398 4717 159903
7894 7555 630178
9708 4412 313312
5849 2293 15527
9819 8967 249150
97 6179 534694
6239 2238 127021
7166 4865 20071
3245 8878 779589
6254 7183 358495
5674 7871 1220505
254 764 911129
5272 2973 480070
146 945 636491
8633 1364 271153
7714 1440 212620
4463 7251 1456908
4377 9453 1506628
6951 7933 671901
4786 5481 789485
3127 1752 373273
4599 9735 1376853
9237 6694 620753
8951 1077 264324
5366 9787 255935
8689 2953 1430281
9951 9239 1449897
