54
8354 1011 883582
4061 1836 2443442
6710 4743 2085323
280 7180 494718
8431 4478 232479
9299 1642 208564
4767 9117 2179826
6024 4885 2077056
486 1518 3417473
3910 4139 1769753
2611 8728 2374762
4165 1798 807525
2419 2244 9075120
1428 9582 420863
686 2843 2157727
1261 2598 303566
7847 3491 612815
8426 9763 6134343
5969 4251 1503583
6677 1764 708857
5637 1296 1265673
9314 4791 438117
4514 5352 136491
1417 6401 2148566
2657 6799 1780396
7600 393 974213
4114 3082 5990981
5824 2483 4699985
3080 7133 5604675
602 9102 2587040
2752 8651 332977
2517 827 1799539
1683 622 299165
6260 8717 863862
1361 9565 216198
2840 7272 3300152
1996 5391 951070
7488 1462 905289
2278 1757 251920
9630 473 106358
2298 4766 254541
5509 9213 669801
1010 3065 275495
1326 3057 978467
2948 6299 106769
4550 9323 3200279
4362 6653 292956
2908 1899 974587
5105 4483 467117
9021 5669 842685
5440 777 1309317
5228 4020 2941710
9185 4425 9509066
8007 1599 3633166
