146
6919 6868 4596
2538 1149 421578
2341 8937 1216189
8472 9873 393809
6805 6881 253053
7483 9770 461720
3181 6384 961689
1704 7851 242630
7120 983 1390753
6570 7535 43552
8779 7744 411567
1316 4712 272336
7614 8437 146646
3454 1377 1540022
1041 5166 125902
6325 1115 2336020
2605 2611 518580
3048 3796 104531
6581 9425 621985
4206 9431 555776
1600 7503 122823
5284 2633 363407
2036 9464 296546
8378 1535 63005
2949 3063 51200
5661 7241 860463
2292 9080 342600
5485 768 48212
8861 7258 114660
6352 2641 127238
9227 7849 450871
5490 1401 915131
8174 4589 1927175
3622 7293 104965
5559 1871 2086762
2239 4725 1352550
8909 2424 207036
5753 4051 333554
2032 3129 750124
8674 9412 1150103
6708 6650 1324826
8158 4340 142618
1848 1986 102622
2190 7556 1018856
8142 8743 159480
6218 8179 1737069
8278 7478 253215
8926 9358 2032283
435 4920 453043
4167 5395 1078812
7999 636 242325
5366 7753 2077478
9854 7073 1596813
8423 2783 121725
696 4597 445855
2938 1470 950617
2201 3962 207455
3963 4054 753779
1240 5527 120929
6486 6042 367397
5623 4455 720199
1310 7734 488921
474 6167 897964
596 9831 295234
866 378 2498403
6318 8375 431043
8492 8094 144108
3151 6539 85766
4593 4957 133037
6770 7790 30988
4807 3100 388718
7426 3783 21835
5090 6505 138917
4444 6613 34820
7112 169 586835
7931 1768 58239
8054 5953 3734350
1459 3138 3111581
7724 5884 898554
3757 8643 426050
9349 2749 345561
1214 3110 1155360
6217 3964 1271543
8526 8439 301754
6613 6519 124248
8239 678 455082
7196 553 1627873
4482 2940 369869
9130 6284 1147313
6822 4289 361049
4552 3778 376017
4805 4900 27706
6214 5162 172919
8054 3679 386556
2674 6944 410429
4007 8551 224706
4391 6884 115400
1178 3684 371600
2636 4743 950642
4622 4776 53790
9331 71 2748153
1753 292 983295
7655 6963 129613
6220 4915 417721
5196 1039 906150
195 4552 273806
8766 2489 619944
719 36 1183943
9107 4561 607205
8038 355 113594
3326 6265 2437
2305 1133 65339
9663 9055 1913863
9017 6685 442942
4529 8288 982000
7635 2269 87414
7570 2185 1689796
871 6204 873105
9000 5989 2161706
4291 132 1122523
5825 2250 1514432
5067 7871 602653
1708 9144 1146901
7340 3544 450050
8710 7086 409876
2770 3661 350084
7935 1256 785413
4295 8307 199235
229 249 1041647
9372 7969 493968
8885 5425 1590687
7614 6850 457472
5241 8712 600991
7639 4024 175877
7943 5628 479683
8209 2394 1299079
2388 6764 764544
4046 4215 829643
2021 9527 184527
5532 565 131571
1419 9038 183339
540 3457 1403531
5049 7729 893778
2353 8385 1195785
8709 8054 265443
2362 1712 971707
