52
7986 1698 653319
4691 1363 292599
7695 2088 1660280
3590 329 57189
9943 4189 1780961
555 7503 1054855
6236 2466 689303
6248 2652 721155
8951 6371 113834
3227 5890 72725
3552 2445 669004
3664 3693 1683935
1737 6829 3125165
4150 2308 11272866
6739 9726 2376041
1424 5953 699973
4055 8343 193539
5716 1336 3307259
1034 4658 2256494
119 5562 186028
7730 583 628840
7513 8248 3054805
220 9180 3508818
5462 3760 2259138
9101 7053 1020819
6575 4180 24387
9728 9578 128064
6148 8425 469115
9866 4010 1507926
3581 3240 464395
8314 3407 4378003
4238 9319 1307698
2841 1838 1830760
2731 7956 1131114
2862 5934 1413209
8058 6794 4635296
6931 598 8830909
762 3103 3394251
8840 6533 4399156
1321 3081 4319879
7846 4752 1263371
2201 8532 3469557
5969 6809 2450072
1206 8685 2275772
2950 7442 1599849
7684 8901 1898447
5385 5134 2907224
1185 9031 534317
4636 4208 726108
1311 4467 594896
5578 6381 418374
4191 3989 288907
