52
1399 5852 599501
6693 8539 216423
9514 5151 1212166
8046 2433 5825569
5328 3526 231098
970 1150 3943938
2357 6169 434989
5867 6135 1773532
6452 8987 1904892
1330 7481 38450
1274 8303 35782
1764 6500 2430034
3571 5438 2920375
6912 32 183948
8225 505 268878
3183 449 1800021
1393 5689 309383
7838 3597 4778995
8334 6831 1548868
2426 6324 466211
2075 7105 2713444
9547 4168 3007386
5597 9432 133400
77 367 320697
153 3419 20013
2810 8757 3875904
3724 8503 939898
4519 8037 4056219
3835 292 829388
9204 8542 886517
3557 1051 2737362
4048 6391 1087274
5453 8074 738427
1691 5011 8326855
7860 8579 674905
8900 2249 10970783
1554 6227 1156772
3783 1580 1404545
5298 1051 720146
8064 7897 244437
3065 6291 1904235
7830 1576 2143251
9826 6203 2869073
3093 6099 511212
4428 9328 3071884
2634 4625 1256020
4292 7068 944097
3571 1111 2253614
6592 5321 3718758
3806 123 923716
4274 4827 3504772
6457 3377 1131943
