136
7952 2119 77290
3830 4410 1243916
8713 706 30136
5090 1236 346030
1644 7237 1146587
1805 5518 3785915
168 9307 850041
3403 9611 212680
2026 8103 571789
6028 3745 915321
8854 6512 1153888
980 6082 111386
9565 1213 256888
8298 2440 722656
6394 1167 627065
3016 2801 1227179
9655 2283 106596
2651 6495 23957
2516 4319 177923
7673 4993 9056
3290 7135 2108598
560 9801 1872952
9728 9832 7347
6842 4114 1316245
8551 5714 258442
1653 5787 432940
6644 7198 876944
6371 8073 119621
7158 1033 27741
4611 6978 714538
8287 1547 12406
5926 6404 856537
9433 4164 2370406
1686 4382 1119774
2332 2260 1217953
9204 8612 128917
4150 4132 541939
1329 8079 2995496
2673 5276 2203674
9517 3502 34345
7658 9186 424541
7389 4965 3021764
5149 8872 357598
5871 2780 1080251
5468 7328 1793231
5338 8873 749863
1025 8908 667162
8983 1320 138954
704 2895 281939
5819 8363 376177
7520 3083 398145
6043 8172 86283
6107 4004 82187
7035 3964 2221581
7052 7530 553544
3737 5456 648465
2594 5104 227344
4503 9887 758136
7946 6808 1729456
8455 4126 1172917
6601 3511 89498
8625 2389 1004576
6783 3166 305838
1316 3776 553572
5093 3669 192020
8073 4163 788964
4540 6634 3042555
6187 2417 425091
9783 6428 862458
4997 9565 1330524
7640 2054 10309
2278 1089 537126
9763 4145 239857
2932 3820 2924908
1688 4763 317163
5353 6855 545784
2438 5006 492964
6306 14 1784
5455 164 155275
952 2364 704790
8241 2061 389749
2710 9645 1280410
7856 5551 810786
516 6693 1054825
8569 4990 278209
6332 4703 345268
7654 7538 1064857
1817 1539 356400
7786 1519 501089
8413 921 1202096
3152 2004 703289
1891 7254 393409
4817 58 1583298
9133 2137 193871
5815 2743 148017
4073 706 303412
7421 5081 188358
9677 9278 71768
8283 8854 193484
2537 8443 566905
4252 3868 141752
7227 9673 527262
1184 1700 376102
7427 2130 895024
2513 4696 62712
2548 6293 1451455
1239 5381 757074
531 9532 604853
4230 1576 2256262
2376 8082 213396
2276 416 729605
8351 4304 132092
8055 8135 49902
4039 3530 633255
433 1880 217341
1405 5466 320875
564 6581 1630045
9609 5460 53131
1593 7671 751213
7953 4965 305300
2626 2551 1049347
3245 7633 1523549
2444 9105 174031
7621 3673 72168
4189 8630 1178505
42 7569 81393
9454 4383 1955319
7623 9393 406961
4339 4006 1285877
1731 8140 42155
6185 9830 629362
4040 3614 770469
3683 9269 1084451
8340 4693 307901
2009 1391 691313
6803 9948 901340
