152
7483 3725 113023
8586 3363 1184252
6436 4249 567040
4164 6091 629053
8761 7304 2216901
6813 1304 570153
4105 9989 863363
554 8505 389595
5866 136 1272478
9585 9176 1515654
676 1950 437583
916 2431 1065009
3985 7432 763953
696 2126 1006120
6476 6678 1175256
612 5800 375854
4794 323 318368
2144 1770 130087
980 2542 458781
3940 4937 1560691
7342 7370 5721
7294 5370 576646
1550 2904 154955
5533 1991 506935
8665 2668 1362966
7919 8322 331867
5826 2786 776856
299 8556 567108
5925 4073 460182
3131 4177 2213436
3162 9395 29858
5226 219 39772
8222 196 380747
2175 8223 552331
9910 5822 617055
6341 4242 168934
8624 3105 125996
5891 848 417204
9388 9176 192839
2497 814 2329276
3042 7318 101682
7279 5411 540147
2117 784 105213
2291 287 37057
6665 8776 339020
8366 9871 1075205
7852 2888 223628
6425 6446 552439
3608 5874 579698
7142 2119 636594
9711 4337 1175280
7547 4439 1146818
6949 4930 378886
2252 7118 489723
6032 9221 79925
2651 6912 56527
9441 6758 1565260
616 761 605531
5019 3773 257187
2892 4486 57216
2366 1273 314134
6374 1328 124735
6187 5289 516602
4019 9174 278022
36 2660 1219530
48 1787 813542
4912 227 740776
7892 2886 737593
3683 9367 496742
1925 191 1045259
7618 6223 1743083
5792 9905 234983
2778 3691 2437638
8298 3298 172424
8441 3124 1340659
9398 9688 320908
7670 7729 170729
5562 9149 1388420
871 9209 606630
2189 9723 599043
4963 8979 672654
2748 9085 250288
8380 8874 144833
2460 7461 272028
373 1790 2275838
6588 8408 1959605
9973 9397 552335
3060 7516 274137
8727 9092 403858
5560 4435 513523
2014 8523 693109
1867 3038 29935
8751 3484 213717
4395 4886 253466
3570 4066 350158
6428 6039 491900
8687 3757 486212
1753 8412 223682
3146 7154 167327
8887 7230 1200579
4416 6893 530064
1484 113 1852377
644 8981 773084
4407 1902 486607
5913 4409 500765
7820 6281 567124
3891 1195 255900
8197 6731 545178
4136 7736 698269
8436 1664 1138285
5332 5492 1273672
9021 644 1187786
7451 1985 260635
6299 406 25238
1868 4928 16101
6018 3925 970766
8425 8481 138148
4678 5623 51605
1891 8661 731729
9800 6570 3899792
8141 1789 35347
4053 3723 109862
9462 9645 246019
3955 4980 448231
2911 2722 209144
6858 1789 145091
4887 362 137695
4029 9033 1038193
82 7823 126182
4666 1363 60546
7936 383 821160
998 6752 326659
91 6562 1645565
8125 907 1704664
6234 9685 204939
2468 4369 1012703
4557 1109 269389
8450 2194 1374025
5532 1516 82280
3938 6529 597126
8031 4466 1998179
3406 922 17324
2931 1494 1180658
7102 8734 351561
8291 7394 794090
2174 9391 897732
5409 5830 275983
9234 2644 1830803
2088 1505 840149
767 7713 106068
2750 8127 50307
5740 8578 1631
