103
2154 8374 225967
475 2049 1541085
9649 6041 3190080
8981 6365 153768
6949 6986 216135
6967 587 83499
9035 7675 2822244
7260 6020 1869341
1763 7167 133172
1952 8589 788172
2234 1323 2304713
6475 8122 340104
2182 8412 1258384
8774 2440 523921
6372 96 58462
722 3941 96252
5117 8876 934896
6030 8023 1642259
1375 3140 1072988
4956 8496 230008
8767 3366 1247980
8329 8784 116522
1600 6079 1242823
1496 3715 1586995
4971 1173 230819
7427 1728 586811
9648 3417 187812
8748 7151 1895009
4246 1372 268882
9287 2223 1916268
962 3059 81017
5286 2390 1323081
8080 2929 4433
3040 2342 1358330
8621 7446 1547174
4670 2833 88559
4853 8334 1651295
3884 666 584568
5646 8415 1591600
4499 7403 1537158
2212 1793 420508
7987 7819 1081158
3905 1545 2250929
7941 3912 635283
7319 3122 312538
7983 5209 1669404
132 8404 1783771
3209 1911 167951
5235 299 283464
4709 7622 339154
5365 1815 1311606
937 6255 2050409
9812 9793 1161824
7281 4707 4727809
9343 37 207724
8581 5657 980288
9206 8347 127397
4897 8669 1099561
9645 5160 1905739
3697 8512 921156
427 523 823574
6112 3002 335815
604 8523 97041
2272 1775 495986
6667 5330 1020275
1617 7505 265753
6120 7399 403658
4131 8428 944410
7 4471 1419285
6425 7942 70306
9959 4359 150944
2851 6205 180588
9148 7680 2195102
5851 6606 3427746
8147 3348 693876
8190 6402 192477
8842 846 4662531
8723 8129 4058
8695 3537 3920224
8511 5604 1022495
350 2283 63928
9895 9798 488118
6682 346 342142
3609 9046 1056880
6298 1177 129872
8083 451 513950
4298 9703 527474
1380 1284 1274210
6257 1296 322019
7012 6742 325220
5829 9347 528460
8413 2188 1527833
9694 7413 227896
7616 7657 713301
6811 8217 572895
4971 1096 993773
9686 5112 2506541
6423 6037 944122
4576 5531 1325490
6341 7985 395248
3345 9855 81362
8295 796 775335
8719 4818 67528
