191
723 7582 440153
5785 6113 334408
495 3023 746639
6682 8367 1359667
1324 5839 798826
7799 2684 85436
9314 8708 25507
3037 5524 651687
470 5921 806299
9262 8222 496098
5476 3068 94339
5328 369 526891
334 9077 144836
1687 6805 558616
1611 8050 683537
6613 1304 357392
5765 7600 532330
7635 2194 412425
5416 3739 600867
3915 7933 361950
8913 126 2375394
1411 37 254758
6848 4858 145100
7636 9127 437385
2943 9533 2395656
2720 6290 1257486
7838 8924 435490
473 5789 473007
6620 7850 1227876
9591 9269 508198
1384 9418 92755
9367 3600 838172
3796 6573 550977
4154 7365 174115
1178 9212 1882744
9101 4326 1079134
3349 3933 13480
482 8938 200091
2970 6282 77219
4619 210 1087984
4748 7425 387376
3365 138 202758
737 2406 150115
8215 6268 78103
9229 9364 184481
1748 5477 749799
241 6348 200544
4757 7630 400667
3010 924 226771
6322 6767 5278
8372 7251 1236004
8151 2049 73985
3346 55 1501561
8200 964 460584
271 2359 519762
427 7500 155160
3717 4507 787134
815 9324 14099
9847 6256 656547
5648 2870 290240
8336 8591 794852
3906 2145 224364
8140 7793 694457
2399 6205 499191
3397 881 655786
4176 986 796778
518 886 461415
3775 244 98035
1502 8507 284212
1372 9419 153672
6119 2891 732623
6159 2698 6576
9109 1828 440922
8669 8226 743873
5086 2473 232312
605 5635 661077
340 3205 747459
8441 9459 425948
8314 4087 346221
4251 6535 902842
3777 1380 1205913
8740 1833 356666
8384 4816 266428
372 9248 1336928
7165 1972 305889
2633 6470 656948
7134 735 232841
3721 1416 570519
7836 2948 92558
7604 4998 252241
1573 6605 2900809
975 7894 377532
3614 826 1173
3855 5314 138673
5320 425 369701
472 56 89614
3971 2798 916845
2186 1762 1134992
6906 324 106268
2835 6835 196493
6909 2647 239895
8581 2016 503777
7796 9860 246479
499 4221 365676
1880 7797 1050036
1773 4304 1367224
2676 2411 363846
7474 3569 366303
8580 9386 127816
6042 8309 290982
157 218 1030717
6270 7465 87025
6915 1646 115880
6801 3722 77247
7347 7792 12510
187 9587 834274
8596 1973 144549
2426 2840 106964
761 8590 210103
1000 3283 2443911
2091 3041 66261
1289 5919 464998
4939 4524 1004883
8128 6952 601664
3162 1926 159217
9356 31 97617
9075 7878 1290120
6102 4575 321594
3343 5611 868184
6227 7443 889381
3592 7410 28820
9590 6544 421746
9461 9414 313871
2383 2420 41475
3595 8739 132843
9121 3672 1297229
7537 6550 93935
9353 690 259033
6710 5364 214352
3833 4004 1368368
3460 1063 47233
3053 7092 581805
5901 9813 77051
3053 3291 973342
659 3570 415510
3147 5421 561177
6695 7948 477169
1404 9375 80909
634 3522 446524
3460 7880 288449
663 1977 403563
3175 5007 4416
1083 3307 724070
5490 9278 871391
3512 2178 44464
4095 2000 1092117
3377 5104 334283
910 1702 886100
9812 6924 108744
1706 3032 1236803
3759 2973 533226
6867 6421 6864
56 9728 1809376
1513 3525 69293
9447 2375 308982
9094 5148 86775
6930 6046 1851447
1315 3186 516625
9342 9901 168271
943 768 323723
9739 2842 78523
7724 251 238195
7324 6045 7796
8603 2843 543283
7044 6551 326092
8194 7746 160919
7290 3604 497756
7561 1850 33033
5795 5349 102552
4707 3039 291137
1196 9526 3653175
1840 960 41591
8131 3434 808762
658 1043 54571
9743 8729 135533
8125 1564 1450394
9206 3620 394278
7073 8417 43084
682 9678 150975
7215 3613 339205
6976 576 181101
