66
3460 8201 3479302
108 2631 188525
9470 5454 1825725
6051 6771 2888673
6068 7918 2099411
7907 7073 123904
1020 3638 1301331
3664 6730 3659232
7086 991 1709709
8124 9027 1308870
3503 957 1481561
5062 3322 896816
5025 8684 1330226
9575 1623 583119
153 5436 6786
1553 7298 507154
3780 683 1145969
4957 1215 219616
1747 8385 5210341
7084 489 1108173
6872 9779 229078
7134 894 228229
1300 740 2019525
3207 8990 2240920
7056 4696 1441235
5947 723 705783
3122 4735 334769
4774 3457 988912
1909 594 1103067
8578 7977 1066618
9620 2173 1545527
6519 592 1507219
2211 8629 300754
5231 9578 1997668
8297 4117 405928
8442 7558 878449
8973 4657 93649
9475 6633 736478
7954 1559 1480000
5055 683 2164880
6968 344 776157
5369 3978 1957528
9248 3232 2792584
4333 6321 4446784
1772 4839 349467
1289 9570 61242
1759 8757 808941
5934 7697 2248070
9979 6041 2379283
207 8112 403416
1827 8087 2014139
3684 9283 792052
5 2554 4411071
9250 590 1937143
6720 6792 163590
2902 4505 1026104
8644 8643 418563
3396 4952 2612111
2303 4884 1306365
3705 1268 140013
8847 4609 4260899
3619 4453 245655
9259 5047 5600519
6124 2392 574017
97 9224 2092141
1097 1521 3639015
