98
4729 7619 23690
83 9283 1461115
5166 8477 75329
8664 5195 1095172
5308 9251 125699
5906 5657 2772702
7783 4116 1525257
5609 2087 93257
3918 3954 148436
2964 1666 1535387
6809 9089 587770
2803 1127 1536148
6259 8120 1273324
4247 4446 361465
3503 2327 4363710
6873 1073 325099
9840 750 815013
9382 1423 880607
855 3732 1828116
3096 4565 928646
2492 8548 1741965
8673 4577 93433
7202 6559 1082298
8625 4539 2103456
8904 2129 139992
585 5623 421921
4977 728 30505
3577 1417 118253
8463 4705 281295
498 6481 1330906
799 9100 874290
7956 2308 262923
1141 1989 1185091
1844 248 1619900
5633 8187 1380549
1992 2636 150399
2029 3793 1051495
7647 5007 2493091
9575 4489 408180
2227 9674 253471
8378 5912 252837
1845 2467 178075
8383 2696 2451903
4090 9652 1244787
401 8038 1226742
8444 5289 179752
6059 8342 913757
5984 2933 2005370
522 6879 341034
5380 5924 349808
6219 4411 229015
4667 7772 48036
3766 6114 727186
3463 540 223373
2470 8169 172774
8099 8360 1857101
3243 282 3537897
1800 4865 335072
6003 6286 4122362
4204 4378 532415
2285 5902 113042
3851 1367 945938
7635 9992 772193
8136 3690 351240
663 6839 372033
9139 3617 334217
9337 5556 177407
895 2794 4309089
9921 1674 3692303
8468 2162 305956
2257 330 947331
1140 6991 744743
6847 5974 2105695
886 4845 420997
3027 751 10081
8126 9019 151281
185 126 327252
3360 185 433070
2017 3255 1819380
4648 68 665854
309 3084 748932
6504 83 1605750
5434 2595 41740
8988 4695 720389
7832 4579 3243950
7830 8404 1316039
9192 4788 1066589
6455 5603 1284087
8890 9302 289330
8365 1346 143167
9927 4654 2960267
9550 1487 340505
9206 3231 559404
2350 4371 2044464
2696 5206 1331182
3724 5106 1738911
4827 1992 1755117
4713 7218 102424
