141
6214 1894 24635
4136 2887 1275503
8945 2606 2149921
7601 696 1880775
4273 1952 509220
6450 7020 101878
1867 1673 720883
8215 994 386506
1563 4858 125327
2054 3341 1762514
4829 7553 250306
9521 929 292914
7177 1052 68234
951 5130 799063
8388 9093 76699
9680 7830 1930971
4159 7761 2187392
2514 7807 816211
7662 9225 304835
9855 1948 512392
3126 664 564080
1965 666 8240
3721 7931 288056
2283 9787 561847
6413 3729 221861
6809 2047 691775
1806 1450 1917250
3710 2590 421581
8516 9613 610004
8546 1508 986888
1255 8274 3295173
8147 1784 608657
8335 3000 1837327
3189 9029 1145778
2512 4074 57587
9466 5996 50648
9644 4030 41190
7301 5561 552504
2439 314 343879
2515 420 130921
2773 9375 13791
6026 4122 2228093
8702 1031 1158183
4530 4240 803767
9042 1070 517425
3394 6758 1108219
4605 2138 32158
2335 8128 1155162
1577 8726 133842
2798 8754 1481870
6751 4982 1040528
40 1446 247678
934 3991 21068
7167 5031 875335
7251 5652 250783
8424 6675 539998
6919 2191 299711
8748 4586 1499556
1233 4949 1033734
5326 7451 2172761
9128 4278 406523
4877 8879 2000692
7563 5357 422406
3904 4157 223550
812 2814 458351
8004 5439 200928
8040 7684 1290090
8852 3122 525940
1702 4224 2924608
2684 5175 47598
5090 2375 444265
373 1430 1010960
8633 1659 342833
6526 4625 82640
4868 8513 149450
2206 8933 415524
3214 7149 248528
8989 5883 435507
8113 6428 710998
5233 6713 740751
7663 3608 57842
7801 6282 701193
6260 4514 610152
3503 5404 2209039
1472 4205 849239
5858 4724 456648
3712 5763 25160
5278 7722 1092089
6607 8968 402378
11 7829 318919
1173 7490 9324
1748 4116 2848767
6865 9982 180815
8820 576 1313411
7370 2085 210655
8212 1761 70216
3071 2803 295967
8864 5513 22681
9260 292 85157
9297 4244 267448
1856 3319 392052
4105 6805 336659
2853 4449 3587968
9029 471 11548
5642 4964 143812
3533 4210 78669
4412 223 1301333
2632 3234 666488
9755 3281 294036
1641 7575 722340
1230 9797 1051878
4896 330 586375
1488 5132 746102
2555 2761 496383
6945 6610 251061
5789 7329 520766
5348 7609 576524
5800 8553 258295
3162 1068 790777
9168 5002 147053
1165 7980 579068
6266 2097 1172640
5759 2935 294941
742 4320 865598
5804 4842 30387
5197 2302 346166
125 1064 716956
7570 8269 817812
3676 9362 1146659
641 3772 370495
6904 7963 400716
6 1764 994779
4964 7800 1189671
1833 405 1283196
2298 8169 19006
4812 4544 1071309
867 8374 103363
1247 8258 1147547
2449 1224 258109
5658 4744 1639109
3581 1039 358025
