87
8817 3285 175431
6508 9511 163576
8177 3497 356131
8599 9497 716058
7761 2784 81494
4045 1897 1410092
6447 4796 36645
7593 9772 1931032
381 3472 481410
7794 4877 2965098
976 4882 1158005
9943 5623 251527
5243 6293 318295
3655 980 1474434
2940 4209 3212145
3786 9194 1663060
9692 4870 1104498
4692 9293 107452
4690 8711 3721579
6370 1267 5641360
5558 934 1169134
412 8284 196128
458 2293 369519
5630 6657 318103
9371 7317 649588
5762 8134 1375585
7190 5722 1359092
572 222 209725
369 5911 1227248
138 6558 4424069
4023 4026 1184426
2108 8136 823103
5934 8467 358895
8941 1311 819348
185 9217 1982220
1079 3303 1672530
3377 6717 466946
6667 3219 119733
6032 8794 492757
3310 2325 2350955
3747 1187 1928711
1937 1075 105347
7316 1648 712443
3536 3181 748455
9843 9263 2630480
7955 3282 1715868
9819 1860 226598
4036 4124 157744
7635 6738 4145916
1378 8812 1209117
507 4574 314801
6495 2933 1789128
727 6045 242334
9400 2692 1083526
9805 3745 155152
3475 7299 161001
9973 5830 1175543
1349 1160 474155
3738 6153 2303411
9999 2899 920302
7641 7100 131085
5369 7593 2150321
5176 4702 1617657
8621 3351 327651
2647 7071 1631368
3230 1710 10267
7332 1189 596457
9500 8055 533523
298 6941 1664399
7022 1293 3098415
948 6174 424905
1517 992 558568
3057 1317 459898
5465 4771 1264060
2863 3349 48519
2601 1213 324285
8995 9771 1204960
2320 1453 2930466
1587 8843 696614
6550 9563 1372721
8916 4526 2061316
7096 7152 1754180
9315 3701 534256
542 1180 508172
2134 488 290080
9580 1900 1248167
5643 170 1819232
