99
8348 8024 527132
7334 4356 992026
1149 4463 1068303
5463 134 3384552
8168 5831 208653
2554 3862 1095820
9672 8808 342695
7040 9077 214541
9342 6468 3856679
3723 6999 481485
7858 9846 225503
6746 6431 407749
6540 7792 445050
4134 1299 144528
85 9867 1598968
1605 4843 668391
2775 7116 451832
4264 5052 4731452
6556 3763 1714853
7959 5298 2167583
8681 5236 1780532
2171 2757 756393
897 1700 1583019
9679 2095 2914047
985 3152 534009
310 827 987327
7917 94 492950
3999 6433 116895
7224 9368 520950
2468 292 1290514
8231 421 1263216
8604 2798 1520147
6242 9038 178632
9338 7865 769239
1608 7969 1418249
326 5923 155061
525 4436 5915
8093 5858 800151
2388 4349 600150
68 1841 496184
9187 1889 1121559
3890 6253 254844
3476 954 2098544
2823 6602 91530
2133 5527 559169
6713 6672 1413176
4497 553 376991
7685 3017 991295
1393 6074 1766003
7421 5754 343754
2066 757 516529
5081 9611 218349
7282 6076 3319695
7720 871 889671
5615 4679 110566
4084 3919 403012
4777 222 218651
4892 6853 683288
8096 9285 32862
3954 3117 6438
3810 6927 5776223
7306 7432 1804311
2222 5840 2587168
2231 113 2129862
2986 8217 743518
7903 4654 3310421
3020 2992 114949
7049 5053 132232
581 3642 1117387
8822 9244 143678
4254 8692 283255
9474 9498 47444
1025 772 903239
452 2983 141927
4433 1012 690186
5831 9709 6910
3589 1349 308068
7193 3301 1748087
893 8619 1344443
170 7175 124560
3456 8464 456369
7772 9225 2497136
8177 2206 377766
2896 3761 800128
9560 7724 725131
3285 6409 427237
2924 613 1845216
4195 5156 696801
809 4061 450872
8221 1805 251220
1193 2659 821395
584 3035 81142
5083 767 23157
7343 155 698964
4906 3857 2212123
7072 4550 1198118
233 6314 3011942
4897 4211 1374741
7831 6948 265373
