180
5040 1894 1062068
6574 2694 2118105
8598 9357 207712
648 6306 464093
3868 5639 296300
4611 409 182458
876 1886 1357682
334 9980 344360
7159 1959 444302
6207 945 462020
6892 1828 187604
9104 1832 33001
3929 3787 417573
4653 4607 48323
6771 4630 164305
7858 5219 2492066
3950 3611 226350
6782 7306 1238796
5930 5843 1804610
7285 9295 96175
9366 7063 125484
6149 7687 483282
3099 3763 416312
6099 1515 208001
1072 7218 418156
1876 686 89131
2726 3433 524584
8851 3802 11384
500 9845 652557
4338 2809 1415996
7123 1853 849235
4529 1445 1148919
5305 2315 363355
7994 862 18339
636 7957 714195
5518 8766 211927
6011 9839 1158041
1847 9135 174567
3897 5472 577346
7302 8968 73397
3245 2089 479112
7167 1621 597933
8991 3579 273082
4585 5603 230166
8019 126 424642
6405 5032 1250401
4205 3358 418340
219 1264 392097
9443 4506 18128
7152 355 620145
1647 8109 1106194
4453 8853 544025
7770 6919 129823
8323 2765 212067
180 9309 1361430
6509 2212 491402
4440 6821 278878
471 730 117481
9531 1849 392024
137 7894 163678
9107 3968 22820
4301 5343 55961
8309 3844 703507
5073 3074 215720
6160 1791 231100
7154 8330 98011
1652 7213 3280715
3835 1536 1140529
8437 8782 591509
1531 6118 1115460
2232 4155 178014
7279 990 646821
986 893 644032
9235 6665 469946
9870 5785 371240
8117 2830 85985
7683 9158 386976
9910 9974 63687
6091 3712 32635
9724 5849 789092
4308 4401 287045
515 3011 752468
9688 3113 128642
8911 8571 1148728
1299 2913 159300
6526 1593 443815
4249 7432 17345
1753 2407 667985
6986 2311 592373
20 1440 501266
6976 2271 1459165
5105 8130 466776
2077 6483 25440
1823 2643 182427
3787 7327 624418
5986 3441 489646
8947 961 660032
4962 8785 109694
1945 5803 1198820
2683 1704 1292084
1215 1090 42585
6169 5598 144582
8128 4479 123231
4451 5333 233812
2908 3222 16919
2816 8022 162364
7953 5353 569511
7522 18 913388
6652 5119 309042
8796 9390 549460
5679 1301 86582
8106 669 10144
6152 7906 115065
8993 917 469720
9085 2517 1232986
2044 2913 928388
2748 1255 680424
7047 6310 735906
8207 8037 203345
3499 513 595354
3069 2069 69211
473 9383 663451
3461 5932 25628
8997 67 479841
9696 2609 219204
9240 7004 702468
7381 7644 268061
9802 6115 112825
3591 6897 2014080
2572 2204 458114
5277 4047 527836
5936 6721 566672
9661 7262 423828
2125 1013 1588937
7598 6861 588384
3357 3722 167215
1347 484 698696
3255 1952 351888
2387 4319 761603
6579 6312 43325
7976 8093 2062134
7369 6310 172302
9182 2308 2663
7618 6129 42982
9251 2179 895268
7172 1227 673535
6443 8420 845824
8844 3340 100380
8260 451 1032017
8999 8353 201963
1213 9475 1464193
5283 4200 30234
51 6735 328479
6249 2887 1482379
19 9054 151391
7815 7648 1867819
6467 9465 1362028
160 4013 439244
6299 3545 145800
2379 1013 455627
9088 8178 148712
7992 2717 937436
4675 1427 426704
8010 1472 192930
6282 3883 47212
8558 4260 1477475
1210 5728 18514
7461 3285 256373
3521 4090 26935
6736 7385 487315
2271 5791 2157403
7103 6332 217796
5049 1674 282482
895 5199 1424438
1886 730 138854
9682 6214 1096294
5649 6571 296363
6165 7582 144009
4427 8288 153129
7 4484 2344901
