161
1603 5871 31014
4617 1809 809354
6144 5975 498976
952 3334 797257
9530 7289 538527
2581 5299 38949
2783 5064 166271
7932 3085 1767266
9581 2631 1700660
9730 4107 1203889
9887 9351 438384
2502 7738 868551
553 8383 291915
877 8886 993116
7033 4430 759126
5536 4080 183992
121 982 142109
7126 5002 218014
5750 9840 74789
6073 5651 65297
1579 9980 453236
16 3427 18927
3229 5968 388180
9272 4954 7773
3644 1773 2638056
4304 8309 449930
8989 3735 168135
5132 4186 1459242
8254 6972 32861
4328 2608 249057
5970 7071 1879292
4319 8754 940518
6118 3785 336284
8465 4549 51223
2940 7574 351766
999 8113 131270
6634 5873 23061
891 4095 55968
3705 1158 1047384
9480 3339 422178
8055 3470 265308
790 7996 312662
7954 1596 228858
4069 9502 960660
2359 714 77363
5694 346 156884
375 1174 422233
2698 4536 112976
8597 4024 16687
380 9118 2328265
4599 1010 3938
1037 3656 338047
5817 7705 179221
7587 8196 995629
6819 3048 579267
4684 3771 189272
8414 7979 482386
7526 1626 1849455
2922 5681 31495
6832 5725 374030
8117 8101 1578474
4387 3789 1782741
1294 5903 74336
6045 2311 76210
6696 8727 15849
5841 1366 48062
9268 1288 1673648
3405 5075 1350285
8212 5733 340192
7847 9005 50821
4733 5617 759877
7487 4268 134646
7868 3160 13351
1390 353 1249509
1098 8566 1671525
6239 1849 222623
2443 3449 2301879
7388 9968 1947
3114 986 8626
8143 5456 320357
5235 6355 222808
4460 9266 1663874
7023 7483 75749
4049 9073 291310
1513 2404 385777
6529 5529 636075
191 8908 673831
2830 1338 2727210
5621 3676 172629
1956 42 553332
7276 3974 1997384
5823 6305 35449
318 3878 1014598
5516 8162 317567
7526 9375 97295
6469 9515 48427
324 4936 1995452
6956 1469 760307
5182 4379 1912382
4668 6993 102151
9388 9775 580786
2676 6792 1112038
5984 1965 167085
6383 4140 455822
6029 1272 1363026
3392 8341 168745
1258 8581 773991
4329 5894 144516
8769 837 962569
1038 6098 920491
1751 863 462275
5309 8152 222530
5916 7855 230028
9652 5977 949407
9952 9627 60058
1207 19 1369049
6592 1791 2399782
990 1272 423645
1320 4798 196049
8733 6168 466981
2642 1764 238634
6865 9933 765435
8901 4943 225977
5818 6424 162674
9749 9383 1013432
4826 7185 39118
3687 9350 835075
3998 5618 5028702
5345 8473 144926
7954 2016 22227
2813 6642 409057
8732 369 724168
3037 4896 743895
1617 488 539721
4290 8009 100906
1988 3320 90939
7374 5623 104148
7635 3961 804360
1474 5154 464846
9109 5803 517322
58 7297 233709
6772 364 38370
5473 7727 123541
3197 3559 42161
6251 112 593527
3337 8260 828510
7740 2550 403090
1181 5454 1019986
9859 4808 128700
5776 9081 1498794
4853 3682 168457
8131 2372 991852
3293 303 381021
2889 8736 223384
6670 949 612126
2963 5413 56520
2660 4445 80263
9541 5415 1254658
885 1057 1019008
5304 5139 1556194
3368 6 386696
