70
2719 6694 37413
2525 7198 262717
1663 668 2561882
4812 1692 857284
2976 4946 57936
2477 16 137473
8865 108 3193029
4780 4940 3206333
2466 2018 1398592
7931 4333 3435338
7203 5551 433919
5175 8650 344277
6500 8300 1263498
6743 5061 2418856
7988 4875 1076318
365 5715 1587118
8486 7197 993200
9391 8272 1567080
9723 4043 4265886
171 1504 576357
4514 9397 1033458
5000 9759 1208600
9543 7622 2451673
2297 884 348249
7611 3322 1015777
5581 2659 1650424
7887 1281 636634
7231 9895 844743
5882 2080 480463
4339 8669 39709
3057 1004 1279085
3291 1519 2836209
4567 228 2134605
3518 3852 447921
4089 4278 1730578
2670 479 2001939
160 9437 2532614
6517 1407 555718
1042 6973 2964951
3743 6994 2234473
6762 6241 1231477
1655 4566 84378
496 7495 375275
6658 254 7280
7888 4396 706758
6686 3410 680291
8434 7729 962746
1222 9571 1244149
7078 2277 298440
995 3097 34258
6063 7410 1501367
5758 2559 3964910
1403 7345 279754
5700 3753 4883767
5516 4019 39731
5893 7250 1100374
5331 908 6803594
4373 4951 82388
6806 6466 1801899
9009 5136 2256410
8714 4056 2610161
4464 9463 837173
7901 7764 41627
9827 931 2869892
8092 9013 615195
7722 9783 585993
9904 5428 408519
4644 6127 4740890
5897 2207 656773
822 9829 192202
