68
7098 3528 542778
7381 3278 2459799
4266 2978 1388747
6426 3454 1353498
3734 6244 1611951
1363 5061 214889
2480 681 2037854
9050 4830 443932
5083 110 2167018
336 2998 1360516
291 8332 2897561
8558 8839 153944
4176 1951 587738
2007 4177 1188869
3094 4616 6905132
7227 5356 5100398
3501 3771 652178
6533 7768 5105520
5535 9664 861436
2421 2934 11043
4674 82 2449814
8885 7149 2002725
8608 7666 2622338
7726 9326 221853
7733 4119 1210692
1522 8057 758609
8287 9988 97289
4711 8758 78373
2100 618 4883077
9687 3800 1001671
9692 1328 1195762
6416 9956 1435975
4184 7174 43048
2453 1561 946952
8624 9869 271007
1283 3918 2056507
353 8407 420656
1899 7709 837832
7723 5866 767914
8818 8616 751848
5093 7969 2871007
1652 941 2415635
2435 3647 874904
2289 6498 473298
424 5906 848342
7779 1075 1405066
9119 9115 6225679
5071 6780 632859
5824 9374 1120893
3782 7475 726855
7413 8999 2476318
3186 640 838062
1304 6396 1592987
8802 6766 331390
1067 9589 1513003
2782 6801 1011742
3166 9782 1516057
7090 8393 622089
1333 8228 911734
7167 6657 836035
2662 6338 2578539
2043 3958 94143
4481 9300 1089173
7337 8789 2340054
3686 5566 53216
7578 7694 367819
6132 4965 1247966
378 5268 1886392
