84
4764 5740 2799971
6808 6329 136762
4830 635 898507
562 8530 52017
5116 2330 151736
124 9749 554826
1833 884 5993
5315 4516 349993
4329 5731 199706
4721 6257 1947196
6774 2816 808894
2103 671 5054662
326 2486 1430635
3777 6660 3019417
9736 707 1112380
7595 4558 540789
1839 4498 589847
8567 1878 1240574
2740 6880 86312
4084 1848 770151
7121 6714 667301
8107 6634 245585
6756 1868 1820807
5564 2064 3945119
131 8133 424565
4916 2835 1803892
9992 2101 2269997
738 4321 453522
6828 5761 704327
6672 3642 875892
3670 9906 238728
8747 5101 1350442
8953 1730 1715574
2540 4035 2371258
1674 3270 287177
658 2056 2138168
6968 3495 40081
9976 9069 728173
2937 5716 4857349
9298 1759 278209
6517 5063 770688
2031 667 195865
6008 527 2353418
6667 9118 811819
2089 7824 1229
6066 8317 1838069
7681 3647 921912
8918 6420 843542
8647 9829 151205
5541 2431 2755708
3048 2859 140794
3601 6745 77110
2015 6992 1238081
6875 5520 306038
608 4489 815386
637 6340 1302589
1434 5680 257251
9557 8989 178713
2638 9147 3306023
6183 3682 2497932
852 8718 2412487
2847 159 462712
1023 6432 1427105
6960 4570 1065813
8427 6515 440639
9975 4301 292989
2014 3652 1834675
159 145 1573951
3331 6165 397219
1063 700 196170
8844 9868 1136336
5542 5129 1287573
3373 2422 1895404
1971 7915 3259495
5676 8396 926568
664 8663 233184
2139 1403 454699
5623 6551 935893
4862 6171 380424
1350 7517 810727
6690 3068 1021681
9152 1395 1826059
2834 9175 3397028
8674 1353 2601263
