143
717 6460 468358
8604 2107 47625
9413 556 172135
48 9633 2603539
2293 3106 82495
2204 9502 847091
3655 8846 414620
1085 6670 755415
9515 5822 384137
7476 8814 107861
6611 2849 895353
7336 5073 1326267
9596 5860 707669
4854 5342 233345
9266 6878 173195
9205 9847 254179
7501 479 957695
3221 3915 1415188
9060 7707 102507
6193 6831 1420235
5069 6992 48871
6671 2192 1486209
4020 6519 305803
1844 1743 15668
396 6580 874143
4038 3605 39327
503 4468 925870
7021 2893 62468
761 7064 1106425
3899 8310 626011
5580 4552 225652
656 4193 339546
4173 4365 50886
1106 4657 433755
215 6329 60363
2827 4553 119486
827 8753 702733
8004 3135 120255
1255 1056 141189
5439 7387 227519
4214 5930 435913
773 4636 788772
4098 8125 83805
6609 9811 998023
9118 4653 376748
9372 5893 491369
7289 838 1128114
5510 2996 2440943
1119 3869 744576
8481 1534 3649515
6173 4779 2161452
9014 9463 1173
9042 5336 1538376
7865 9233 174042
5652 176 1668793
7477 3509 822431
5444 4883 3434051
2309 1264 109585
8250 4469 188124
5613 7584 712032
962 4838 116842
3005 2652 165647
2241 3656 543626
5286 3542 160549
4651 5391 1992053
218 1200 622653
9192 6147 193490
5427 4369 347357
585 6614 445857
2001 3003 373279
1790 6808 1380148
2789 1732 408414
3218 3869 729188
309 5111 1160864
5882 6589 200274
6317 6777 272066
6706 7710 107892
5813 5005 611587
5092 7608 1540502
6956 2479 50011
572 6670 505569
5185 723 469777
197 450 266843
6440 8872 1047474
4355 596 155432
9540 6591 175365
442 1408 797170
9393 5704 4198312
1537 1811 19958
6315 281 179019
3057 7739 632604
1243 6283 35374
9905 8892 51807
3184 3011 287781
1109 4982 1033094
7790 8089 144300
6821 5710 935821
6594 9647 462390
3862 9802 260935
478 4749 253819
9820 2514 220639
6723 576 361932
8275 3070 1266962
4310 1520 79480
389 2953 142698
504 3219 715903
1036 5625 44799
7948 6706 38415
8805 3223 1337855
3239 3943 108397
53 1344 161985
2289 262 500364
9598 5981 313081
2810 7613 446085
8260 8444 1328831
2900 8899 51036
902 210 291606
3932 1363 1584801
9635 1872 3365638
7206 2158 80516
6460 5424 185933
1505 3780 255439
2962 6615 245191
4195 6371 967363
7173 8519 801761
231 187 293925
1422 281 1037195
4770 6627 1000697
4305 3485 3926870
1345 9240 70523
984 2249 1031394
3508 7274 726399
9811 1612 1591384
4627 8224 1793075
4361 4879 189779
3959 6247 71336
3925 5273 343133
5479 3692 3382590
7023 1273 392174
7020 2940 4746
5461 2449 893526
3194 2803 697387
9868 9556 1093089
