66
3687 1039 4673638
656 93 1172987
5195 907 4343011
3256 6970 1537177
68 2646 837819
9442 4000 1953516
6293 2253 1922989
1464 154 39863
5246 460 763237
8260 1409 401056
9239 2726 304390
1277 8501 510156
6544 1860 1699838
1006 8762 1931084
422 6286 522812
4671 764 362781
914 192 2261745
7713 4742 281174
6287 9576 118226
3884 8056 4988429
4094 626 2109813
1252 8168 263846
3201 6357 70270
878 418 855232
2470 2909 820093
6441 328 81406
1032 4777 1271674
9724 2908 774678
502 340 192973
2321 3068 2900461
4172 7886 209955
9403 2459 2107765
503 6925 1639830
4651 1888 96906
5607 4820 2728344
5083 7681 102616
8598 897 1663569
3962 9394 447246
4317 5934 474264
4033 3215 44333
976 7997 3230004
7904 8965 615510
7965 2199 1753825
9089 3291 2380765
3745 6269 3090928
319 460 3542620
8298 1174 1346158
6853 9527 1114554
4231 9324 6815541
5715 1824 89805
4868 2922 613243
6169 8809 991960
9504 8572 784382
6470 2370 2520322
2718 9394 1825766
9366 2500 844563
9362 3260 271618
9403 3083 378140
1656 7541 1260861
3914 5122 512495
6605 2833 799897
8636 2915 2027497
1582 6104 1298910
4734 4634 2886128
8809 3183 2895372
5679 5897 6627934
