52
1577 808 11549169
1630 6806 561139
2672 2427 3390178
1061 5079 95288
6364 6192 1241457
535 1673 445115
1777 5229 4395944
1407 1300 164020
1720 6386 3484145
2088 9988 953772
4238 3098 2405642
4201 6917 878273
6017 1354 151940
6432 8512 168373
9334 4109 738870
9602 4989 2503948
1485 2162 5428861
7086 2330 1198616
5534 4348 2574
7927 2769 2302297
1999 1799 1729051
7931 8501 175354
9919 9788 872634
3932 5789 1240776
239 7955 306636
7519 5459 576624
3970 7204 754147
5554 7909 324618
1045 3581 383792
2249 7249 2590198
7793 9344 6397319
1904 8616 1650198
8253 9348 2524316
2081 2119 700807
4626 6469 4078946
2678 6846 846056
3550 1713 3905737
5267 3922 3675208
1983 7049 982520
5016 4720 940882
363 5392 3362886
6046 2375 1410362
1418 9846 1939359
1865 8156 863990
8766 5614 1283592
6769 9512 1862403
5306 5287 467215
7120 3525 292226
6505 3841 3819419
9842 7911 3986477
3394 2762 374299
5926 5332 3622332
