142
8605 9390 677725
1997 2941 16754
3184 4619 777340
8407 4869 231676
8709 214 266532
8019 7191 378680
1383 2058 596673
3603 1059 992678
2427 3853 135664
6461 2171 333297
6237 7869 675038
8205 9695 136529
4774 3037 2192057
3769 8858 360385
3670 9843 119164
5131 784 2038120
619 8166 274331
6887 7904 2013536
5670 9831 563800
9372 1171 1225287
2891 6706 337015
3850 2885 716751
9428 7894 29929
8448 8314 157577
2318 7826 304623
370 8697 787402
7298 2253 1213116
4378 1077 452952
913 8302 60477
6806 2704 863332
8156 7782 324089
4201 9843 790958
7275 2678 856392
5534 9492 130924
4189 2052 180671
4429 7585 207250
5112 7880 11809
6854 4326 38510
4781 287 85340
8845 585 1855564
3173 2698 114962
4752 3611 1162526
6459 7902 580934
8 8602 177278
1406 2406 1294217
2840 99 946686
1606 7713 231735
7071 7750 1556226
8317 5324 188923
8083 3647 312138
2725 7816 83602
3002 4359 151064
1487 9634 684621
2814 3690 403396
1408 1888 185891
6234 766 135887
2098 1034 767621
3420 8244 989059
1922 8724 888705
719 1942 2189276
6547 608 32664
473 4207 1795006
8101 7150 1231872
7065 1998 177717
7714 7004 384382
2373 8203 1065606
7338 1909 117160
7729 9959 381833
2576 4334 468530
3466 9251 56528
6185 9807 33637
5250 9516 977268
510 231 1572091
9364 5120 41357
7529 4767 724935
2483 3917 459401
4671 6755 152735
757 3852 539040
5285 3826 209004
3932 5514 2650336
9699 883 1019597
6150 4683 2139383
4449 5200 839501
6712 1604 192953
8941 3026 1550940
9615 5907 422947
9831 3574 241640
8164 8832 550437
8743 9060 667066
2494 8370 607160
7317 5512 908929
6472 1989 132800
9613 8638 2342959
3078 3630 144050
8197 8269 257648
2925 2638 60521
5405 4365 1383008
274 8551 755322
3067 7318 1793846
352 5910 1864023
4917 3749 669840
3435 6284 1807993
430 8355 990993
4907 9165 65560
7209 2576 1615148
809 3009 1553189
4385 4196 477042
3297 8563 507332
2391 9229 76993
6451 3519 354982
198 4944 838576
9616 8944 594747
4337 7049 743917
6172 289 1512690
4208 8328 2962634
505 534 1748573
4018 285 88661
559 7542 696394
7020 7335 500566
1901 9433 141054
4212 775 35873
496 9018 591256
3320 4921 56021
9256 478 450743
3878 4617 471808
9287 5981 1355255
9703 940 342978
1401 7843 345115
7561 2635 51177
1664 9026 149271
7131 520 309030
2532 4485 342493
5568 5280 1315506
5725 9285 3289821
5698 170 1229391
2966 8278 451776
1176 5438 1122101
6405 1282 1035825
4881 3922 294615
6898 4556 367939
8508 8375 927974
4524 3417 116622
