127
1687 6336 418103
3851 3264 418328
397 1772 1501950
410 6125 128528
8231 1332 1367414
3659 4136 261044
5090 347 549063
5072 4128 362442
3724 5323 1415371
4844 5706 113729
5870 2199 1154349
4239 2706 194775
6440 6502 253307
6040 7924 2001656
2891 732 178899
5507 2413 35068
5782 1562 436766
8516 7269 422426
1615 408 9691
6547 9315 1847576
6822 6434 676378
3336 4191 91712
1051 1087 249244
2828 1230 7388
8975 50 283709
9340 5734 311664
8690 1302 230785
1697 5873 3075432
2100 4272 14023
235 2507 1168863
8729 4019 639104
9972 5167 87099
2337 7036 486353
3238 921 82803
6821 1633 239843
6022 280 572745
3079 5994 212436
7069 9575 1481116
9179 4274 170416
1316 9326 806360
6596 4101 56523
3141 6777 1231761
9179 1523 1336151
6512 9121 829486
1296 7384 929037
1744 3903 1073560
4413 4769 983475
1066 4353 389649
5444 4429 244129
3358 7939 38013
2986 8719 1369466
2589 5648 403506
7786 5406 74318
1347 9296 2091512
6763 5050 775688
7671 4549 2189293
2092 436 104821
7935 2347 2082377
8105 3705 993628
4990 1180 1070445
47 2925 1175156
4841 1867 317626
8978 5104 871277
8371 8196 1634178
7258 4372 2493901
3132 184 3411064
4178 9436 1660463
329 4122 1194959
1378 269 149423
6707 9365 1338588
8630 5049 59584
5310 6367 328510
8560 3674 71273
8583 8936 655123
2101 3734 47459
9236 8727 1386814
5621 6847 549967
2047 9309 131280
4140 2211 224219
9329 7629 701199
5766 1918 358425
6308 9720 2882794
5873 8669 654522
6320 2251 155011
3727 139 1120807
7295 4253 1286896
2907 6232 290303
1441 7884 522362
3117 7737 339212
7502 3352 809311
6089 365 522225
5883 2711 724171
6092 1514 112065
5195 4866 508292
706 9319 66423
1883 7353 1587957
7562 1788 1069699
4176 859 349507
9883 0 84941
3714 2215 47928
1676 1146 428106
6464 3651 20527
8514 8993 250180
1629 1998 1055756
2905 3363 2770462
4647 1192 579576
4046 6003 329346
583 8479 1475573
4490 4021 676779
8224 9514 254749
7788 7490 94832
164 3431 130653
9771 7342 561468
889 7404 1994887
3726 3991 76230
6458 9898 78634
3515 6167 1118862
970 5100 231117
7279 4911 1929409
2523 7691 3663430
6080 841 3181825
6607 1799 310710
5029 7178 392427
8883 6098 1630661
7808 5425 529842
8077 5007 2086882
3012 7057 27367
