134
1111 8543 605929
9939 4445 270853
1312 999 920857
7205 6567 15300
4519 8216 544161
223 9824 435872
9379 1361 290573
6441 1339 147344
4159 5428 257303
5394 9169 78043
9128 3249 1921673
7501 6640 929800
1184 237 1000382
4566 8080 401265
5512 7970 481419
9081 2580 594998
8709 9198 516940
3194 664 830718
8587 5154 139401
328 5144 3255022
5454 4571 1110609
281 5549 572962
7084 5586 2758953
5819 8008 514783
9088 6740 410523
3795 4988 956761
3782 1051 674053
206 2767 152880
2279 804 148173
9828 4684 695539
362 980 678222
9503 1122 409859
8628 506 199037
5759 7845 885622
1366 2760 973606
3381 6195 66588
2323 9631 936308
6523 9286 17415
3399 7487 174847
6110 2259 122
4314 2278 313907
8400 2716 1577738
7210 2923 1194780
7410 227 2319680
2260 5904 1169981
7838 892 547243
5406 1049 860942
1842 2225 1608822
2541 9463 308512
9369 5090 1185705
8077 8597 1847968
4049 779 722182
5176 5613 606052
7815 5594 247236
4573 4337 930748
3920 4275 776685
3714 5649 2304009
1532 7587 435277
2770 2029 346634
2485 7451 146653
3006 91 160095
8666 1369 473647
3258 5233 706932
8939 2900 1009026
9393 9234 1257208
5171 904 919515
8774 7653 481941
4765 7659 728528
6480 6175 1897655
4880 9968 584558
4198 7453 400810
8542 9820 744267
154 7325 537741
9330 8581 2173499
6505 9907 1068602
3952 8672 360544
3631 3239 1950886
7210 719 81865
9126 7070 476715
3190 8919 97917
2160 6249 652104
2985 4915 232577
3971 3532 440109
1434 3360 448041
2075 4206 1098606
6810 7845 1314996
7146 9601 1148963
8077 6448 75733
1572 7454 1807997
4674 3441 848004
9745 9249 805821
6282 2732 171920
2771 7908 687384
8878 2259 101170
2260 7181 122162
5738 5099 560539
7711 6660 1729735
9838 7720 290550
4076 9823 498041
6218 3587 1066632
255 4916 244103
4303 283 142087
4114 6314 277296
8949 9675 1483698
532 7948 1203614
8668 1524 803622
3274 5255 1710397
2403 3105 964564
3280 1441 223004
1307 2800 501745
3749 8703 1250898
6101 4090 462570
9617 6713 586306
6118 1428 156179
3766 6593 1371909
3164 9626 37477
9789 3014 1448900
2037 2416 680251
4940 7982 1250901
174 6727 1822948
1284 6530 363629
9906 1122 1313657
4521 7828 383389
173 4786 222821
736 5284 94515
9369 9275 1069735
7554 816 39035
9303 1623 150016
7243 2097 9810
8556 8396 1218357
229 6232 338239
2816 9387 596391
2787 8848 122860
4727 6746 1816573
