58
2386 7593 6529800
4135 7254 1517623
3201 5024 2357012
9631 8662 783952
5324 7757 115924
1765 1064 180721
9492 5886 477897
715 5654 2342847
6432 8141 5226652
4360 4304 2579678
4087 6194 488852
381 8375 1911925
548 6488 301099
5325 6355 2025156
5862 5382 702318
9014 2932 2636579
4074 3139 3024434
5914 7354 1222799
5994 4595 9033
3612 6763 1719609
4053 8279 2253355
3132 3343 1876664
72 7604 5147703
4761 2312 5085185
386 4144 2981680
2596 6500 2598060
4269 7579 379716
952 7890 1604758
6798 9734 232224
9054 7517 634126
4079 2953 3519290
8024 3025 125721
8950 1758 2287621
3926 9031 16337
2631 8256 128468
1435 9287 1539047
3977 9154 152774
9174 5531 560273
1329 9807 1210670
2572 3755 95597
361 5025 3513539
6536 9430 550858
5986 163 546226
8965 1796 2440550
7051 2704 1375313
7643 407 1608263
9955 7419 1165066
197 9200 2372370
6452 8924 73906
2406 4730 796593
8350 2059 2709180
8141 5521 1101527
3872 2484 7073711
999 925 2949527
8361 2244 404499
1363 635 444018
3859 7556 459428
5152 8052 1832247
