166
8091 1379 1312120
1582 4617 232133
6278 2207 181857
3803 3091 254557
9344 2975 1345302
5693 7429 1178954
2286 7199 393086
9739 8059 6137
8492 7117 863078
8083 1980 424225
8281 495 462101
6391 5986 870905
9411 8421 166681
6896 9893 117132
4344 6064 92894
29 7335 269972
7616 8473 209003
6498 4886 213270
7246 6323 414469
6883 2154 661095
2560 3802 1048158
7843 7492 235265
4371 169 103528
8168 5446 168143
8378 8056 498232
5758 336 120689
4716 2972 166752
6084 3041 449517
4076 6756 32906
3143 6551 922366
5944 6639 905523
7650 919 7841
2896 284 47346
2201 5568 746679
4075 4648 68465
6258 4053 257812
3548 3070 94299
7101 9442 540485
9022 7565 1432762
6113 724 957009
5590 5937 801444
8253 6047 1370784
74 8419 4873
1482 5641 744375
1290 9382 409947
2090 4881 563850
2062 9028 1011517
6969 7314 252613
4295 2697 238590
4038 952 283088
6265 1907 2118995
2939 6869 232145
7468 7566 1050250
7263 2927 902856
9601 1522 1467885
6792 9492 511798
2391 5429 924526
3086 5448 35200
7799 2183 483563
7216 1302 418257
4853 5400 903248
6446 2484 496005
1681 1213 1110092
4817 6676 734932
8472 4759 5294768
1640 5098 794180
63 1396 308919
3620 5676 167788
5046 7595 941994
3712 2518 452880
4358 8126 121899
8468 6557 301223
6999 1546 298300
1803 8808 2094474
6682 7648 711008
1590 2385 655890
7452 3010 1111084
186 2128 546980
1023 6851 504836
4418 7572 252461
8939 6388 24137
6804 1377 381664
9261 9878 4647
7318 8270 301268
5668 4451 557651
7946 461 1027080
1125 6810 38517
7540 6752 1072551
9294 236 143363
920 9309 515108
6946 5075 263190
9889 7609 372369
8002 9928 3361447
8691 5634 1254364
3073 511 23646
5017 8452 403572
1013 7588 373412
1636 4902 940938
6387 1707 473159
6745 6739 1253493
9492 3874 504236
2425 6642 286484
496 7348 1157904
8682 3452 421724
9201 7941 502381
3909 4269 887439
991 3888 217119
9974 5088 174651
2027 904 907555
4448 5173 3680056
6926 4542 656317
4466 2657 1082984
1550 5199 825025
4629 8834 419704
3199 5151 277019
893 8876 1152362
4115 9092 256902
597 5727 82545
5000 1665 149172
7580 5359 448820
5450 5267 391689
3551 6536 421840
404 6444 1176165
9393 260 945887
659 166 1698017
827 2417 260699
5994 9334 157017
5966 3585 384681
412 9611 131471
9182 9432 634800
7394 7303 36515
8080 2219 836008
9313 7282 42658
4599 778 412397
269 2656 98931
2253 7449 12490
9510 7938 210912
980 4559 922415
6880 3371 142603
3827 6468 631407
2054 5625 168168
541 4472 123199
1800 6351 453392
8753 8659 970895
5288 2954 106970
5512 6214 275193
7489 3698 37988
522 8831 1181830
9523 6551 194867
4931 1577 197129
1051 5819 264780
9929 8875 56100
3713 4606 484468
4389 340 118756
274 8403 1502850
7762 274 823079
1712 7420 596303
8860 7720 62430
8092 4753 1046337
9230 9255 811762
7708 3234 146344
7651 2363 605109
3423 506 1724477
8812 5532 641468
8830 4620 867423
4375 9350 11841
