162
1665 8500 276256
598 1834 99638
5880 2250 248699
9391 3415 506264
3711 6139 703137
5644 7832 464298
60 4277 840448
8464 1063 421983
1297 1853 508282
2249 6035 421409
9674 1448 409102
4445 5845 80430
5348 6306 769399
5123 8974 609269
4375 542 21990
3733 9665 1380820
9791 4089 47191
2338 2244 477590
5568 2499 1464983
7547 2782 100002
1895 899 1311870
4115 4779 1070058
5006 1605 125418
4243 1552 836349
1659 4497 684094
9445 6241 549245
2323 3459 419612
1744 5202 757697
915 496 1728778
6376 9249 331735
5797 8703 33100
969 6309 102094
28 64 520984
3222 8508 508431
3827 7127 777577
7884 4049 371106
9468 6716 1016914
3627 3898 199163
2760 6482 149945
7393 1974 67666
2451 8106 344775
3580 9464 780592
6382 9111 549480
3856 5794 2578546
4470 1483 1512730
5067 5284 1713271
5182 294 142964
153 6493 201235
6017 5943 148713
2511 5813 604363
7434 7553 600850
2670 892 327208
891 5675 194965
4607 5752 1149694
7096 7672 7405
9877 7531 1402658
9719 4456 353685
2457 7568 433915
1560 9422 849681
8053 3451 46142
4122 5836 49089
429 4023 26682
2131 3376 852534
8567 1988 310543
1630 8472 1504516
6291 6168 832483
5747 7644 104629
4600 2071 350518
2444 8723 919977
4294 4179 1126861
5970 6133 302015
8312 7047 181047
5603 9984 1295680
6039 7210 234926
6090 8764 107842
5575 8566 1345028
360 1502 351083
500 2727 66843
9242 5234 703436
9496 9864 481931
6973 3498 251686
1657 5800 682545
8551 5364 645338
3353 2087 310472
2704 7766 999312
8543 6957 271222
8577 8457 695136
278 4155 1487202
8618 3194 1046696
5072 8902 283701
5469 1804 56244
3635 6756 183706
7933 753 368738
6722 3529 279971
6465 8308 128011
2837 4529 90316
6014 8597 45048
1208 7056 1666075
6094 2886 740468
1353 1338 1263735
4349 3725 496271
5268 3691 235856
1679 555 918308
6923 9254 1128804
5083 7512 74276
5073 9596 1018169
568 4426 851357
1957 6554 1418440
962 4049 395978
6999 7435 376243
5813 5259 1193811
1467 588 156878
8821 8931 788442
9645 8965 375011
6051 649 35778
5971 5992 654232
974 817 323571
4028 7039 3398756
4205 9821 510093
7151 919 495644
2530 2194 220764
9839 7130 81274
7203 9056 876067
7949 9643 125636
365 9785 403817
6420 5171 41759
2233 2506 528345
2041 5321 712958
1214 2525 424664
659 7204 806962
9967 2557 328183
6570 7956 293422
4097 7346 513533
4068 962 580013
3616 8097 1994
5901 7094 1584268
4504 6786 482604
2518 5350 445475
8004 7249 1173464
4000 1938 1076928
1608 5291 262032
8750 9737 463651
1919 2869 3041214
4795 7674 1692099
6569 5063 537005
3897 7690 324256
9862 1866 569499
6356 7427 39015
4960 3742 76544
4653 5478 749102
7646 786 170313
6666 7111 353943
3237 1185 119147
7761 7403 1530132
1428 9504 447470
2990 5256 249581
6026 5326 557746
5173 7958 747657
9845 7884 193198
4963 4307 3460943
753 9600 394667
20 4380 473555
