118
2922 5233 1631776
7115 5454 155797
5016 4188 1035784
6719 2896 1174715
9070 5906 572698
7102 2694 938633
1147 1280 3307746
4866 3326 929376
9998 694 288857
552 1443 191625
2028 9476 93675
8619 5523 540683
7901 5085 334579
4337 3258 19924
8434 4900 287318
2956 7643 731591
3068 5447 66802
8126 165 431118
5193 5455 710013
7129 8750 228103
6203 1645 746254
4077 1360 292692
7925 6527 128146
4382 6010 152143
7036 9763 418983
5862 2411 181131
7587 1134 150008
2697 7873 790699
2756 161 411892
433 3369 391540
6389 4402 63976
8138 1429 153493
5706 6714 392686
58 5019 2024896
9717 4854 628057
8342 3569 834422
9220 4223 1522072
4689 4811 2679253
1976 3284 1588367
2520 8105 40846
7917 1295 70609
3127 322 1039355
8091 8611 1005687
1047 6666 795218
7499 1589 135597
7682 6605 96218
6960 9185 1211342
8310 7652 3975011
8372 1019 388185
6627 5089 1836132
8537 9350 1082397
9940 4600 57554
7038 9987 386761
7319 1417 766043
2363 3574 504106
3378 1323 1775261
3083 9526 1571038
6596 1319 264161
378 7003 262855
2586 2107 751724
6089 8432 260934
5520 8352 402263
2282 943 232632
4122 7701 259156
2061 6335 856308
8464 6260 468315
4572 34 712713
1961 6435 809512
9826 603 4165528
2549 5100 94951
6524 317 328843
8343 2056 726845
4998 8522 743595
3467 6580 2716566
4007 1591 738317
7550 1728 1261781
8404 2462 279720
5187 806 22472
1594 9042 3240702
2666 6548 47961
8372 5065 993104
4103 9972 1994779
1105 6156 521430
1881 3545 558345
2738 968 1127612
1015 1140 640004
3177 5867 593698
2833 6905 278108
2321 9835 826850
3775 8950 322268
8627 2155 391553
6866 48 1946145
6999 7785 4321115
5461 7058 1389146
9894 1944 771163
977 4530 3652844
3657 3034 2490517
8136 2047 12034
3847 2689 395303
9022 581 676502
2134 4257 1305378
14 2863 708196
6245 5137 403957
3846 2969 649217
2233 1623 1542097
9016 3564 866650
3657 8456 230430
9469 6364 43074
8680 5149 407904
420 6483 220210
6806 4431 231484
2437 4941 912565
8679 8056 563591
8542 6513 394801
9419 496 2353085
2145 6025 1559408
1314 8291 42204
8466 2558 56492
