69
8503 2117 3601231
9666 2199 1594732
2439 1755 26545
974 1947 184059
6205 1421 267658
6440 5599 173005
2897 6351 1449897
2208 1884 7863192
3205 4293 288143
3041 7913 66138
7465 6957 1368570
9937 9034 2085383
619 7739 1934778
1583 7006 2675887
244 8318 606557
9211 5065 772654
9891 3977 510063
3860 3027 681240
6152 9669 3182
7812 671 876668
2075 3329 1114110
9166 6655 632352
8509 7388 3478785
18 338 531448
4403 962 241047
6121 1209 833079
7508 8541 864319
4116 1465 3982321
2234 6372 1322169
5201 2014 55568
6355 8082 1059466
1485 3348 1219925
3120 3676 1558119
6295 7580 1852677
2561 169 870109
5331 3052 20307
2096 3484 110688
2084 6449 578784
399 9686 1111485
7510 9296 626254
6692 7390 675203
9580 7179 1638470
1243 1818 1292501
9223 9325 485948
6389 9467 4685181
7925 7275 791712
8899 1361 352918
8703 3355 702037
6928 2700 1684535
3223 7816 1355600
627 6090 16640
3835 8159 988086
1572 3249 166440
768 4232 193558
4075 4583 510584
9677 6004 928995
8544 2455 2840157
1580 1558 1442256
5288 6484 1587334
3910 2674 771943
8873 9874 581633
9098 2803 6704543
5654 4748 2324249
1866 2046 606801
524 4653 6925529
3743 1561 4430001
4212 7652 1470695
1229 8872 212521
7445 1129 4541336
