84
5214 8354 1440265
6769 3203 1201808
4157 182 611990
8679 3627 786655
4911 7408 2166351
329 9546 284271
5268 7726 207496
5157 4467 1642601
9632 3305 929333
7730 5646 29081
2067 5856 588150
8824 786 72144
7704 6283 3526481
1210 3624 2071514
8913 7838 2257464
7653 3969 107268
5592 6448 127407
8184 7471 486782
5296 4083 1931900
5789 3293 2486081
5557 6235 1803392
8158 1790 2287722
1254 3508 745260
8207 9417 826468
3356 9061 572457
7248 7548 858922
8832 6444 1435203
8613 2488 3053752
106 8069 87303
7364 7366 1178211
4252 7088 2084217
6363 6978 2029509
5174 5318 1870370
2689 8753 936864
1504 5134 1999151
7223 4626 2315167
9178 7146 1322649
8264 7618 724989
5315 3308 747223
2395 251 1744853
289 6626 364514
4651 5282 1396979
7907 7508 503869
35 1458 121623
2872 5567 641427
9392 9586 980174
2521 6457 1153770
5201 8420 259327
7082 5745 30052
1527 2381 941426
974 9178 1176031
8223 7250 1000231
5958 3131 907889
9044 9173 878687
784 7322 2164973
6639 7915 795351
3147 1531 331923
3345 684 910808
4677 9694 434850
1245 779 1218473
7988 1460 6935648
1316 4263 766924
4687 3735 970331
8474 1538 1186362
6866 2137 365174
9219 6187 3901783
7729 2112 112719
1240 5139 591471
4260 7145 212093
3860 3895 1319028
8502 888 1445598
8280 5351 422683
4662 239 429121
2752 1864 814541
5215 2565 2781111
5549 2578 1094626
2592 411 553807
6158 1496 209904
7643 5853 184083
3126 1323 3395211
7304 8227 241244
1312 9843 236773
4518 8499 2508886
935 1176 1529778
