69
3948 6720 815847
8175 7696 425837
6703 2168 1138571
8228 3480 1712779
6951 3473 1182440
7589 7849 2465885
776 5263 819322
8191 3332 945775
2920 1699 121878
929 653 1500088
7879 4529 510811
3337 2168 4526623
1623 1301 3413961
3871 9567 1196126
3193 1577 185618
9978 6740 395539
7991 6132 1812759
5860 6655 1022136
9745 997 51703
6564 8671 2498160
1229 7279 1327741
311 1931 3080
3489 671 3539127
4899 5672 790111
9912 5886 4517123
8727 3902 5925922
7026 1649 120382
3210 4876 2662946
1678 2059 1006457
817 8176 210788
9514 628 3901357
6635 3854 112186
9766 8914 1568586
4473 1664 422730
1581 8704 167279
2867 5859 2400906
3457 7335 2072962
834 9489 1586655
3884 3894 294575
8982 8143 530442
9927 3753 4559291
1617 7706 486722
7568 2042 839133
7752 6656 257987
3343 1705 80706
3449 1771 783435
8060 8654 2727412
373 2345 2618317
9794 3071 1073349
388 9885 2065943
2144 1542 265669
4532 304 230825
2972 4901 622151
1811 5967 271780
2780 1908 2555945
1479 8939 2875634
9008 4530 1374188
4904 4001 2631906
2603 5607 876461
5851 469 1404423
1936 6294 2528179
238 1633 2823601
7626 4499 788717
5089 5584 800374
8419 1662 1636241
3643 894 2049608
3317 2408 198290
6279 437 36231
893 4161 634269
