56
941 3193 1908688
4690 6219 1804060
9488 8161 1504217
9021 7446 5649055
4725 927 2149342
3989 4275 1857798
7964 3546 4132174
4245 7137 1170450
7782 9967 1214912
3926 268 762477
3655 6192 161696
9493 5267 3169480
1497 7741 1392119
8377 6346 1184033
644 3645 1681586
6970 5768 1636386
456 2882 2317745
1621 4306 1064286
8122 9521 64158
4434 3778 284746
4598 6622 1876583
978 6027 4659395
6253 4067 590538
122 2642 401691
4779 797 18726
2845 6919 6388617
3405 2775 534862
1691 1280 1082185
2354 6075 1583297
5077 5415 6990913
6706 8160 2095090
8331 4324 4916795
2927 5510 873455
6294 4710 1053036
6816 5896 3136273
8700 1648 208136
1425 4597 712079
4027 9444 1826425
1937 5646 905817
8418 1628 3072038
7271 2746 935010
1212 4827 742858
1404 8437 197168
32 832 2796376
7838 4428 1896941
4449 8522 1702704
8621 4846 444150
6635 166 668607
7340 3052 1479136
1999 7051 436292
474 363 97651
9039 26 2546861
6260 7817 1810212
598 7124 4113430
6945 3334 428022
7086 7061 1669223
