82
7473 3058 1078220
2967 4721 442269
936 7741 1515778
3711 8702 275550
8086 8070 2492019
7034 8121 262601
8137 3066 1553880
270 1574 1733
8645 4984 4395612
1934 935 50975
7774 453 682486
1210 4776 1622990
5481 1872 4663878
1343 4985 2245029
9554 2241 4027378
2263 524 546224
480 3582 675766
1734 2816 213335
2953 692 394717
916 2826 281919
6102 7415 1367449
4726 2186 681383
8169 5204 1481652
6239 1806 417289
6375 4247 308122
162 6768 1228052
5418 7977 1154449
5947 4464 200303
4323 6993 2082911
4550 4053 2648
4757 5615 999081
8871 7969 949954
7905 3853 2513062
4469 3584 161850
786 6384 362155
4446 5374 3632313
4905 3422 442611
4182 3938 525982
3462 8818 905766
4464 5758 1086238
2566 6228 84459
224 9563 1796229
6664 7798 667954
9271 5876 942654
7988 8676 174004
2843 1510 948036
5392 441 553149
1783 2864 1930962
7503 8730 335563
5584 3981 661668
1094 7774 114555
3003 4166 1134203
3122 4429 342923
1326 593 698726
8149 9924 210986
1684 9054 1648594
6330 5313 559392
5855 7043 501921
5491 6886 1302669
1151 3560 555051
3157 597 262422
2591 6849 1260130
1881 6638 845315
1641 9233 1540948
8254 7769 40674
5493 7512 1293944
7186 4107 340611
368 2745 2254001
6663 9587 216651
6660 9786 442133
4422 4091 2756619
5584 1894 949636
9561 7237 1626514
826 8068 3576171
9437 1116 289243
6426 8189 2039317
1457 1001 1492994
4885 191 5105836
7139 8705 418850
8638 3890 382870
2567 4569 7614787
4024 7792 2161007
