145
8422 7767 165441
2389 7383 547782
2238 4031 781122
9538 3134 196476
3733 8251 861225
6158 1786 197250
3122 9647 1556781
6463 8135 148312
1664 4828 179818
3869 7541 1716450
993 709 448921
5622 4065 732314
7647 8463 1504081
622 1058 49686
2027 9359 179152
4029 4172 687263
740 9955 1823477
4334 22 992585
3780 2950 420324
1553 2724 2112790
4863 8769 1020960
8697 5206 140374
5631 990 978599
320 1715 208529
9977 3086 650968
1271 9776 54809
8547 7066 675166
3682 6045 26112
5634 6682 450765
6524 1092 868820
568 4351 160777
9491 7530 366647
6246 1554 933996
285 5383 877090
1733 1254 939325
1708 4119 1009315
172 5010 1038099
6188 9053 104682
1248 9294 642906
3140 2693 72071
1925 1518 26447
4444 6854 36278
8342 1532 558483
9561 6137 461945
5034 3690 1052633
7690 3149 52227
5123 6882 276953
2182 688 346119
6608 7836 1042649
2492 3908 334643
2237 4216 365569
363 7806 1994003
9354 7756 126039
4463 2979 1231779
4236 8797 375948
4111 110 981770
9324 4147 236654
3475 1650 57211
1932 370 968711
5551 3415 400599
8399 7386 465000
1370 294 3854647
5968 9483 287586
2225 9136 93706
9050 8808 2588577
9987 4176 401252
1969 1290 1105849
4164 5979 1783884
5399 445 726167
353 25 328954
7238 7802 274130
7461 7441 577459
8586 6050 1444034
444 4878 960081
2424 2425 669537
1461 6244 723124
2672 1587 413150
85 483 559879
2090 2666 2645149
1490 3044 432205
8563 8799 187380
4641 2330 839868
9389 9318 1812014
2741 2484 528339
9959 5994 1214826
7075 4871 192896
4573 9038 152152
7981 8573 490187
5911 7998 892787
4969 6398 244709
2806 6406 260
2602 8258 1626794
6471 3846 371249
3124 4072 122109
1026 2032 227024
1890 1662 29035
8151 8105 900302
9132 7217 1153248
4276 7397 729229
4215 6480 2573700
3433 3415 1115955
9813 6437 579455
1673 2923 411493
8706 5474 97306
756 9826 64115
8682 7940 987089
9559 9342 343413
9910 9430 1955519
8427 7074 426834
8496 3391 39633
7821 6003 430769
5770 9183 709612
9265 6830 377309
4507 7431 44819
9825 888 399590
3208 5182 229237
351 7727 728133
3279 5528 183353
5751 9282 967220
5618 7927 983141
987 5143 1137796
7287 9240 564337
6602 6385 2764404
96 2237 811231
9818 8443 112697
1295 150 41954
6626 1320 2581960
530 2317 983334
218 8996 345928
6609 2669 5842
2692 6552 749335
8721 7522 765732
9198 2277 88769
2321 3633 582022
5191 9580 1080310
6715 5158 487164
6409 5622 122509
5100 1693 438247
3997 1407 310559
7886 9610 3845
4222 498 1007942
8370 2277 306690
2598 1190 442234
5452 5826 461076
5650 1880 659690
