196
4149 8802 333982
4684 5454 906623
3853 1378 140216
7332 8490 400110
7582 7023 458316
8295 6998 698273
6459 4497 440531
2637 8590 159652
9606 9828 1329
8776 6133 171205
8743 9897 252289
1209 3260 757119
2115 2013 849725
1411 6012 335242
8151 9031 176786
4385 2827 361343
267 2112 537623
4111 1523 119942
6393 2923 480162
3646 5756 130669
4901 3348 1684447
5155 1796 53201
6882 6383 473654
7879 4020 886415
8462 5022 84951
7727 1420 887560
6262 5932 150122
4865 8112 99322
3586 7484 403671
8850 6314 1283994
448 4365 104753
5440 3273 357829
5002 242 246078
6162 8978 209394
6445 2054 306458
9588 3978 76116
735 3182 11716
8869 3465 348237
9351 2104 725847
1896 1699 98315
6029 1971 542163
2532 8858 610215
9235 2761 242826
1323 3767 1506223
9140 1830 634950
7183 6104 1378668
8891 4054 686982
4098 1988 107146
4195 5694 316190
5493 1337 83656
5738 583 78878
7941 3235 49596
6589 2133 98306
9946 2382 511980
6416 8250 402857
6123 9438 165562
5107 6500 1731328
5974 785 63261
9563 3812 933729
2142 6673 635544
3160 6120 1258626
9771 9095 590333
3651 5131 480730
4384 5582 1123526
9491 7562 887395
8020 8377 1289730
8242 1891 323147
2439 7684 300426
6879 103 906212
4633 3517 477599
3057 2698 451612
5139 3499 197194
3172 2666 106585
1077 535 488932
7297 6536 165366
1863 7280 282798
332 4202 456184
5859 6331 90866
2683 5478 21087
2852 1425 580473
2451 9576 143379
3524 4089 216434
8595 8704 283007
7352 4624 641260
7664 7019 2384384
9451 3915 248795
9405 7717 58524
1827 9765 635122
5553 3135 21278
6762 5991 666864
1634 7122 1413309
9924 4449 2471
8615 5604 367041
5959 703 397804
9277 9631 992781
1535 6577 342441
7107 499 325813
5187 1726 59756
3804 305 38946
5322 9158 1862690
7815 6368 204697
7154 620 1260389
3404 2230 987106
3118 3442 482035
3520 1589 117489
4408 5424 466122
3301 3665 1563229
1526 3663 306153
6604 9861 485743
9712 460 875421
5552 7080 771895
9673 3595 422471
6033 7318 209404
1232 9868 68464
2643 9255 349380
4262 6767 369457
7026 5480 339202
6388 7479 131359
133 2590 398413
1249 1103 2012
7964 3698 674382
1556 8615 325411
2121 6651 914431
5184 3626 148059
8859 8370 3035226
3118 1904 1185442
1542 5481 492061
1812 5858 128162
5642 8303 69889
7728 1930 2278771
4731 9795 602920
6637 7356 398356
1918 1520 391732
3770 4557 274486
8910 3136 100860
5381 3970 267734
2056 8927 388414
6053 6471 248014
9755 2846 526941
154 3018 95814
6989 5803 1507710
3297 1125 347201
9058 3740 270071
9682 6043 683313
1939 7605 263171
2670 4000 48514
4454 3213 1397313
1265 171 218653
1416 7048 336787
4107 6974 672752
4349 5868 622432
2106 7654 894489
740 5689 34636
5545 233 849994
2219 2736 122429
4211 4923 504789
7828 9095 1400715
5595 552 52163
7695 388 18929
9627 4594 448753
6355 6119 7688
3239 740 397450
9323 9329 1114893
4170 9471 193927
650 7085 1358221
4728 2658 17341
2644 7886 42765
5650 1811 664245
55 4762 32447
4816 4317 313724
4514 8975 123596
4057 298 9597
1831 2657 408886
4038 4341 145787
3351 8313 205202
5413 2994 955459
7010 2305 4639
1900 8517 239897
9587 5618 328140
7105 7001 1036782
6886 6092 1234054
3790 9286 187971
4126 2867 439492
6355 806 32279
5866 9783 924398
7480 4748 157504
7672 5200 747788
4699 497 805923
6974 942 2229397
9358 7475 1310002
8874 1159 647258
3552 8960 681072
8351 4674 174418
8079 6117 17351
3129 761 789676
3562 7576 404174
