50
2336 8848 8010
7234 5229 971
2599 8039 3061785
967 1067 1857702
2010 809 54627
5779 1281 6056686
4816 8096 1205131
2861 2910 2804437
3498 8509 2318667
7751 7264 3654677
3814 3520 32712
7265 898 1447610
3200 4778 1714423
9926 400 878869
4651 7709 1905546
2932 214 1342436
8887 5826 2416051
2482 9798 59464
9196 2863 166609
1458 5946 653218
9342 5541 2924350
355 9101 2983417
8777 5746 3339876
4816 3126 3391555
2489 2962 28375
2873 4596 3277512
9220 9302 2729999
4944 7821 898208
8734 3698 2471912
3997 423 462594
784 9577 7776254
3799 4504 2592892
690 1851 11194443
7686 4611 696047
767 4171 263586
119 4305 229477
1249 3296 1784821
6450 4160 181138
5472 3913 1640039
7163 9365 533399
839 2933 2037263
9080 5758 1001617
1611 9330 9159012
3179 6099 375655
1899 3607 4667514
3016 721 602122
6004 1333 20830
886 2608 209988
4863 2660 161612
8996 3216 724862
