62
44 8289 583689
8704 8492 128835
8837 2462 498115
1797 2225 2448312
1946 9147 674268
1299 6700 2874980
4413 2551 2328594
9108 812 1049609
6938 3764 4201543
9023 1990 392766
9214 2714 341940
1515 9638 60510
1946 7619 174330
3489 4033 4523550
8886 1182 53693
9391 7676 1178643
7163 2586 7357055
3467 376 224226
2408 8069 146909
441 3889 395218
6429 9034 341262
938 9993 43967
7509 1461 574107
4881 4925 4385058
139 5765 392663
2541 1033 761027
5430 9565 531048
4619 9260 5066562
1060 6105 1981750
3242 3562 3135184
7566 7722 4922237
1212 5614 2522765
1175 1448 2447313
5646 4617 362029
2845 4703 1198824
3462 7552 118718
2496 4643 254175
2216 176 1860177
8502 537 2052225
6029 4097 5285404
5752 5387 1019335
6942 9451 183262
133 5412 185683
945 1662 3134529
10 6320 6096185
1301 6535 1001030
7440 2087 1604157
1359 7033 1093457
3519 8692 335015
5095 5477 1383794
5974 4867 1505482
9 3293 2533782
5973 9105 1726639
5334 6537 2180515
5576 3376 1705447
8216 6452 3355390
8096 5288 254630
6704 901 108158
6534 6360 33748
356 1796 730381
5445 6493 774832
9500 8964 1181269
