82
3135 711 125413
8359 2414 774888
1265 8480 1273973
1853 1330 1953547
5238 654 1696964
4677 2232 1311574
8959 1430 469736
8469 9748 74055
9419 4446 561300
8815 358 278171
3189 6266 2413035
8402 9429 2274631
2703 3982 834105
4992 3948 5846575
1543 9861 100156
6456 9466 1710004
3693 3950 111467
791 2042 507580
9558 5739 3611418
1217 3689 560579
40 2054 2854008
118 9449 3167584
5164 8407 927254
332 8204 1663854
8540 9656 375783
1218 8770 186767
782 128 616369
8781 4070 385766
1069 1135 1603001
7592 5992 665159
840 117 2455241
2541 7016 18938
6294 440 904771
1332 9731 527509
9188 959 679204
7173 3119 816437
7453 5860 99863
8418 8343 5862700
4896 3227 852143
1306 8010 370758
3151 1806 234508
454 3820 856743
2752 3543 6308749
556 7431 42250
3598 1835 440396
6886 4437 727716
1320 7303 940996
6205 3844 1775032
6226 7923 1259879
941 5064 1184025
4559 3928 1057644
7272 9266 485516
3453 9343 83849
4989 6549 189252
6670 2200 4001517
2057 1843 971565
6195 6609 2684607
1166 3021 840468
4766 4288 250116
675 6634 452441
4803 7406 1627910
9693 4472 642322
1056 8812 206033
2574 2911 815935
269 4445 1329483
6702 925 1501609
6116 2068 385642
3721 8929 526092
4190 4911 718185
7932 946 1445899
7185 7853 243948
571 3212 361820
6225 9791 3353547
8248 7864 1277586
7552 4702 233301
4099 4674 3176563
2111 1446 1064594
1298 5994 1171956
2787 9223 642093
9401 1483 550978
6134 9307 759130
7299 4769 1655825
