77
5646 4986 531418
3471 9837 127061
9668 7018 245504
9734 4209 2019638
4143 2882 1638400
364 316 1059015
1769 9440 768358
2231 989 1696142
4766 2972 455051
2613 5849 806831
4339 2907 3576640
8034 8985 350426
6549 3560 1859143
7053 6474 706110
3140 6097 850502
7628 6190 939869
8022 3415 5609311
6299 103 1097841
9737 4008 107004
9165 2936 2062544
4643 3815 283915
8320 2904 510830
1690 6066 144304
4995 475 2948591
6060 1558 72680
5850 1461 245264
6486 9812 4881018
6622 1083 323317
9585 5010 587168
3758 6374 4032685
9757 4716 16364
2303 6349 1456780
758 3577 466559
4766 742 609373
3528 6400 243067
8857 6224 3862998
7466 318 364840
5161 5633 574254
8532 9716 613455
2802 424 1929562
8593 1764 2344633
9351 4626 2019239
5895 5457 746061
5414 6991 3981593
8802 1020 2428045
3319 5540 3980766
4908 405 274364
9370 6286 184308
8493 867 260963
8532 9024 1972518
8751 9663 489435
5330 5484 1154989
7878 4203 2759829
1596 8699 303355
9831 5610 2428578
4099 1855 2496357
8962 8144 772249
5196 9194 185288
4151 5880 860134
1653 2642 599927
4427 8948 431487
8471 4171 423169
7030 5089 1670478
7106 7317 3457312
697 9905 1484614
3430 3847 231079
6279 8897 2055840
7599 2561 851305
5753 5527 388983
8654 7870 613020
3331 6550 255020
9635 4355 334486
236 5578 4542856
8443 4745 916945
3263 7253 95451
5994 4276 1110623
6210 7266 220869
