157
5595 5 236115
4715 4985 47610
8513 3981 712072
7902 4184 586542
7456 6149 409364
5653 8742 171055
2682 2612 1013415
9772 5031 1220115
2341 4004 93818
1013 5178 126540
9920 3421 334891
5239 8097 385571
7127 2023 658787
4290 8250 489503
5725 9095 464168
5136 7342 968913
6436 5377 574608
1114 1401 64417
1847 6432 230756
1117 763 186661
8890 6251 18279
3302 5957 15515
2754 5567 127248
2689 8262 317520
9383 6146 1577242
5779 6854 278638
4380 4810 1035679
8538 1644 139225
3738 6842 664172
1685 3432 738777
4473 7052 810844
751 1805 545875
9331 4135 513701
774 5243 591844
9654 4681 952722
1213 6642 507755
8456 5077 346845
654 2962 81192
2806 6795 54015
3828 105 73561
6054 2160 412232
624 7958 24846
4550 2790 158108
2918 4789 654126
4435 4269 22783
165 9277 744657
4128 1371 1438906
1411 693 716070
5197 6792 176100
659 6682 23691
4790 1426 1743104
5801 446 421649
9866 6181 108647
3216 1 974714
7236 1343 1200550
5790 9354 1206513
437 9084 1099683
3371 9158 561192
4199 5574 103859
5628 7865 162147
2402 3612 540516
2123 667 788502
3181 5439 1553874
6366 3215 721591
5047 3727 443471
836 7479 410394
5526 5689 25854
2207 1245 410615
2741 2474 43976
6498 3617 147908
9531 8845 904982
9797 5961 1653023
1352 2428 1164898
8447 9533 223163
3165 7491 323494
6617 3164 187058
3042 4868 4090880
7482 5962 1420574
6550 7477 1490107
4638 928 1037233
901 6859 294602
4422 9097 356747
5062 5321 935919
5175 3823 803933
9269 4509 1411629
4788 1793 1278449
7356 8424 1372428
5037 8401 111045
8982 3957 438483
3698 9436 11349
9224 7895 188095
5049 818 476801
3439 866 810905
4875 9744 1393844
1322 3622 397455
8518 873 36624
92 7076 697196
3564 427 1225141
6010 4457 772765
3010 1982 899803
9738 9388 641021
2303 5717 1109273
5380 1910 46890
9938 9098 1437969
4205 4786 173600
5183 8239 229292
4123 6734 1122483
7616 2791 1578287
3994 7595 1105670
7795 2301 85573
4650 2277 331620
3969 5165 50358
952 7418 2399790
5824 8340 13517
189 9622 835919
9244 4511 529042
1354 1380 842170
1792 8133 199185
5695 9871 876329
3213 5492 142062
8586 102 490197
4302 7722 1058341
7317 1623 195646
7558 9233 315653
7034 1601 174737
1387 5800 120172
6070 5315 1363000
7381 3838 831267
5151 7961 54998
7820 9191 596378
4673 9979 1512638
4160 2357 95715
6466 1663 978018
7683 4847 160310
9101 5315 176234
6961 4425 978251
5393 5550 44379
8210 2513 42304
3426 9376 1060338
2374 2161 179323
9784 1452 3093826
1665 7018 678481
8330 8117 1027397
3147 1973 487699
6152 886 201917
9571 4218 327791
3634 6240 1788873
2080 9598 330711
2870 5613 173709
6663 16 662331
3151 769 288395
2894 880 741505
4498 8876 476952
577 4001 454219
6008 5378 172497
4024 7261 1916520
4968 8523 1184755
