96
4366 4381 1408646
946 5667 3234818
8714 2814 823333
8179 1144 156777
77 1982 652599
5145 5360 1132074
3153 8449 2707471
3959 9078 1414347
770 4692 4555
2772 1166 246690
551 4825 179399
2750 3233 1466723
1569 2236 3922590
5695 3728 1568769
249 7788 764147
5189 4425 1104224
2448 4993 98257
3042 1115 1930597
9522 7489 401349
1308 6166 949499
9860 2440 783225
8250 9504 546688
17 5664 2639978
7498 9921 2187148
3046 7659 879183
9053 7585 322959
7903 8416 175694
9777 3877 10975
4802 2510 1010475
7569 5784 759650
6514 987 827952
3729 4761 730995
6681 9531 1047486
5845 1205 3000951
7407 4288 2001143
2787 7002 87313
227 6534 254116
8364 443 3714875
3729 2668 1580270
1056 4566 66827
6478 3369 71334
1375 8125 799379
617 5350 405041
5072 5352 771477
8837 5170 711655
8135 1467 2956659
1380 359 499234
474 9547 361369
5181 3050 1157267
3703 9097 2378552
875 7289 322470
8974 8230 136185
7060 3619 1320540
8995 4569 1687584
9773 5388 328961
249 3896 109004
2148 7255 255617
2715 8597 254815
1427 2123 565785
5002 8409 600783
6495 4098 1840383
1145 7174 49642
5555 7427 1431600
662 6864 510687
4261 7226 292425
953 3052 329956
8396 1895 2208387
5944 5280 700228
6085 3821 1088122
5126 6372 667329
6343 6576 291699
4484 9529 391308
5308 9411 889477
6017 8949 242733
3004 245 1693458
3834 3212 108997
3705 6115 192263
7917 9693 783887
5931 1865 541713
1861 3519 424334
1729 2355 774494
8311 9620 2851848
2074 5558 583604
4358 6417 878640
3919 6986 2033779
1239 7202 440115
6386 2690 584185
3970 579 1402891
880 2265 281542
6300 7661 691180
3841 9383 46054
2954 7256 3146538
5245 6732 5692707
3775 7819 2494922
2742 1900 855775
6316 7388 74620
