136
8829 965 610840
7585 2429 635527
7630 1943 160867
2151 8477 2366179
938 7867 569369
409 1444 1301
7992 4418 239282
7791 5103 1193102
6630 3763 3242476
4585 1649 467274
9767 90 73521
8552 5413 834285
8489 5246 101984
7070 6657 89345
8914 2923 67989
4728 6822 15752
7298 3967 358634
214 5950 28635
801 2103 403129
9872 2915 772677
6640 9938 4554784
6436 537 414569
4349 7824 1211689
1311 5628 96649
4640 7432 2626402
9641 3384 446630
4745 4099 846164
5027 8409 1021261
5529 9165 143338
8766 4433 467434
7672 4932 93535
3133 4913 1053080
2810 1702 760981
1183 9158 1420125
4683 732 624747
76 6412 216805
4945 9191 873459
761 3239 214292
3560 3183 461490
701 6443 15963
6723 6287 1335778
8106 2264 2377647
6988 234 1311893
3292 782 106878
846 373 840993
6552 9147 171738
8034 618 66933
2082 8488 258611
3914 8856 8041
938 7326 675720
3226 674 51749
3501 3110 262805
890 9507 568667
898 966 286445
9912 880 1159751
7576 1113 624478
3457 9101 109744
6869 6139 1758455
5604 8341 433320
8407 2896 63574
1562 6017 500586
3256 2215 338837
6478 8966 41935
117 1991 338078
5690 8863 640247
8255 6847 226097
1703 1270 1613328
4251 8771 654678
6961 4731 1590687
8128 2990 1350510
885 8232 843948
4852 9659 456673
9065 484 322197
1847 1300 421532
9881 5957 240943
9827 8864 1412305
4122 4911 107549
4693 1839 1307155
3949 4270 626194
5334 4963 603245
6952 5172 217769
698 4404 279411
9511 8160 422517
566 7432 1770093
1923 1960 435494
4891 9633 1903443
7607 3923 821706
4821 9240 1268492
2242 7310 557505
7322 4373 59059
9276 5770 834914
8533 9642 1517968
3780 6517 349651
4123 8403 50093
1831 1417 1084093
8293 7029 683991
5879 1707 1112413
4825 5156 124955
8032 6630 895010
8581 1840 1815510
5633 7844 1274687
4945 1481 1276972
1738 6760 7313
9108 8207 7024
7618 92 56173
1566 8723 965235
8449 7107 192797
818 5067 1202815
3428 418 878438
1289 4435 1469025
1025 4823 307740
437 8432 755309
739 432 120132
5988 7519 569669
9507 2562 1878443
7118 8029 852305
5809 8274 171394
2437 5987 1087259
2366 7845 831365
4695 1658 303162
6361 797 634147
5119 9146 236260
750 8467 185719
5731 2937 1023508
4237 3213 202081
5991 766 1835562
8658 2210 2543092
9917 2674 623390
6169 4426 66473
719 1534 616286
2399 7422 472279
5536 6744 461789
6962 9687 161484
258 3645 1239405
6327 3088 2140840
2813 6863 1240832
