91
797 3952 1075705
5940 4995 313782
3570 5924 2486420
5382 546 38005
9718 5625 397844
1785 1009 690822
9004 651 2367839
2908 8975 1981016
9861 5931 1469567
2748 5752 127132
8748 1154 425839
2331 5701 1390378
3784 3402 281745
9731 7234 1923657
4324 2961 260105
9368 4597 1416908
1028 2289 1513018
8553 6633 640362
1846 3007 329845
2753 4746 483161
8470 3377 350321
7986 7201 4222570
2887 6532 2760626
5689 2570 215288
3887 3325 1605135
6753 7261 352785
571 1639 123688
228 5351 190818
4927 9292 252682
2275 5130 641124
2547 9185 1089516
3318 4664 1440392
6012 9223 1323198
1864 3200 3101885
4673 5216 17811
73 8878 1967785
4664 831 617070
8761 197 1261518
1917 3109 114436
5778 6009 1803704
2930 2684 21047
1755 9697 1474072
6251 2390 432210
3439 7005 885929
2431 9113 353211
2726 5705 68108
5714 4395 102333
6775 629 906498
8950 2440 1134037
4009 8393 1693773
6019 1208 488934
6389 4370 8344007
3618 6218 342506
9079 2664 66621
176 585 1160129
413 4644 1035659
3021 8560 821075
8053 7975 1351493
3334 1082 622799
5300 3660 1042596
2480 1856 860292
1547 4111 1288733
1870 7850 237259
3069 3988 666912
9213 8647 241854
4347 9197 813262
5103 3439 207733
6017 923 2694054
4758 6307 1491539
4294 6044 143325
8460 2781 203942
1123 4300 4569050
3473 3702 200324
7025 9857 1824195
74 5313 402058
5679 4020 2658545
4790 1840 737735
9749 7774 1857986
7535 2188 157179
6843 9791 223604
3841 125 737748
1662 6872 2620725
9486 3251 2416618
4653 2937 788277
9258 204 871056
7271 7479 135227
7768 8013 595467
5561 1958 565391
8287 4950 159557
3433 3736 1462301
487 9733 2755513
