86
6952 7192 152203
9984 8362 698298
457 7038 1158450
3128 5932 398447
3551 7551 310227
6403 7258 228400
3567 5628 1702914
9563 4430 105542
4179 6556 368392
3701 7434 1938003
9939 1248 1033037
9279 1514 970899
6523 4904 2330026
1041 6760 1364301
5273 125 1060207
8717 8141 286145
5451 2422 602984
4098 3020 1649118
2213 8520 379716
8477 2548 701322
8022 7646 85594
3264 206 3717141
8819 3282 1081503
6468 7882 4109431
9536 3702 256511
7954 9441 2595570
3880 6538 1655436
8558 8203 697379
2828 3592 995662
8335 4490 1001316
7447 583 3669488
938 7542 1202320
3482 6443 266343
3446 6013 343499
5157 9985 476469
855 2345 240287
276 5399 72818
5740 2211 958205
514 3566 1184536
5827 7651 2528463
2512 880 1796148
2898 2504 2739576
7546 8598 18671
2868 2666 293937
2852 8725 699979
4461 5824 460596
1986 8696 3134345
7789 9347 2612287
9046 9621 1280683
3361 6763 1618293
8776 5257 751717
4397 8503 743161
2131 6319 602966
904 1380 4736956
2981 0 356860
436 671 702200
5974 2831 413343
9876 6098 544220
7454 2196 5871307
9710 6367 1442461
699 8550 1149840
1618 1317 1344680
4655 4093 370706
4772 3194 2353193
1639 2080 116324
5457 5486 1944006
5552 1744 1156917
6617 5769 323408
2825 5852 1113816
4086 4595 322860
4331 6239 1069689
8421 5885 2441248
4709 7958 561010
1863 7506 245985
3410 2125 1596563
4440 6642 946145
1035 8273 1119177
1307 3298 1071175
9311 7060 1209017
8476 1740 2809535
9495 4883 380265
4655 6273 34505
6082 6984 528782
6656 261 103082
8695 6014 118512
6726 713 173252
