89
8546 9032 84965
1796 2477 1110874
459 2889 310122
1188 4106 1050940
7888 7770 1578368
6250 5432 608050
3722 7828 165304
5968 9947 793262
8986 689 351704
861 3577 77952
329 5406 148904
1710 8784 2005577
4940 3289 1500941
987 662 131083
6680 274 6927082
1440 38 743675
583 3950 715770
6252 5311 329851
865 1963 1656280
9438 7020 814070
6871 310 633382
3339 6856 816239
4744 7216 1867971
7986 3222 1049260
822 6354 2081765
575 1662 58488
8488 9391 6288
7337 7283 315930
1485 7550 1453217
9208 5516 395980
2327 3674 1158475
6281 2516 838971
9438 339 124558
2973 8059 12443
10 8137 601980
3531 9494 1916663
1615 1469 1496411
7128 8289 108851
1915 9718 1161172
1848 786 447631
6145 4567 580707
2252 977 1487829
3106 7363 940769
8852 3835 1196737
273 5940 2026255
4614 9313 441200
8882 3679 205172
6055 430 1099090
9169 1276 1266135
9172 1134 3056684
3104 8415 786723
7380 127 906234
7362 4523 1642678
1321 1442 96629
2330 764 2967814
5825 511 183023
6880 6291 207241
7900 369 343306
7552 9771 1229707
7687 5348 856838
679 3656 620262
7060 824 89836
2727 7900 984489
745 6537 253111
9523 8767 814555
3516 1910 31040
9445 5007 1996195
7071 5558 3983848
6257 9468 6258844
1100 4708 831703
1001 6200 1502608
3959 8963 1422915
269 7724 2100434
9649 4182 214428
2943 6822 913850
1630 2036 3971596
7692 7135 2886529
4380 7006 952135
4435 6666 154145
1926 6939 1947144
14 4831 959074
5596 2479 1508258
9805 6803 174773
8585 314 295846
4095 1904 304022
9148 6611 423823
5133 4180 4366712
672 8131 57921
7329 1964 808684
