88
3552 6524 319942
8599 2584 536417
4169 4940 995532
2812 1027 51858
5786 2214 1167521
5672 2311 1678386
2426 9507 891188
7102 742 279776
2212 2394 778990
8674 9157 369771
7196 7429 294178
2335 5918 696064
4328 540 433892
8470 8994 596482
9858 7844 364032
3425 9952 575785
5271 6593 108
5735 6680 20902
4123 8309 48951
2791 2226 3201295
1079 429 45328
6043 273 2032703
8810 4103 3390103
6754 9956 1767844
2304 1155 1140116
2439 254 2196194
2376 717 181353
9133 3898 5476864
4001 3913 941132
8488 1067 252146
981 7807 378235
4534 5314 2969667
7423 6562 771103
7709 6500 602021
7106 1932 351989
8623 7625 573134
8049 5886 84749
4144 2261 1126084
9912 6152 273440
3861 7833 2172913
9113 8491 480918
7052 3148 3792902
5961 6788 163488
1447 4307 558466
7815 6616 461585
3248 569 1147897
6380 4745 1866326
4489 4014 882770
4635 3208 353905
454 9967 1414036
2219 529 7970
2092 158 1987934
5862 3958 176346
9481 9720 142051
7018 3081 1162279
463 7318 1284967
65 496 267511
882 4079 1448699
6405 5235 3884495
7927 2499 1292338
2896 5628 68977
1119 2913 3447256
6595 5336 278507
9667 93 806377
3126 4030 1724409
2517 7498 141570
7638 2014 535752
7578 540 192023
3678 7737 40153
4866 6128 1493205
9775 4188 392814
1286 2745 918391
5002 2351 1249042
3393 291 754985
2476 1594 3188618
8206 2759 38235
8252 7643 1373178
1062 4967 6600873
8500 2619 304608
4633 5459 852310
8316 5522 1097931
9235 9494 401533
8100 900 4197435
467 1290 1337723
3156 4603 495285
8108 2467 2658309
9380 189 87500
7815 3727 2517930
