57
7106 2733 681926
5008 1781 356085
1501 2204 160463
8628 3560 283589
2763 167 2046493
200 3387 347634
4484 1290 152920
9591 7567 3309285
5526 6546 2928987
910 1701 6366965
4046 1638 180625
6291 5738 1836557
6592 4652 693721
8156 3588 1159740
2671 1328 52063
5463 2864 1893127
5034 2187 90633
1604 7740 2392390
4021 3324 262874
9409 6103 72744
4526 2391 66046
8491 9780 6662184
7545 3165 763075
7999 3178 2524890
823 4451 1852054
3114 968 1197806
456 2553 5354864
811 4380 419619
2794 5956 1441554
3063 4093 1259801
9858 9027 1421475
675 6704 1845304
87 8310 827932
837 437 3994413
3451 3866 992431
1413 7201 74489
2240 9722 206536
1993 8276 186420
9493 1395 616858
9934 437 11909737
8325 8070 2205685
7666 1195 606911
5234 8555 789545
6837 2662 133748
7407 6052 96556
1892 4172 4563343
6971 4845 525040
2456 1861 2351546
7233 7889 3161889
6960 1386 2259619
301 8884 666445
1065 3824 618794
2982 1680 4939902
6193 2767 902916
2269 5524 1648331
4811 7542 4893551
6831 3453 749870
