102
5978 9987 1808895
4109 2421 346350
9121 2729 188085
1791 62 1826537
621 2942 1262158
3603 3864 218031
7709 6485 294485
5364 9744 1635556
247 9042 429763
4629 843 646723
6962 6071 3285302
8536 4650 268654
5387 4812 1273932
5662 3075 435296
9766 2976 354896
4020 7508 344275
9580 5484 1741953
4155 2792 209115
9957 367 37855
7699 3953 426441
5783 7786 712736
4233 4757 747170
2352 8360 180457
2175 1568 373194
1623 4209 287089
2355 1040 101155
4942 2870 1151376
9888 6845 1223704
7370 108 621164
1277 3884 3410439
9076 1144 2409386
7032 8505 175040
3848 1664 1040673
3967 1917 1726880
3301 4565 194289
7999 7475 1824143
6205 6659 528648
8107 818 888782
9214 7808 517502
3182 695 1032000
5886 5085 2196211
6850 5669 5293988
8357 1019 1639539
3226 9169 2403835
3606 3239 1172839
698 1106 1200222
1628 7691 26576
8248 599 575211
2129 7156 1425545
2311 9975 1332540
4113 6965 260615
403 8311 966135
1844 9303 2158454
6492 5906 2917202
878 3074 107790
3268 6336 305747
5326 7539 336550
8466 3128 219214
9988 2582 763255
3996 6597 443558
9974 6430 1672339
424 4740 628127
4126 6614 497238
8741 4662 930062
8437 317 1672402
3078 4037 1344251
3995 3750 746432
3103 3402 149023
4875 1864 1153164
6784 7639 1200900
1735 9692 1642299
1638 9020 1317827
8744 8270 1290159
6294 7222 356635
9744 7095 862803
6316 3328 1095926
4754 1564 738156
7403 7823 1086832
2789 3534 1765847
7932 7316 345051
247 2096 725447
1236 5057 921962
9390 2277 746954
5961 7800 178391
3651 2273 90625
5734 6307 1975382
2416 6831 652058
581 1482 954494
6285 1415 169205
7230 9533 1569458
1439 3418 2494342
4857 9381 279167
4619 9279 107622
5748 7938 240004
9802 9536 199206
9337 7216 947675
2473 8359 918300
9037 4136 570407
7450 5322 255141
6780 7559 968134
9221 1534 253369
1692 8567 2362029
