104
7712 4260 394748
5213 8288 247265
768 6933 846384
5501 7415 1986727
1724 6688 376922
8993 4811 572012
21 8977 91341
1938 2515 769911
3997 749 291766
5081 2769 1231016
3894 2533 2332322
793 5277 1621143
5726 1607 311692
6634 8572 316442
2125 6063 1064719
9528 2834 457214
7836 9730 398158
9709 6698 2221626
8973 8634 300481
2576 2348 466787
2479 1872 122151
9959 8262 1008879
9714 650 2339710
2040 2574 516077
7331 1073 319826
6382 3501 404367
3319 6426 15270
4414 5942 1152828
7095 9103 1729892
5139 2029 1292655
5367 2919 182514
4177 6663 1214538
3229 5244 307445
1333 5607 3316255
7792 1145 872411
994 9305 487006
101 6991 1503532
9726 5350 1222856
7488 4346 863069
8604 426 969051
9480 7424 274528
9732 5955 730937
7575 1649 395275
6420 4645 240823
808 3445 3222178
4427 1752 187892
7546 3474 520141
9879 2633 1812368
3376 1978 1329340
7678 52 1228922
8059 4099 624413
7372 3383 109062
6779 6300 678871
2587 8191 251385
3991 601 100596
2988 1798 1196797
5980 8754 477874
3927 9206 685272
981 8283 107133
1563 5537 333457
5721 6769 2335970
1454 9902 490929
6120 9410 22104
7112 5477 207174
9755 6156 1634591
5227 3233 123090
5824 3172 709845
8036 751 2470782
6960 8218 259690
8900 573 3257706
387 4987 318905
5891 3443 6131943
2779 8194 854912
1723 3690 294999
2857 9231 1276588
7116 5273 113518
6663 9159 816409
6050 5288 299028
2117 8998 333724
6710 9404 1382606
6865 9240 1453152
5239 2711 1050306
1937 6031 1202409
2932 7543 450429
7913 6323 1205908
3596 9719 238423
7993 6017 246868
3111 3457 2853634
610 6739 146498
4697 2322 1061453
1998 59 41374
351 8167 1058556
9688 8776 545608
6936 9206 2005141
8309 7374 1206166
4096 9381 917965
8612 2110 2014185
3973 5952 231517
4727 6968 3154756
7653 4529 1474258
5842 5568 577410
7272 5812 47558
1807 3476 802607
2896 8502 2033034
