112
7097 5792 891409
5468 2023 588980
8248 5218 2393183
3602 4221 396827
2778 1127 18760
684 6406 991284
5777 367 949041
403 7555 21728
6372 2564 326446
5652 8407 833404
9966 1004 424582
488 363 2297828
7516 8351 1161381
9967 7900 1035978
6685 1216 71701
777 3981 431622
3511 2840 606003
519 507 960010
7245 4137 275901
9560 9877 86607
4055 7658 276213
2322 555 542674
3627 788 2361993
3859 1068 4294986
5294 3024 460348
6565 6175 460096
4743 680 89346
1385 8328 346115
8316 7156 609086
6684 4007 1075193
4156 2411 2494501
8389 1945 1123822
7627 7033 995651
2620 7151 377073
5204 7625 1644655
1533 5836 460176
682 6822 924380
4369 6564 596038
9529 1480 392782
3272 8910 219676
6872 2400 909744
1689 1892 1405938
950 6701 610946
8406 4641 1804847
8479 6735 348626
3790 6351 1293971
1286 5934 2445896
8934 3255 2549696
787 5762 291374
9783 2698 786402
6086 674 1392639
1793 1033 2481385
6682 3972 624529
8816 4810 7516
8240 39 344933
8010 6487 2420435
925 1096 195486
3913 7651 591199
4264 5634 858984
6998 8611 172589
7504 2676 733329
4014 2684 849276
6077 2603 3722123
1740 1310 276468
6507 1629 228667
303 4652 146579
7305 196 299244
6194 4616 1008138
7092 713 1297981
5628 8898 788380
9235 9488 1506519
9400 7299 376128
684 1459 271752
2498 5844 261142
5502 973 777149
3137 4669 671670
8678 5726 1401806
1957 9713 1268179
4573 4601 685561
8738 6304 126865
5752 3828 1642039
2091 6679 1814663
5808 7964 2670905
1439 7867 428686
2573 251 106837
7898 6083 321439
9324 7720 201667
2928 7908 733645
6140 2720 753284
2064 4869 64770
2110 8992 365008
1826 2963 136565
5564 5953 647510
2584 4030 389195
6925 5840 1866925
9171 1249 908178
6977 9963 3593654
9541 5604 692568
9215 9364 52188
2002 522 1641474
2820 8766 204548
8230 1020 1297934
6425 2457 1075831
755 9457 1268815
8170 842 286435
9605 9153 666604
779 6200 144458
1724 9725 1723295
281 8199 227391
7088 6569 10426
6560 7896 191547
1359 9888 1129946
