121
8621 4893 1538711
4829 4036 160696
1306 189 1777409
4934 3532 16791
4748 4636 456712
8893 5968 1551570
6479 2941 2745186
9043 6862 32986
6404 6490 1771793
5869 6131 1364200
2793 9061 748378
817 2276 999571
9984 2609 972059
4437 854 866702
8139 9646 772043
6307 1314 2220734
4260 6151 16540
3752 9892 3547118
1508 4374 273742
9018 5448 899141
783 9418 230282
2140 7627 1600911
5259 120 973290
5928 781 1503111
5227 6522 892848
2832 3403 2095006
6521 3984 1043194
752 6366 2233861
4381 1862 193884
8971 3704 1986025
9780 5411 514894
5342 3165 929889
8543 7585 168104
8096 2590 88317
2990 3901 2380724
9116 6407 1024834
451 5919 1191252
7096 4661 67102
3330 9704 652448
7226 1516 1728447
2409 4526 76200
6702 125 571572
7046 4893 333396
2807 5787 1229309
9298 7558 1060104
6287 8547 725439
7537 9119 960728
4386 4726 1042390
3593 3710 266684
7386 4667 1578423
116 4089 858980
658 6860 3879118
2599 189 791119
6170 6700 792308
1448 1720 1690259
3698 702 498695
2849 4753 278332
3657 8851 28108
7496 2241 185928
4340 5851 1412106
8711 7590 51613
4255 9176 695655
5023 6662 49321
6263 4895 1127487
1841 9280 146652
7106 6328 611858
4861 7596 49809
6295 1179 104790
5822 6879 848431
7436 3691 1977262
4573 3612 411009
6184 2254 288869
3436 1649 302652
4327 5251 264702
5191 8070 162493
4903 4462 1340723
3336 5107 711543
6981 1886 904839
3538 9691 17871
3319 7721 545746
216 8995 1064782
90 792 203197
548 7354 480978
1555 876 126503
3665 9081 83761
1546 8809 860813
2454 199 669599
9219 5782 6732
8185 4196 842807
8863 8565 876975
3976 4900 337385
4029 5078 443907
2414 190 929054
7733 4032 608780
7642 3314 723667
9656 1848 110827
6065 6438 673773
3039 126 355850
3225 207 563505
196 7183 727713
9673 969 689628
1580 700 505991
6096 2255 1190186
772 2769 3438
5168 1598 151839
1085 26 179631
9928 35 944629
4018 9940 32113
7274 2163 1178675
9738 843 321587
7267 7728 1303785
2507 8295 209407
2264 1374 371388
8115 4943 1171072
6453 9098 413959
5661 2078 271688
3287 5043 4027992
1177 4319 1258603
1985 6406 1044112
5495 3118 258779
5157 5889 677862
