95
2700 8828 44540
4911 4004 956107
6596 3029 1504930
8946 5685 1203525
8866 5565 1063077
6958 7051 1100610
9872 8534 377462
1896 9999 900215
617 6834 389879
8482 6029 276720
8796 5741 1283978
2175 9716 40993
762 609 105751
2260 5275 766370
307 3335 882528
7315 3073 358815
7787 1013 3058130
7920 7827 1229660
8064 3030 4596150
8407 9194 338874
3394 4444 1309311
4406 1337 80520
4602 6429 327759
8431 9391 1476244
4656 2738 1168687
8893 9782 1111234
3088 3157 450485
2776 1205 1662826
6621 8484 1206914
4251 8806 17983
4426 3990 375317
5316 2321 3135221
1612 221 1559812
7563 2438 601755
5616 60 903764
6924 7279 1209344
877 3718 1698858
6732 1876 508202
1525 6718 712279
4854 7580 1856412
5617 133 5545810
458 2594 217251
9801 5252 840214
1753 5435 124989
4032 4711 241072
64 9021 989672
9363 1955 992974
8193 5584 61055
2540 4012 2721938
1268 9363 1109470
2676 8462 569961
7054 3488 26588
1890 4588 124168
1485 1568 802152
7057 2243 1514389
1544 9992 1469766
26 652 640208
4506 5439 688386
4284 5418 173840
9019 9378 405154
773 4036 2378688
3784 5629 435355
9937 8497 2031115
8759 8912 4852498
8624 6919 2740196
6536 1380 388019
2349 9969 717418
8437 2830 295934
7859 8939 7167
5028 87 1321742
2801 3244 936015
9120 1062 1769744
1200 5405 562296
8332 5618 243961
4374 7367 163982
2714 5223 615664
9624 8580 877577
2352 6249 697008
3271 5036 211718
1251 1176 173115
2367 2784 3839276
1874 3567 1990814
4485 3398 6564
476 1834 202565
5855 979 266256
9757 5898 1032750
2627 8582 2946489
6724 5863 393926
4808 9858 173709
7679 9858 383202
5015 3421 3185819
2128 4186 795596
9500 3631 148461
9233 1720 1054576
7471 1463 1050487
