129
4394 1542 1569730
4664 4558 527222
1556 2922 881431
9617 9815 1424977
7267 8325 126430
5835 7523 1328395
4515 7510 164767
8370 4869 926461
3212 9048 132492
6377 7926 626016
9556 9210 428139
1413 8713 329022
9275 2153 528856
9695 550 490702
1974 7598 275122
6323 1184 190795
9187 2200 862921
4492 1928 521324
7911 2602 200868
7130 2588 772845
1033 2640 1885446
722 7633 1510111
7029 7339 292694
8069 5278 559734
7015 7971 1258378
1861 9483 434818
9935 6072 882749
7390 7250 497244
2477 4395 662937
7773 8546 83719
8224 149 318349
5726 6002 1098137
3539 1391 52005
9921 8925 2494963
2735 9284 744819
870 2477 129360
6154 2708 3275975
5237 7932 749499
7505 8659 393899
3887 5122 163704
7900 7266 251742
3126 5650 13381
7966 3448 378497
5108 5405 6020
679 7509 160564
922 4553 263322
7952 1191 23811
3838 2402 235062
2995 1522 587672
728 5225 1013984
6039 6171 212571
2786 641 1248879
1663 4957 3133420
1006 9908 252609
6512 5886 359240
748 7386 715007
9295 408 3197228
865 8972 1707150
7520 1039 1138333
3140 8847 161814
8345 441 1006379
1638 6624 1829860
5128 4748 646165
5501 5627 114269
7079 1806 513582
3112 76 626098
931 2999 374509
8929 9606 1205903
8865 3345 1661948
3177 9030 1028572
8793 147 522667
9263 8557 2225780
2238 4549 101273
2149 6805 1293401
7761 4960 976353
9010 9559 443320
3447 7514 1352590
2976 5175 331232
7634 7061 348683
7123 9126 1908043
4042 1150 1399092
9460 9669 1275796
5360 80 229801
9770 3095 637194
2446 5843 3171317
1683 8650 701679
9272 8619 382296
8234 3810 391237
1484 9413 274944
1364 5047 2279700
2428 2868 1856746
135 5919 494958
2037 691 215698
289 8455 860364
7064 8941 498978
5130 6369 528609
4889 8290 1154199
8250 2437 1308253
9789 8397 263745
5646 3148 283367
5544 7787 465001
8124 7151 1806838
686 4599 575655
1066 3778 44811
7306 7358 308996
838 3156 667834
7239 6526 264242
7843 2232 447520
3361 555 142546
8561 958 579439
9951 1345 850825
700 5138 1198815
1842 6548 299793
7449 8597 70321
6343 2799 922890
9383 304 251709
7325 594 2083162
9303 9883 1172416
879 1378 1715694
8350 1503 374769
3100 8449 586017
9075 6840 474779
6993 3810 220749
7283 9361 742110
2317 1029 708623
2837 1982 141686
6487 3102 392523
2567 1158 16650
384 492 897626
