51
5601 1725 1142223
7909 2221 173262
7425 2671 825301
5143 9166 5227534
5989 2278 19174
3417 1195 3278778
4627 8975 1298589
9389 415 368777
8122 8279 631043
5226 2716 2390436
133 1266 582194
5040 6550 6690203
102 6768 1485017
3333 5761 1419886
1561 334 4507184
7623 9605 1607447
9503 5977 2171402
7303 2571 1614862
6636 9528 746720
8637 3402 235996
8604 6998 1392520
753 1443 286715
1745 9190 2271000
2753 4765 2184683
8032 6852 4866813
3241 3849 5812600
2897 9561 1903217
6507 3414 1964141
3336 2722 174305
2773 5982 2082377
2300 522 958223
8010 6193 590190
1986 5181 2959187
5126 192 2918962
4460 7822 702754
1292 1927 7376315
9004 5213 2179036
5357 9567 1191401
3800 4362 1367953
4157 3095 3727069
9631 4663 1681297
6031 3716 3021937
6527 3456 5531492
1328 3551 1820461
8044 1737 965961
2712 7459 1187539
1580 7079 47350
4237 746 441977
1210 1147 602788
2282 9742 1192713
1008 8077 180996
