56
9799 4 6892983
9245 8295 1984703
4225 2889 3429329
8896 9988 335587
8571 1030 2620723
3498 5655 1713874
6806 1277 1555385
3767 1818 995306
9726 1760 221040
7084 2966 912731
2127 3083 113129
8990 7213 1380677
6963 3037 411412
805 9165 939101
6031 5418 2831667
396 9671 1193624
752 8502 2905441
8591 1405 6905407
2140 893 3418865
7602 873 3675972
1045 3434 238971
9813 7963 587146
2644 488 1270857
4086 5032 1652061
3014 8811 349594
6793 6899 3194603
1668 589 3841253
6015 5024 1016426
3066 132 2252630
2415 2773 3771127
687 7906 1003765
5119 3248 837457
5538 3608 2036296
1750 592 1075236
8366 9975 1294562
9945 7751 163972
7412 4569 351971
4975 7044 1429453
1689 7850 443334
5867 2877 3670755
8018 7499 2402600
3852 436 100687
6297 6219 2433748
2271 5252 659112
4662 6343 736358
5762 3129 6200231
3421 7228 367389
5207 6499 1602430
3480 8497 348872
5859 5040 2542405
4635 37 758036
1350 9244 1037811
1132 1793 3831855
2852 8070 1221260
2139 9493 308403
5877 9466 530378
