136
3569 3891 629902
4116 6758 1006918
8308 8319 1102249
1672 1082 1669370
5921 9009 757634
3521 7303 1192163
6586 4200 763924
527 4130 204818
3170 5609 1124663
3641 9212 508935
3723 6017 532429
6685 6810 244694
5533 6567 1032473
5934 7072 871421
8068 8276 356750
2165 235 217666
8800 3417 289376
9417 7527 549531
673 7740 83916
7523 2834 1916106
5497 6732 452506
9573 8552 513106
3499 4774 145527
7211 6295 1313996
378 7458 276631
6184 9841 1031175
3871 9454 1127706
1263 2278 2722087
3948 3088 292651
7716 3873 280589
8693 7403 365002
371 3759 19600
3681 2196 591460
8986 1252 548471
7826 5761 1146061
7844 4130 20552
1396 7411 695427
4944 7463 1000588
1507 6575 302744
2764 9307 806209
5141 7554 230160
642 1857 48963
4325 3645 1996314
6679 9722 1148788
1243 6050 1470981
7050 6195 3126399
3255 5766 419472
1540 9124 2507025
6525 1061 267078
8715 7722 283032
3710 7733 27871
3615 571 1109861
847 2535 7263
8080 9471 777814
2195 8033 1013758
7861 8084 125754
7471 3044 2032842
8972 6762 2370427
5023 6017 2015681
8454 5537 1445713
720 4355 1091904
9006 6848 693904
3799 9140 226119
6532 898 592903
3510 1167 554737
3942 3574 1702589
3545 5459 108154
3131 9584 19774
6939 385 291145
3624 2570 1409134
8878 3153 1824952
8467 4883 292602
2569 445 385372
3488 8223 293739
3600 4918 569185
654 2578 1123100
6751 4341 462463
180 3235 667924
7478 1002 786927
2931 5600 563835
7823 8354 865823
6308 9836 630829
9948 2401 210531
4608 510 494118
5210 8063 125304
3574 5173 521681
814 6916 89122
4873 9023 1695957
3105 2320 93070
116 8246 337355
334 1656 816096
726 1923 397934
1070 1084 326947
2770 1543 160218
8788 2796 1054643
7715 7695 973501
7939 7812 766915
7240 6403 148033
2369 5662 678120
1419 3393 102071
524 9346 25333
8783 6287 26164
5390 622 289956
1843 8006 160075
5048 2962 22948
6135 5850 2564671
9538 9268 716373
8549 9297 267479
7534 8652 1012749
5255 5186 304251
4168 923 417693
4927 3452 52282
408 9496 1330978
7494 8544 68182
7171 6025 87232
270 63 1919757
8240 663 315905
3804 6784 710598
2106 2662 1565951
8220 1668 124757
5414 2351 2137281
5968 1783 641027
9375 2907 1340404
5173 332 2410148
8861 412 96112
8461 9291 55634
1572 7231 703790
9680 326 325054
8559 6545 1122069
3336 1941 1148501
1920 3333 519789
7992 8309 293920
5951 2868 58126
1899 4621 5044
1479 2322 269882
6017 8399 1608933
