82
454 3113 299345
8668 5134 1067538
218 6476 329637
113 1281 650112
8222 7738 191775
3134 3921 703226
7405 3185 595032
1304 6483 794164
9935 4256 214574
3674 3954 1203793
2555 9082 386876
6355 9248 1494351
9986 8682 243090
8359 4727 4845608
3987 6856 2667120
3628 8045 309829
2782 3004 658943
8060 1849 1980943
3995 4438 211612
9882 4252 2879
358 3058 775153
1908 2280 713104
2601 7654 34382
903 1959 3458255
1405 3779 2505922
7962 9480 1164344
236 3691 185231
2545 5517 2198048
7174 1199 1793891
3639 562 2292506
4550 7137 87260
1644 3231 3879997
4659 9360 152376
7189 9011 1003715
6083 5775 2850379
740 5529 223181
989 751 2786648
296 9742 2005082
2294 4790 1335591
1677 7822 53854
1456 5471 548880
8060 8384 845911
553 4671 483155
2209 6473 5135729
452 4971 97604
5826 978 1001429
9711 8144 2259681
4025 1697 484272
389 1947 3997637
7475 3240 301372
4607 8832 39427
5120 9280 249586
9989 1919 21564
7213 9364 767550
9246 2471 1118168
1870 4672 430636
2782 314 1650917
7715 2938 393590
545 9825 3829016
9040 316 695546
6824 7315 718450
6756 6927 1560461
1846 9354 323992
817 1654 1379251
8973 7175 1523143
7684 8602 2538701
5218 6301 1037106
2947 1448 326719
6439 1560 745207
974 5044 1404304
4502 9020 2279305
6271 4893 2126660
4259 3473 3172452
9248 6254 73457
3456 6493 1269152
1601 5307 2877815
3449 8478 262353
4728 7403 1668800
1926 4901 229886
7852 9831 975450
7358 2798 527454
1834 4905 278846
