61
3140 5083 2235427
9032 6546 876766
1137 8046 4252673
5276 128 1740340
2583 8146 1406608
9351 5504 7711
4676 4776 430818
5692 7202 1142105
4875 6710 642566
9474 3099 1209065
993 9974 852830
7539 6841 342223
8013 7341 1044482
7607 1976 510960
8021 4318 783508
3712 7513 804477
2772 5583 777322
5889 8891 225838
1395 6385 3466359
8304 8475 7288826
930 3010 1644151
4044 3574 1780355
3881 2964 440257
7991 9491 863154
7221 1104 5459107
2699 5382 205125
8785 6658 466149
1735 6239 759127
8865 3074 853911
6794 9541 3365274
2692 4100 557429
4513 19 3302739
7541 6538 2366327
6702 9381 2162186
2675 4537 96984
2240 3769 1678757
9436 7592 853116
4879 6527 766506
6946 4615 275484
858 1785 1919460
2871 7315 3959344
8291 9008 186071
2519 3016 6803071
7834 5366 1120435
3381 714 1445648
5951 1003 1132754
8882 6625 5192427
8417 3135 1126005
545 6322 1078042
5692 9936 815274
6765 1743 956738
7383 3410 851235
8075 5526 823079
7053 5557 2242351
3167 7468 926315
2997 7650 119426
6259 1315 1886887
3205 7492 2519102
1209 7983 5762895
3228 7209 152281
4334 6112 1044118
