108
145 334 517851
733 9855 78579
4994 4640 631753
2461 4312 412335
9776 5320 183093
320 6279 2589181
3885 2393 280378
8221 5110 262413
8992 4224 2782195
8813 583 240124
1062 3820 333059
1033 8661 505297
5249 5384 1453352
8262 7297 934575
7067 1399 248380
7762 2013 319652
3903 4927 196606
4883 836 4595666
7994 8228 2202911
6463 7432 1563153
7807 9571 45935
8988 8339 523432
2317 542 1623196
5141 6892 100406
7333 3199 1500444
5721 1231 2592081
4198 5232 1019664
7223 1483 241235
3072 7892 917779
9769 7467 440703
7409 1161 546459
209 7798 490361
9362 9225 59954
2181 5732 1150202
386 1954 347136
9571 9613 905060
1634 1465 2427428
5892 162 117634
8591 2115 786877
8272 3874 2527675
6456 5860 1227568
3470 77 1160170
7784 7297 99973
6823 4617 685281
3641 4182 1342727
2396 5651 885637
9127 8439 143964
1227 956 186214
7438 6887 232815
5983 4233 1362811
5262 5043 1076624
1868 9372 1142138
7875 2831 505495
5880 224 1185940
564 4372 122655
6149 1748 175252
8003 6374 1096969
8136 7726 1099528
6128 5937 843325
7804 1764 1718679
9045 8897 1051451
7016 8087 1323100
8610 7569 738318
5775 1736 136265
5354 8808 1142903
3236 8122 1947514
5267 8717 50332
9423 8989 243293
6518 4646 78623
5653 405 650708
7636 9517 482052
8151 1386 1280502
642 561 34756
7269 79 1544963
4205 2770 529296
4383 812 1696812
93 8437 655112
69 1701 275176
2869 6351 1103254
5747 5389 889894
6644 6661 325511
1057 6937 4475432
9940 7529 537555
4312 5982 1050076
7962 2628 245851
8647 6013 147277
3698 1355 2033488
4729 5509 1593483
7929 4722 1330449
7233 2126 133591
3050 2873 346126
9391 5788 2993703
7076 5760 259243
592 8641 991374
3079 3050 1483410
3240 6800 310635
8190 1222 694916
9509 2840 592891
6317 7554 363324
8085 2027 745483
7521 8934 1476388
3460 4902 781524
2500 2691 170666
9690 729 2339
3190 3009 3568741
1811 4555 1171702
6778 2422 1223398
9791 8602 109121
