72
9385 656 299928
687 2193 2109
6037 7578 2079596
8833 7162 9073822
9107 3191 707203
6198 4687 3603766
5366 6650 646720
9226 2822 1534992
811 2520 635784
1991 4350 2240047
52 7254 1279953
834 7715 3150328
9995 6079 1688991
8409 3652 1421849
9323 4006 870251
4448 3870 1069034
763 6008 3060940
2234 9861 1233392
1875 8746 379034
1156 9657 1347897
5905 4140 2440420
5886 4295 2612457
5605 8077 852419
4223 7547 115087
2440 6501 1632222
9292 8212 5198102
4315 3627 114930
6704 829 1309141
2600 8085 413545
48 5498 893930
9327 3346 263572
4994 6449 678369
2572 1468 686114
7439 2403 1118307
3372 956 1148646
8308 7395 2537877
8481 6129 110178
4939 847 1763252
7863 7450 4066151
3911 5686 215427
1389 3807 122149
1787 9533 299198
9328 3565 1673984
3217 1860 211207
3422 8082 406323
2785 4275 516036
741 4358 521081
4891 9758 1306300
4809 2260 2870979
7781 9311 379191
3680 7868 935565
6971 7277 793767
9510 2546 2342146
7414 4254 4817261
3122 4535 751549
2170 3205 613586
50 1454 555721
2799 2056 617396
5058 2964 3876671
1020 7489 1598186
355 9683 181481
4493 382 209251
2960 6909 968799
4537 1714 581608
5448 9751 2017350
8978 7812 774
3676 8730 2282040
6455 7226 383543
3925 2158 841849
9545 9447 80347
5689 2455 793508
4322 2069 1955372
