189
3083 8998 1149770
8137 6424 136713
9939 6638 70708
7593 3884 1954468
1436 452 120132
2926 1416 482427
1211 9433 516344
5332 8686 463187
1800 5452 333147
6242 220 1045718
859 7536 656189
6311 1460 54330
285 2534 355709
6190 6402 270442
4831 8254 524309
796 6536 1187653
4744 2550 1987459
4303 2081 485330
2885 7452 599991
7619 2939 450518
7999 2860 1846025
4880 2279 644855
1420 7046 93211
9009 4464 128575
7012 4925 584979
5915 5132 31827
691 1882 831392
8588 6269 3020
2974 5920 393453
9542 7760 1623132
5022 8425 162691
2701 7796 247313
9034 4465 775776
8466 9010 709394
2029 5844 292981
2406 6510 283655
3551 2229 140828
7885 7063 369006
8633 1178 753690
8357 2044 18000
374 5690 1357834
3211 4653 941266
5121 8193 386947
1930 1721 369223
2761 8398 1576168
9018 8316 288866
9822 9180 523744
5669 6558 228722
89 7484 710082
7633 6332 1256034
9011 6386 71510
2506 1661 437993
2387 533 1044310
2568 6400 114100
7144 8461 72240
929 6247 434949
9437 8551 279759
4188 7936 414799
2829 3641 1113928
6984 5687 599415
403 8741 732673
9112 2009 307798
6953 8031 847404
4848 8622 1055878
8931 693 336529
2039 3488 65254
583 2260 107057
6119 3019 606982
8443 2791 985596
1332 9535 133825
9131 5281 1040586
9033 3332 155269
154 6998 140460
1904 5201 912853
8920 902 1338093
118 3196 577822
7552 5359 83020
7433 434 173727
2808 9373 424886
6092 5198 1044369
9997 6453 119468
7956 6289 1394299
2178 5042 78285
4609 7205 359372
2988 6579 575653
3525 7299 27058
2360 9539 1088624
3897 2475 69767
1416 9501 66272
4782 5728 1352886
7217 8817 124605
8161 5547 492835
6017 3454 1448910
839 5253 183603
1799 5093 295027
6192 6560 363600
2215 6015 11728
839 4084 371913
1704 1054 24862
2972 8000 665051
4906 6124 1389514
9506 6169 4823
8240 7550 400735
9980 8462 856473
2619 7861 419187
5298 4967 48978
350 8383 28193
4880 3023 45403
9360 635 758302
5614 7674 137506
4717 7433 261854
8915 6734 354937
2922 1294 371620
6362 5126 393892
4003 3878 191924
9341 3774 650421
1122 977 809791
8815 2169 427819
1379 9056 849762
8250 3131 396169
1968 1199 121845
7732 9595 41454
6236 3956 705266
2857 9658 1686391
1267 2343 361039
2181 2013 301000
3541 8000 439254
7819 2590 716004
7014 4725 381572
701 6585 368351
6657 6983 531994
4883 6691 275680
7479 3600 51104
93 6325 889
8669 4084 709251
3969 1549 440034
2933 1235 1572015
1818 4412 240923
5746 6598 397595
7012 1919 212488
4490 7195 509596
5816 1337 583097
8475 3663 11359
5626 6271 646027
7032 7848 1108676
2342 3213 139525
1914 4147 57584
262 5760 437555
6395 8988 37474
5087 2039 639211
9036 9267 478518
3632 6014 359692
1827 2878 667330
7811 9112 364899
1654 9998 215543
4264 11 1499410
2165 4841 184154
6431 3837 364680
7519 7012 647743
122 2436 1131666
2767 5593 41924
4232 559 526837
3432 9632 485202
4993 1598 1646172
8920 9531 260627
7071 483 1200594
7959 7581 63816
3010 2261 1641758
9791 6810 386674
1110 9445 299890
5351 5621 294131
442 4030 1354503
6536 9956 171495
2256 2013 718753
9194 7298 643690
990 3069 19789
711 2743 303124
3730 352 1070389
6893 6710 1891878
7717 3006 104574
3924 9069 92429
2230 8304 244277
8254 9291 988508
8762 2582 651977
595 2291 28241
8101 9205 111381
3671 6419 162483
574 2856 726678
8661 9135 248880
