91
5037 6197 77659
6837 9829 176279
3769 4552 455275
2556 3594 2533679
8950 5280 1241240
2325 5808 1008335
6963 1062 1590443
4058 1515 1667695
4428 9988 610880
1699 1371 402591
6586 1689 1665609
3283 8243 21789
5317 7153 499583
7893 5442 87750
6059 9837 538647
6993 4497 2000609
5889 531 751276
7787 2694 697955
4687 9283 2296215
6229 8796 2515439
2564 3289 68880
731 765 500119
7501 3789 59638
3590 2169 510096
3974 4366 446912
98 4741 2242878
115 8722 1020603
3207 7764 117136
7852 93 324843
6222 910 175224
9943 2580 236762
7447 6790 46824
5519 2567 3698405
4198 6302 171588
7646 1196 4935789
1949 9116 1059662
60 3305 1882450
5302 3590 1934784
1662 6727 1065738
9366 2494 279659
8505 8165 934407
1839 6102 2436855
4343 3722 453290
5997 3310 213440
1731 9580 743453
980 9567 495316
5068 9865 1772353
4818 4379 4427925
1233 7527 455290
4120 7133 2740599
3272 8992 301208
8733 8540 941355
3180 3658 597630
7673 3592 3047943
4936 3038 661516
1748 5941 1117480
2892 992 117085
9576 5906 500960
9643 824 223663
9862 4449 1386298
3316 8751 652219
571 8495 4799611
8163 1761 386760
843 8721 448639
5585 9921 344639
7247 4330 1008118
3802 3611 1181909
9730 9345 180420
4787 2570 572721
3037 7656 181001
3482 8209 1777691
9614 5521 1103361
5694 493 1032433
6327 3784 799477
3080 7316 355440
5031 8590 2893607
745 3909 1052990
807 655 2776928
6877 2271 310896
8081 4694 237857
8691 3998 352654
5268 325 348374
5075 3127 336126
3157 7875 2084288
4768 7325 2395601
9924 4435 1029726
3457 2140 158326
545 3486 762759
4628 9619 439073
3383 1504 3721500
6922 1837 1089852
