139
6978 1418 522072
98 9251 741789
8544 5386 3375890
4316 8720 357678
728 740 69726
7154 7833 1046787
224 1286 89874
186 3865 644321
31 9007 79115
8368 9268 204755
9811 7413 1260832
1368 1321 515103
3099 9287 2890878
5947 543 1118737
8731 8071 1537423
5188 1541 359230
5375 8195 318068
6445 5358 2586240
9318 9375 283569
5593 9861 82911
7291 365 167887
4872 530 708837
3990 4028 457360
816 6273 571811
1491 3090 266957
1279 4211 337902
2862 8006 557689
3166 8441 1429060
1280 5190 3638236
9814 7106 476836
209 1290 1514738
6325 4743 1402809
6392 7613 182623
7700 442 285666
3519 9388 77718
4339 660 562263
4175 6421 402472
8404 1800 34267
4662 3054 197459
5568 706 230295
9956 9956 307881
3832 1035 369443
7429 3605 1124763
3349 2636 886021
1884 3222 603684
9036 9610 472106
8712 443 2026813
3322 8339 1170014
7402 9605 1440
8706 6347 373976
7670 8323 308082
6485 4255 924188
8128 6732 589895
7274 1765 201749
3632 5425 126132
8989 6189 486990
8066 1662 133174
7634 1104 135567
9496 6570 128231
5368 2407 1345624
594 899 750375
4688 1311 986471
6956 6616 442552
9354 8256 1729826
7580 837 782749
2187 1129 652547
3332 9938 848707
9350 7773 467614
8189 8495 575348
9285 4612 667726
736 5407 1605519
1228 8413 1666668
3289 2425 136213
6215 7907 477589
206 8656 841389
4917 2109 6889
8336 5646 1262953
4730 3860 379683
3993 5187 1168367
9870 1097 115416
970 2856 2009478
3540 1038 53490
6800 824 1421111
4208 5063 253414
3793 8153 150100
9387 1546 2369907
6731 710 888382
8932 4496 1681244
983 7868 363101
8241 9891 215518
5557 6088 1219004
2229 5877 2213404
4707 4120 846590
6042 4079 813103
4844 3727 637669
9186 3251 283896
6612 2243 118207
1340 8029 1461068
2950 3516 1140338
4652 436 323495
7032 9946 333018
4237 6327 589777
353 6070 408107
7353 4617 221332
770 1117 460215
5706 7652 229572
6968 7575 544875
6302 5157 871001
2059 2025 74997
3825 6844 21259
6964 199 489122
9927 9185 26764
4681 7730 901350
7785 4693 11817
8083 5292 45847
1310 7171 85745
2082 7565 1156704
720 5459 310485
9030 6131 472883
1873 2997 263401
6549 7470 853039
3095 8589 798744
4802 5616 730921
3439 8372 1153366
1409 2707 724508
1380 8800 79555
4289 1786 153396
6258 6954 12145
8608 4835 1828573
5799 1588 1759
7685 4603 1054
7942 2084 2326607
2915 8698 2003089
4371 1507 1829390
250 8072 755260
2174 3912 1494715
5983 6272 63218
3194 5612 102787
4452 5077 238827
