156
3626 8384 1003613
8326 2372 470404
292 3917 143964
362 8599 187352
5827 4110 681721
3248 6981 146969
1597 9926 335640
6816 989 226137
4179 2790 682650
7821 1293 733753
6912 5958 252831
4800 6880 925911
6066 8107 865438
7418 1714 1247940
6831 8597 107422
7350 2672 84421
542 5782 1081004
5762 1958 446032
3311 136 3461976
9984 1522 701214
2025 266 106099
7559 8947 145885
2803 6046 70439
7089 9846 65156
7025 4948 223171
9508 2643 47603
1815 5017 52774
2623 9460 76047
15 4703 562169
8491 6905 594678
3654 5287 121256
3583 6400 809340
4573 8130 2620133
167 7767 309965
3792 9018 436957
11 8692 454961
6585 6953 630280
1547 1995 225592
3325 6425 1576246
3977 7142 247796
8189 5727 2030304
8638 3195 319468
8828 7099 262539
48 8724 136357
9218 6055 792243
951 7032 3141577
7045 2277 195033
6932 8211 196891
1464 9218 62560
1663 7234 1595620
6649 4584 24429
4887 2925 1552258
3600 8013 45122
6588 4363 752475
1336 9265 324208
2445 1577 353369
5538 2453 2804508
2274 1218 640355
6294 2824 961493
5944 6727 369522
4419 6109 1583048
2126 1635 11085
9566 8724 336766
5730 5889 257130
4419 7702 19551
7901 1223 523546
8480 6781 422899
9436 2778 26444
115 6527 1085029
9681 6726 1905934
2778 3771 2729801
7264 9292 933953
1098 6510 244013
9641 8899 784482
6345 661 39716
7903 5109 120450
8647 9427 136746
9807 1747 119739
2462 1399 1714510
1856 37 198469
3848 6204 716980
6933 4051 191090
6975 8311 35290
9310 994 779998
2396 9478 943122
767 9014 1487130
8748 6341 647917
9814 1582 1133486
5365 9660 120876
5471 5824 259673
3894 158 145678
4340 4987 171575
2804 6896 202557
9737 1313 678923
1777 2049 2433694
4377 1227 1188248
8781 7124 169944
2156 7589 741164
6660 2995 504803
5070 6164 789936
2227 6953 973847
1197 9877 1034652
5393 3360 225218
989 1909 1893894
610 2356 766674
5407 2329 631177
5865 2544 631310
8400 898 171370
3686 2737 551388
223 1690 338190
1333 2396 573849
2836 8795 39429
6845 8033 78323
385 9045 1006761
1403 7875 232253
8949 2664 3328
3395 9629 2286355
5299 7565 2342463
898 8996 434942
5657 9692 57105
1819 9731 41995
2741 7930 925902
9770 1796 229042
7937 5647 70775
4955 782 1241120
9694 657 1680377
8888 1912 369959
1539 1071 301220
4389 9190 344384
1584 8573 661901
293 6650 372615
8795 9965 11388
3572 6346 1411453
264 2312 503880
8775 4635 1056088
2200 492 22308
521 6040 303013
5164 1462 425303
8667 7625 1339411
8866 944 389385
3606 4041 890633
4607 7014 573141
2366 7290 198528
2633 341 828354
9993 28 465487
7454 2117 169612
8453 7352 632419
9622 1078 491525
2024 7611 1357405
9489 2639 342325
3406 2535 223187
997 3816 347604
4387 9224 64033
4146 9062 79710
175 3638 496881
8575 949 606444
