122
1612 3734 818849
967 2241 381237
9752 555 515313
9699 7010 221104
2078 2249 2663980
5151 1169 35602
9207 4868 264398
7521 6416 454618
8996 1276 271100
8389 5810 1291844
4418 5174 1185486
6427 7944 1209515
4492 1055 1751824
5756 8540 1280820
8886 9609 1395161
1947 8765 304373
9150 9348 221448
1633 782 30462
2982 3869 320633
780 4362 1077269
2975 1614 1294619
2499 6534 175668
2357 8160 1026911
3287 2097 739630
1417 6527 342396
1499 1039 617208
6125 5085 1251275
2040 3115 194582
2569 5003 983636
2910 1111 524373
82 4513 557517
9629 5283 2198260
9586 3755 961740
5685 7504 962456
5701 3905 746296
6050 5915 2710034
8856 6591 226647
5231 8911 1478918
1566 5948 278837
2473 6817 215992
16 8086 131126
4025 2455 301989
5027 1656 480378
1877 9702 1467172
417 4777 298676
7379 9854 226609
7314 6863 2679357
2227 8330 1878813
6321 1828 1783746
4627 9889 2154377
7367 4389 291960
1118 1661 274599
3371 143 338967
4056 6538 325702
8204 7435 1320678
5311 759 115527
3320 407 928147
5752 8061 382691
9664 3013 605964
8428 6994 140983
3026 1408 946093
4525 452 307986
9466 442 5399378
8102 5133 1956473
2840 2232 315374
4825 3593 2857225
4598 7583 1040273
1282 6954 298522
9259 6996 1023390
9300 3604 490424
495 3349 2300924
3227 776 872290
9795 4937 44879
6353 8556 203162
2642 7844 264548
2449 6987 163211
8404 2089 495681
9707 7922 520301
8127 1987 693477
1211 6103 22379
7598 1716 3112594
9825 907 129224
700 3357 262707
7468 3095 211364
9137 646 920646
5726 3232 1118823
532 9966 884787
5886 8289 145602
2079 218 34024
6966 8204 1765479
2554 7321 1605010
9047 9265 928702
9356 26 951077
4461 7680 78501
1463 4829 15020
5698 4307 340073
8857 5202 181665
847 8258 264152
6275 2666 361729
4734 899 2313428
528 9490 141158
85 1684 631333
2149 7369 905710
4061 5140 1449544
7473 2128 420775
4648 9859 366942
7513 3005 32337
3610 9319 1865845
9057 8286 966109
9266 3729 2061383
1802 2034 401334
4103 1248 43237
2936 8541 115895
5886 5659 490295
1352 3021 2166422
4336 5468 173928
1339 4016 449903
6481 2754 1405469
8497 4227 12831
1281 5147 435546
1705 1885 176497
9644 5266 137418
