193
6710 8919 34870
772 9130 113175
3761 4457 351784
6970 8117 611274
1503 8118 361521
8842 9454 165627
4330 1226 671866
8037 7948 274898
6771 7232 759412
3103 1664 295486
8389 9291 31690
3335 2299 1003108
6028 4200 247666
8270 8821 426607
1647 6074 1507953
6579 8950 956538
130 9740 916091
2728 4084 359611
7222 4383 7734
6020 3096 95374
4177 4497 475974
4454 2020 122248
5109 1872 1124449
10 5955 718005
4326 4156 102625
5969 3609 245617
976 8990 819826
5772 9923 260912
4420 941 1786472
9416 422 85882
8254 2287 441053
1600 3384 278674
6097 7326 2385056
9179 3364 409549
8270 78 270610
6888 6857 191946
4967 7109 813948
4980 1829 996480
3839 9392 89459
6835 456 894664
182 4577 101305
5483 5374 4206303
2772 4618 71988
3068 5514 12053
2792 2278 1116780
1895 2649 224342
7375 4136 369007
8854 2853 614421
9935 5089 1265797
9566 6404 109335
6755 8067 276882
7858 8338 153255
6066 4334 176471
3825 2939 373673
5752 4700 393220
843 3453 141284
3654 2152 913730
9584 5035 609263
8862 7290 63471
3326 9350 430622
4419 3721 150645
4908 6296 875054
9599 1176 162686
5445 1463 2436198
290 7869 28080
6708 4920 2159434
6107 9479 1631697
284 6418 1594494
6369 1887 904327
8450 121 109909
8327 9702 194853
8688 6507 532341
4898 5795 1115774
4489 7721 379269
4304 9644 61488
2899 8988 35796
4900 4199 781525
3507 4764 75728
6638 5708 155884
5395 8502 125502
9085 4566 811971
4790 3550 90764
8248 8834 113240
5987 6405 192181
6949 4275 231772
6797 6600 203860
2580 1771 1041523
8217 1039 642742
7667 9366 1108929
2380 5998 735383
7682 9031 203779
2121 9821 439016
5360 7067 582054
6577 257 516688
4903 1234 854693
9160 9258 22554
5329 2045 322634
43 714 823418
6976 9946 41502
1686 3427 43565
4822 6326 711648
1201 7196 157721
4920 4724 670593
1439 7655 437568
3577 785 648248
8254 415 279956
2031 7909 377463
5780 4189 426733
5897 4474 34742
5801 6324 978968
2198 7486 84687
8704 4466 414121
7449 1156 29514
1161 3989 1368033
8760 4341 204769
4709 2189 741437
2250 3503 250929
2252 8456 908454
442 2987 425866
6314 4870 102794
2375 4972 126451
4220 2743 360555
2767 9309 213527
7688 637 341082
695 1056 297142
6065 215 530490
77 4589 434079
7546 9273 76863
2405 1110 285449
1009 3308 103455
2953 9195 618393
9510 5803 1420751
5293 3667 409574
9800 5926 431991
1341 9534 279244
1427 5248 268500
6560 115 1313767
5283 801 91095
5282 9603 292059
967 9672 168812
8051 7233 1307211
6981 5111 905837
1442 2968 515799
3230 6310 1059940
7534 7308 390694
2260 1077 57439
347 8638 130128
6694 3940 199092
4537 6191 11778
283 4128 1293872
7504 3810 4370
1878 4955 97496
162 9957 1008685
6594 9534 1209
823 3612 287312
3607 6447 1059983
4145 9296 95758
4921 7428 180495
9484 4918 174132
6417 5739 530832
4208 4646 705279
8905 4013 185851
5444 1761 441636
3969 8506 1188148
1652 5342 153092
5771 7560 698330
66 9857 198424
862 9563 145400
5246 9459 36788
1985 3545 1086885
4992 1209 823694
4893 8544 483415
17 6087 397702
1034 4119 951678
936 6102 22331
3615 4404 4131
3202 5804 43349
1074 2319 237084
9233 6783 1189728
588 594 8908
9706 6669 103550
2844 3948 77939
8046 4807 605436
4033 8773 568541
2383 5973 142385
9572 5263 1135980
8870 4816 59804
9866 1209 1165826
4159 3158 758948
763 735 350758
2456 3512 379387
68 9919 2331883
5780 7457 826237
