152
960 1304 340893
4219 9195 399042
5691 5527 186257
9691 8219 47154
2888 4326 883275
4419 9699 218008
6271 2973 2364650
1163 5580 668349
6632 7820 578348
9843 545 2041723
1938 8478 443561
6264 3149 403452
1178 6542 428251
6225 6629 1671632
7477 3752 1409831
7026 9776 575228
2284 6374 260657
1480 4808 139330
1918 5203 52930
2633 9998 17591
3287 4902 535746
5292 8530 2186284
7142 93 1208398
20 8684 1247524
5252 8530 672624
8317 5013 908069
5745 2836 144686
9163 3650 158052
6553 792 354540
2734 2252 52529
1076 324 621298
6964 6899 931080
1354 8857 324795
4430 1920 408951
1013 2273 119597
217 2431 1294968
6394 273 1113447
6336 296 174657
7583 9074 70742
5564 9500 268685
9869 4007 458146
7314 2473 111897
9287 8159 477808
3439 1397 384862
70 231 679373
2584 9483 794417
4587 5897 18868
1756 1901 336924
2371 7265 471282
673 8057 371793
5813 2150 257343
2411 5287 677739
6355 342 29524
7799 2541 119997
4096 2407 1557237
5829 3044 1516711
7129 1660 2327282
4964 5853 1866485
7398 6759 1911404
6767 7129 296160
7019 9115 514194
4580 897 79174
2987 5738 328108
3991 3057 266660
5948 6410 225940
3697 4638 2444743
2537 8591 291477
7945 7017 1082865
5165 5583 1554463
3019 4725 253233
5995 9225 70699
3661 1656 358079
1493 2347 393840
3410 1603 581946
9419 8720 340535
5897 2991 521872
7349 2175 2117876
6132 8021 768822
5243 5064 1046312
937 7023 678085
838 6441 377618
5907 6080 1186299
8785 8652 291792
6006 7905 421970
9015 6222 413678
6013 3222 131835
5723 8980 522822
2536 4903 412488
9131 9346 499406
5497 5691 387844
977 4594 1099763
272 2287 437749
1536 676 507580
2958 1065 67236
9403 1674 1627454
1153 4390 1345443
5233 2080 192831
1922 1629 139193
9589 7146 548032
2855 5185 490457
7818 8875 806297
901 242 474737
1124 943 1253248
633 7638 1303759
7439 9831 425939
979 7159 413060
4100 8653 65656
9400 7702 264027
9733 2217 52018
2578 394 232236
9006 3937 798141
9415 8064 1131404
4237 676 69721
5766 5915 2194649
3789 5012 90596
9470 8073 454340
2150 869 64889
7181 8424 1039946
8094 7222 1566653
1183 7243 73036
6179 8593 609021
8912 105 329256
8427 775 530657
4161 411 223548
577 5593 197848
340 8743 537286
4161 9156 1750895
289 8496 184503
6130 2028 376364
1064 3549 4313134
6348 1048 299815
9414 2263 18071
3635 7777 1513382
9032 2121 125382
6593 5481 912709
9635 5533 172636
1081 8912 1516143
7228 2601 182928
2784 7543 6815
5578 808 117190
2537 857 225969
9205 3055 37527
3932 3917 113029
3347 3012 1201449
4828 9974 1079958
3382 9246 1330920
4917 192 365440
7833 3599 517371
1811 329 150778
9041 8619 1234832
4033 8207 476757
8419 3642 961536
