122
7460 449 2312272
7928 3091 229389
9245 2732 700009
2095 6003 371881
5278 9671 50262
7986 1951 400354
2265 1532 200054
5198 1710 492623
4629 8303 1436009
315 3771 365245
4538 4307 572151
4721 5612 343665
445 5442 549114
8495 5708 1094431
6344 2798 293975
820 2256 399819
9057 9326 254917
4172 822 2442262
893 8932 1362495
8818 2992 360519
7646 3743 2180166
825 9181 961050
9511 5730 391598
7067 1901 236495
8219 4074 161885
3485 1023 1123731
5930 9207 22675
5876 4132 246899
239 1033 1313075
9252 2992 661390
9312 8105 763681
4794 3499 274702
8481 7706 444597
6681 1897 846537
9176 5039 1692017
2862 2560 1481803
601 9124 3126090
568 5178 531629
7225 9884 882536
865 7347 616261
5862 1373 2183743
8321 2020 120
1424 1340 1182592
6622 2441 639451
2591 5462 494016
989 6175 394496
2834 6840 3264242
2783 9679 169771
3393 3155 289525
5437 1946 609301
4465 3440 806003
4741 5996 413215
9105 797 3728084
6340 8788 483108
5908 7714 15993
4371 7372 1373680
4532 2172 1190418
4821 8886 133502
9710 6249 396446
5168 2401 300795
5001 2674 601132
4133 7419 1078043
219 7801 1028933
3533 9722 1049600
6842 5969 346336
5648 9064 717579
3130 6477 151881
6298 4600 339516
3594 7481 2074770
1635 9412 310519
5929 6827 2855878
2537 4082 1147092
3145 4750 3485572
5163 2279 645530
8010 9036 234377
9495 9895 382920
117 2926 38411
1182 7039 110502
3094 3376 241430
3462 2957 220084
1735 427 1097866
8333 2195 50642
8126 1552 399341
55 4403 702866
5559 2759 670578
6885 3725 2940213
3887 7300 2268146
129 7045 938188
939 5908 352496
1499 3797 1686412
9152 5337 684658
6950 1464 26849
412 6420 858907
4214 3817 407672
8704 8793 740427
6286 9204 1508243
1538 325 232683
9913 9488 43545
1510 6215 126582
2460 7169 501378
5157 8675 1472427
3733 8048 480245
1568 1494 609555
3377 2340 3114245
3176 3769 395596
8087 1578 398219
5512 614 824977
2286 299 732752
6822 4997 20498
3624 8563 385951
2530 9500 516760
6857 2739 1218569
370 7572 238582
8163 9498 378288
3212 8987 422204
5447 1744 86739
8185 6479 638726
7957 5077 120765
9505 9812 1064052
8726 2455 114773
6707 281 1735333
9859 8031 1474183
