182
5219 7958 476107
2309 881 1533766
3151 3823 24291
415 9338 403050
5495 5594 609791
4481 5527 273236
3291 9957 340772
5999 4661 540759
9833 1675 2224533
995 2846 465815
6663 7709 193833
7044 1271 61079
2694 8615 922131
7681 8988 871840
4503 8868 1063988
7661 607 107254
2162 9466 103848
7927 1862 822699
9138 7831 1065731
3439 2913 489986
8458 4283 129534
7477 5038 1015841
9410 9832 592463
8746 2104 425005
1166 9889 25221
663 9634 119970
1829 908 354721
9392 6171 788350
4855 8687 1391061
2991 8092 1862474
3393 5955 31028
4063 1579 66868
1261 5627 326585
9907 9396 5874
460 4241 233924
1016 4494 803396
2832 8880 87805
5846 7472 250326
5158 7660 1404027
7824 1878 2591992
623 1511 239676
4629 6143 1161057
4788 1376 57663
2372 556 479781
9420 7588 350613
2445 9332 493841
2108 5530 217194
5688 7838 853619
8189 8724 1560957
8739 4812 564274
2170 7960 321300
5931 4375 103894
1794 5178 175591
8849 3861 201215
5212 7644 1514315
2429 7757 171576
7833 6523 157636
3799 4854 344076
8468 7766 140801
9994 3064 1581569
8170 4509 264012
6865 6999 669639
314 7513 47307
8832 9929 722357
3388 2808 293566
1265 5715 219332
8343 3430 330244
9046 1452 505503
7614 5107 630203
6526 7147 1081366
9110 2983 698862
3503 2371 127272
9841 726 655349
9947 1859 81259
5997 5777 868121
4038 2391 536786
3463 8498 234624
7682 8973 647425
6518 3742 521643
5417 3896 105166
4823 4859 431810
8973 6014 16156
1251 7118 407804
9617 9279 88239
7091 1632 235171
2640 2181 449463
1773 9997 232810
8004 2586 1070063
4136 5804 623939
8945 3634 979617
7367 4048 763247
4967 4300 580248
3533 9578 1762540
6571 6318 139751
1670 380 621477
2444 2206 336189
9913 8281 63335
8040 2239 94657
1695 3435 94818
6090 4018 1305080
1852 5544 139365
9269 3846 158851
4619 1928 914563
7558 3215 1692441
1428 8285 567138
5908 6615 1043854
561 5676 409408
9506 3213 273979
8565 9480 25754
609 3407 1209069
187 9810 1179471
4784 9255 403215
1324 5106 895825
6246 3146 1626612
6406 9810 2191762
77 8356 132410
2533 4463 647781
6728 6439 627317
130 4841 236209
3952 9586 324282
97 2418 1651923
7962 3316 371798
166 7773 86907
7229 2592 509975
5391 3549 656057
2882 8486 939156
7654 3296 471999
2252 5901 226678
689 9300 1011952
349 1491 182513
8351 2384 106331
1768 5204 1928358
7374 3425 1503425
5212 1064 244810
6391 4256 280221
9531 8299 40214
3904 6324 476008
3442 3047 431635
2673 8735 169772
8155 9015 22519
3309 6369 834528
1073 7736 2086706
2686 17 52016
445 5731 72202
8634 7901 371022
314 5501 381994
6293 2179 162522
3379 5690 203915
4064 8934 437278
3032 9209 378676
9130 8139 247483
3679 2131 105046
9126 241 1083951
916 8031 110740
3323 6026 77416
6074 9070 221221
670 988 329057
9730 624 5530
188 7331 711654
9028 440 154379
156 3938 185716
6979 9949 110883
5110 46 473113
2015 6922 344355
1968 2007 952034
349 8019 1670190
334 1352 368394
8123 4425 176082
7441 6765 313093
8174 8439 313592
7828 437 1354035
2105 2754 100540
6168 4974 66973
2538 5577 337380
1164 372 102231
4610 4998 137060
1393 6992 222964
1379 1670 156986
8706 7734 17549
3979 3283 1245838
7490 4521 1519559
1797 5753 464468
