97
6415 9242 729448
3824 7223 3927687
5908 5930 693946
6219 6492 336298
8998 7958 975417
8513 2696 668297
7445 8678 2632914
769 2035 301033
4387 3624 939930
9925 5286 1635203
9585 6701 473780
8780 6878 4287321
5491 5120 986293
648 465 415484
848 5411 877934
1776 2187 523689
1132 4344 1057969
4781 1821 2592535
4378 8970 347704
5760 9155 79824
8584 3849 672563
1613 8301 220027
4819 8103 136705
4391 3821 100564
8672 4 1356550
1919 6806 3292223
5910 4244 491930
2666 4858 282244
6039 5682 418267
8842 2875 253388
9561 5104 1139414
2797 863 522042
7362 6895 399398
5165 17 508000
9612 6569 3964721
4713 825 1362023
2737 482 2831898
496 8646 512643
2541 1740 1017308
5875 2278 2500783
4441 7553 1918113
3452 8552 598616
6726 56 1982715
4085 7765 166671
3439 5822 670021
6474 2988 483562
8051 7360 1202672
8053 4940 697483
9275 7327 811003
4183 9874 313080
8932 4231 532066
1417 7641 1796310
8444 8134 97706
7741 7953 449338
3768 2247 2576668
552 6159 601418
8273 8743 4679639
2659 7996 139957
522 3806 2255565
7588 8549 2900508
451 2577 3107774
2186 6772 1139056
2183 7648 284805
6948 4327 878484
1656 2767 190935
8650 408 29406
8858 6483 20884
7740 6543 121109
3377 1015 364754
6404 2009 9773
2529 8463 35846
5015 3248 129089
1681 1105 53168
9675 9357 735240
7359 4433 692729
8395 6688 1667243
6286 5771 801277
4793 7430 1015658
9488 7874 1241844
3310 8907 315460
7815 8822 1871286
3937 7296 434683
8414 4896 83694
8610 7459 882862
8046 9576 528948
5002 2505 326905
6723 2928 2584309
5953 7216 101754
4749 5485 200549
3789 9251 573163
9535 5017 85728
7932 7543 1415332
3005 1583 227135
5717 8861 1787544
1515 8227 945022
9219 9771 1286868
8999 4004 2491176
