145
6792 7313 2048354
969 3361 751206
3096 7589 14517
2071 6323 260165
1925 1665 566718
7198 4719 597531
5808 4259 211159
7837 7259 34046
4580 4844 1803058
5657 2269 307315
3078 7030 143887
7599 9998 1727518
2692 7535 120923
3026 9278 221298
326 4539 1750281
1170 1100 1130817
7661 3576 535065
6254 4449 1936747
4320 1061 43441
3135 2882 429738
1018 6678 1409487
6974 3234 48895
4247 3059 14249
7665 4215 168339
8624 2249 426088
215 2422 1280113
4463 4425 631309
6913 5656 193443
9299 1242 676329
3302 8495 754157
3562 9813 12979
709 8055 715047
6815 6430 1266621
8514 2934 523433
8243 581 1281013
5443 6845 1343376
5993 8295 398578
271 5452 1346707
4540 637 355079
9843 9674 283416
5779 9836 398812
9026 3016 2013309
3282 8363 273651
2125 1174 3168332
315 6687 578540
3944 8590 207643
9673 2181 536396
9504 9231 1380011
3864 1334 115894
8468 4408 1226554
3357 6942 272531
5465 5324 446909
8901 5798 306244
6762 9838 64953
3260 616 201678
9038 685 1601012
6519 872 374502
5011 1447 22982
5635 2601 1605068
1680 1192 3708
4482 7513 222950
8873 2109 745884
8470 5573 488786
8310 2286 515185
6790 1463 1860287
3412 8114 103957
2739 7629 2079175
554 5365 196852
4699 4992 2458556
6776 4580 282728
122 9498 405260
5071 4449 760820
4696 8844 1194602
9944 6628 5376
8378 9504 2093753
7411 2876 209823
8803 4745 461338
1613 8980 720394
5404 5922 213846
7604 9397 1118506
1456 6020 540891
2253 2254 147135
9624 2563 171544
9107 3299 283434
7122 7444 234605
7889 7624 108056
7651 7920 857925
465 5098 1155006
9954 3693 322541
3174 7453 810997
792 6235 1889720
8951 2876 265997
2196 4341 234225
9526 9326 20837
3166 8448 47968
8175 782 278441
8790 3857 83981
4686 9374 2929852
1669 8335 38120
924 2350 800449
3364 8788 341497
1523 6116 876077
6502 7193 1288516
2493 3058 212547
7115 3305 436936
9663 4677 74663
4640 1448 741135
7376 8705 1045476
9405 1343 973732
991 4130 478212
5025 3907 761787
176 4731 931688
7251 513 443585
8917 8947 756991
4384 4729 498625
8257 7530 522678
5383 4696 114716
7728 4295 1449754
9720 867 173866
2642 5356 611377
2664 8558 450425
4633 1492 297565
3804 1505 147847
2816 4957 686612
7965 9136 609009
1636 1608 472415
7237 5093 100343
9500 8731 1142702
8729 8217 286843
3606 7071 513164
9385 9642 166518
9353 2616 169161
1093 2058 388434
479 6205 1042981
2894 8487 651751
7953 8484 162526
7520 4132 7621
8492 3763 3393696
9290 3434 373511
8669 8614 1408109
1303 2459 1091923
3997 3988 1784563
8088 4520 286145
2892 6039 353472
9772 9480 1357833
