122
2844 6951 200398
4274 6961 12348
1790 9874 242416
4783 2510 1366997
6470 2898 641124
3242 6272 695701
7992 358 1780658
1949 4257 1110906
9291 704 337350
2876 3423 640205
3447 3077 254578
7785 874 521164
671 6992 70836
9943 2891 1829116
4553 4538 946231
1604 8385 56313
9519 5723 216670
5890 2811 32703
4364 3293 130035
7144 8796 595562
1483 9954 1521476
4176 3768 457462
6141 8762 245942
2074 3848 1315266
7986 9502 440022
9462 1386 909446
8766 2934 269052
4034 808 714309
36 5956 72830
7721 2694 229854
5440 7166 192308
7090 9393 2773562
5996 6059 2642914
7745 3104 261791
8049 7612 103575
6459 258 84239
6238 7987 1145381
4576 8373 432701
6590 7327 1230631
9711 9857 1466929
7227 6125 298333
5772 2219 137825
5048 4618 71733
208 7633 387729
2428 6539 2365342
662 8315 900803
6635 9696 499292
4642 7840 81248
8366 7864 521502
1662 4453 1368604
472 717 133022
1600 4252 406607
7744 6799 137405
1279 4322 411529
280 3275 294410
8093 2713 289373
6727 8468 295596
9033 9699 442220
4368 3512 364159
7093 8018 932951
664 8128 778858
8968 189 123149
8075 4554 257325
6741 3053 565336
6747 7290 1876500
6412 6958 2072058
6235 3465 1535204
3624 288 926149
7996 2311 354390
9643 6061 87209
7722 3683 232820
3637 1861 1760919
6620 6610 1076826
1902 9401 90464
8942 8464 534655
707 9422 284857
8312 1002 516725
93 2663 277707
3683 4403 1499945
3802 810 415699
3432 4647 233961
4707 4428 1779283
3613 9880 2867742
6955 7333 1149781
7375 3339 617397
2172 1681 349804
403 4833 242720
9415 7615 1416854
6804 7312 12439
9114 6025 688834
6984 4980 712444
8489 3196 33609
1434 317 283212
2411 9599 1778258
6222 1368 450967
7635 795 2452232
5916 255 2193801
3265 9218 3542652
1594 9616 785110
8970 1165 848243
2374 8951 177230
5757 6400 116994
844 2825 1966349
5214 8883 173820
1647 8192 865361
4227 4728 126178
7154 1007 240690
8907 965 915430
1275 8947 539767
4194 5 57570
8436 3574 148184
4591 8064 199121
8094 2136 58530
6434 2924 1362481
4802 4674 76560
4430 991 2821241
9064 9332 2926254
516 514 359002
8341 7588 47877
9222 8252 1160890
6210 8006 2500098
1535 3606 6923551
