66
1421 4814 1491672
2852 2133 390619
4140 800 1863643
5155 2969 2403849
8896 76 142010
9013 1453 319892
4504 6218 1419905
9068 1862 2968756
8991 4430 599137
6215 1325 1208096
5135 311 516438
9368 286 1195834
8057 6060 697323
6312 6595 2908273
6504 7095 438488
7599 6165 1035070
8724 7806 1720936
2438 5179 226858
2098 1942 2436544
890 4021 1270501
6814 8473 3686229
2441 9547 669405
7377 1121 2709522
57 6516 278970
152 5388 4786276
5824 9765 781708
5532 5904 413954
7678 9149 1301368
7565 5484 151869
8799 5174 2508609
212 6887 863757
7359 5151 884736
3834 2073 1925243
7381 8158 282979
2381 2149 574703
1331 9998 4130893
8554 8302 3401525
7914 162 1293149
7965 6924 603460
4979 6506 1686444
6911 8456 1990102
4651 6258 1378194
9159 9401 88243
3837 3312 225975
892 1746 227832
3539 7775 3842634
690 5700 7548620
8000 714 43512
5124 5814 256431
9485 1816 791474
4730 9405 1489059
236 7125 1645653
9823 5086 1941317
7355 8444 100591
4671 3681 2602361
4833 9444 243977
9035 4216 4219936
1124 7971 861590
1337 662 101388
2351 3411 422424
6759 6424 3276697
6773 2350 2389175
7676 3142 1535868
5984 4413 2839764
4663 444 524682
8933 4998 1223858
