110
7396 4586 102162
7111 9488 1020552
6377 9346 583720
9674 7131 587817
293 2809 976934
7867 4144 38121
9109 6998 847209
2626 4280 18861
7395 3178 319843
2812 1467 963288
2960 926 738229
7876 4615 472871
34 4432 635775
4154 9378 298467
3345 1666 1064703
2243 1390 2437020
145 9737 1346276
9526 3103 18329
9752 7346 748961
7101 1911 1216671
8616 1044 1109001
5497 7866 1992
607 3916 1132170
1460 5503 262728
8251 1006 146102
6329 1897 2658107
4068 7147 32422
7905 615 3515407
5105 3521 1624141
5104 468 1650613
2572 4324 951138
8993 5334 461475
6747 6455 741297
8774 3455 992867
4579 4936 274560
8637 9191 802389
5740 2943 76296
4830 8552 1008474
1039 9512 609381
2675 5424 268552
3142 860 2979448
3220 7747 1219906
8319 7176 1235419
341 2482 41965
8279 8700 101667
6445 5630 112958
1261 9572 2021159
7712 5311 1432377
1191 8709 417387
517 4404 316319
8373 1609 333113
3700 5591 2079223
6830 5780 711344
6314 154 2774534
5443 238 4916686
8010 9709 326504
772 6928 1232280
6551 5110 724867
3183 3246 1112055
6744 6358 227988
6473 9721 1189380
313 8171 194058
1857 9700 1446022
8640 2243 243594
4749 1291 320473
3198 4965 1015389
5639 371 27689
2140 9248 162794
2170 6152 619901
7442 982 203921
9656 1080 1445422
3719 5445 2943555
104 3109 168
567 2692 123649
449 9538 257352
9091 4524 195847
2245 2287 491972
971 1233 656368
9671 8815 77156
2768 9130 191661
640 5390 574791
3254 631 1967774
2425 5575 380104
159 1835 97126
9610 358 343536
5051 9396 893685
6002 3915 908752
4994 2576 716225
1740 4367 614738
3929 2992 1906558
1118 8604 79350
1192 7496 436995
6523 5827 382462
12 3274 1451131
6231 6183 97612
8277 1856 1532942
8315 9977 715293
5632 6681 725112
1334 5757 2715451
6932 3639 712730
2740 7378 1899128
1481 613 406973
6777 7722 1017199
3743 5504 79350
3605 9458 363921
7667 8243 1188250
4585 743 3295681
9813 571 1907305
4330 8920 2432502
5468 71 1278833
