124
9520 1936 721378
2394 1703 775282
4507 6200 3229433
9355 5674 241068
9166 4920 740125
3106 3312 399728
698 3320 1194703
5824 4214 550976
60 1497 155178
716 9993 7550
7341 1931 859267
8735 5574 279882
5391 6819 66809
6578 674 2522012
8492 3054 689610
8642 7092 698640
8322 5340 20578
9166 2328 398923
3514 8291 49001
4539 836 980708
1998 4196 854447
7225 8413 37212
7761 7017 1052195
1416 1229 564508
147 3384 1429293
7348 9397 155571
8488 9630 122772
1176 1194 673398
5627 1946 118701
1378 7689 978744
1458 5530 1110174
6858 1846 1145379
4895 8965 228902
6338 5612 373447
544 1077 845586
1413 9380 536238
633 6335 79633
1249 6716 1772605
6614 9695 1595287
666 288 636972
9898 1720 2716550
6002 4055 557092
2430 2013 3967250
8397 477 211934
4687 3012 441635
2067 8235 663361
5855 3469 1082037
8203 342 830322
2829 4759 484105
5417 8691 1299607
2966 9446 74662
4077 989 3323750
6469 1822 18653
9483 4158 53269
1752 1756 2086695
6423 2108 618963
2136 94 593087
2499 1543 2080965
1875 2522 148011
6429 5239 223748
8087 9614 3005480
5111 4972 157585
1180 9000 2371310
4912 3539 928009
7497 1487 757672
1094 6793 1419264
1018 3088 394279
9263 9718 1587489
423 9398 1957391
7397 4578 21490
8278 7184 1596616
4928 4544 1638918
6209 5396 1389198
4738 1383 1464315
5656 1961 352357
9186 7676 139214
9433 731 625706
8257 9797 406980
7252 8405 114402
8455 1392 2282009
4505 121 522989
3984 4176 763445
5701 4489 866824
5040 1688 439647
9005 7924 148963
8711 5168 1369642
5652 3056 426563
2021 4955 212033
4370 4378 390545
8551 7975 1209089
2581 2763 317312
6498 7292 571268
4619 6888 1154816
1072 4469 1111241
9365 5520 781427
7816 6011 257130
1766 6151 1048536
9307 7546 563244
1739 9179 404267
909 8338 135059
4403 407 715503
5613 3265 397646
4159 250 536764
4613 5087 762229
8041 3129 652383
9584 9883 43196
5517 9937 634005
5440 8246 737767
390 9129 201825
7539 2738 68135
1553 4275 24830
1412 1554 1073887
1626 1238 799315
454 3910 1657678
5184 7163 211088
7291 5107 732304
1235 1696 1258348
5598 4779 130616
3743 5998 168968
8932 5168 47931
2903 9364 562305
9082 58 2271408
9683 6159 404311
7743 8344 236223
