65
9355 962 1585391
6898 3679 1046753
148 9206 1134238
3331 2455 2151342
3052 4499 2449452
4971 1577 4597293
6630 2816 936092
1569 3159 2254860
5196 8645 2746596
4916 1342 2522289
9430 5984 710266
8161 2851 1615756
7815 6827 329804
3102 9262 863634
1754 7913 2176725
9627 3660 467771
7236 8349 1149476
4752 7880 102343
258 27 4732331
7312 4560 3393786
9319 931 71850
6022 4688 1474583
2925 5582 479011
6477 8557 2883030
3977 1760 2122396
5579 878 962681
4289 7020 2654496
6365 1685 490854
3605 9680 1947223
2270 1379 3994468
1480 9791 2732068
7622 3368 627511
1812 1333 143915
3472 9591 901881
3787 5687 3231236
3956 6890 2288197
2186 1562 455749
3208 5964 99946
5724 6092 278473
4191 395 2350889
1368 994 4606246
2309 8668 45713
2043 8493 745555
7471 5595 4039491
9035 1366 586684
2965 4928 2143552
9532 6186 212032
6707 3570 560687
6510 2460 1256804
5643 5919 2734441
3549 1317 169075
9831 2024 175015
8510 5870 747275
6283 6473 2773485
3102 9550 555786
1173 1136 1257532
3766 4211 2298684
5593 1083 922040
1796 889 287625
633 6489 51341
1988 6145 2760844
7527 2053 273270
6990 4531 2106900
1430 3871 1502010
6105 6653 31258
