162
3450 3755 225634
6573 6318 395779
4282 1645 361278
1716 5149 388420
5155 3601 849627
3686 1121 2245666
5958 40 880236
4264 4419 784220
5522 5089 462928
1055 9933 617390
6482 1937 184974
2495 2324 344274
164 1187 242145
5370 7433 66507
6769 3724 205428
2720 6867 1606066
8340 3731 588173
4149 7555 173938
5660 8724 1294691
710 4543 278045
8125 6281 1531435
7073 1453 642534
9855 4637 936455
5684 9988 143859
874 8248 498566
939 5935 86388
7685 4285 1007756
2876 4004 943816
905 8999 1819731
5899 2669 873953
9731 7667 1204918
5152 6423 625337
7817 8672 1061065
660 2343 347418
640 8492 258947
4917 9386 2384348
7203 6229 399249
6727 794 2321581
3820 6060 886636
6660 1789 1248992
2387 9218 497118
9858 8775 191255
6907 1981 42997
3827 1781 7250
111 5992 90736
9834 7612 359144
3844 169 386136
3929 404 1391913
3987 3739 848709
5431 6113 232482
8950 8604 512386
1604 6225 49
889 6585 1014661
5307 2864 14273
9999 5867 1299551
564 3703 1722331
7392 9678 76197
7349 4185 979936
8136 634 334422
305 9562 246518
9079 6275 452136
8965 3585 242880
2189 4732 56228
1715 662 609550
198 4365 276421
3271 3164 43763
2703 1869 1308850
522 1460 48576
2165 8714 1201899
8455 7013 9794
1350 6813 185395
6010 5747 145613
6337 4695 1679991
6557 2937 1464257
1619 5609 190841
8782 6215 1233044
3739 8918 586285
3539 6905 550716
2474 3455 261599
2886 770 136968
3232 2350 523787
8487 8210 453032
1711 2114 792702
8307 7287 2843417
7028 5743 343573
3298 1377 582065
2933 9231 310111
9890 8605 331952
3888 585 377900
7627 6514 61196
4116 968 2817100
7747 1526 47340
983 9073 1456242
7941 1053 196716
7442 1549 387817
2684 5757 202717
5855 5858 139613
7553 3268 155925
1768 6032 747324
9185 7859 444218
4838 461 749206
9956 7463 40386
4230 7979 1270506
2857 2438 290091
4523 7126 410313
6083 3949 500572
4614 8037 934424
2328 6731 315250
3768 310 62470
8395 4490 330488
1787 9230 1237512
3948 1083 248934
7772 7980 83583
1317 3460 20063
7924 7331 133882
839 5410 1089241
2490 7263 571151
7416 2959 150322
1279 3970 43431
358 9895 464887
477 2563 464358
1726 1796 74108
1407 3586 45776
3300 1372 25120
2697 7513 362072
1456 7115 227754
4145 5746 1638404
5812 7162 135209
8500 4623 157313
2701 9296 780002
4939 4905 269397
4329 2083 608682
158 4325 808912
9911 2874 94383
8427 5813 624442
8542 848 240454
4436 237 226432
6588 9581 106812
2500 6809 425290
8766 1544 77695
554 3470 379159
6487 4216 939972
3088 7026 163075
5711 2418 853293
6425 4929 882341
5331 6935 310429
2423 9855 1007608
8820 4481 857105
1974 3472 382271
396 5228 546834
4435 8799 2759207
640 4233 947398
8047 1974 84203
4195 9508 56732
3015 9423 485272
2065 2297 777326
6275 12 1586004
8072 3315 1792785
8118 4204 842157
2543 5767 954530
1363 1109 446649
4246 2948 1040303
