78
8681 997 2228803
4065 8044 1724774
4175 5325 91193
546 6243 358923
910 5754 3214048
859 3266 1908805
3494 3651 4984937
5433 2225 66679
3068 3252 99257
382 7609 2248839
7501 5216 657477
1827 227 81429
5762 1114 992062
3221 8041 7549710
4453 5030 622618
9357 1937 760193
2211 8079 110390
2230 2395 1054965
6309 9093 640908
724 4900 1939432
5385 3851 372636
709 5710 632247
3882 1376 3883805
398 5224 126418
4343 9508 353480
8677 7416 594973
8222 8250 2127319
1458 9322 3706807
1589 6514 1935965
7227 4569 2430338
2656 1290 114184
3431 388 79540
3342 5858 564501
6200 6995 1691541
76 5982 1464680
509 9529 60019
2260 78 580280
3979 6275 199437
7177 6231 4258288
1048 5747 115739
4235 1062 203057
204 9123 26743
7284 2388 2596264
7084 2357 1088342
5121 3299 837761
156 8973 2012190
8383 9820 233881
4578 6802 845444
5832 7899 1251580
1663 6346 136764
9685 603 312435
4484 782 852114
26 6121 198002
8420 2221 1391243
4158 2510 518928
543 2975 183346
7553 6872 263321
8232 3285 5289979
6688 703 1263759
7560 9901 1014038
3615 3471 220024
5792 8880 404841
4619 983 1596729
4462 6537 76032
5342 3402 707535
6764 9449 29043
763 613 1254144
7846 552 2737405
7368 8788 3995831
5467 8623 2882960
8809 1385 548731
9839 1103 4232611
1918 9077 470254
5055 1412 229752
2107 6541 439017
802 7800 819901
9146 2316 2015987
9271 9948 192373
