66
5856 5497 4419472
8641 2726 479561
71 4533 76799
1159 3354 117153
648 9789 2355348
3882 5381 5300555
4708 2321 2733603
3793 8796 1396619
4567 1844 1960300
581 7278 134032
9042 6613 872446
9756 6064 179022
7191 3521 1317284
6470 1924 428295
1796 1636 455321
8443 622 965601
8896 1312 1864936
636 5796 402152
9605 6411 940401
4391 6185 373449
1006 8275 412171
8928 6103 1082890
2383 266 1404869
5139 9833 1669645
3111 5509 801784
1294 8964 5430987
6076 7063 2136924
5743 6484 1226339
6238 4596 1042600
1881 3334 1024409
4224 4649 814679
1463 1946 645924
2172 4435 976169
9032 3859 1935986
2756 57 1681923
4629 1054 596992
9463 1417 323079
5273 3135 302332
3215 4265 519657
5923 5596 550858
8887 9549 8565830
5418 5864 1481669
7744 2364 4917744
2766 3105 94947
6307 3240 1344871
7338 3856 373811
1030 3719 2295983
9130 1426 263601
266 9585 2680832
6575 3051 1134017
9930 1489 1822937
1349 8765 84625
4220 3972 925623
6976 9678 3227800
1250 2093 3569275
3515 4548 507200
8020 3133 406890
5245 6726 1553954
1044 8247 917554
5555 3033 223481
2805 2447 2021281
7680 3729 580825
1053 1986 3893682
8124 6498 938485
2071 6086 3837284
1468 4145 983233
