115
1093 9484 203955
981 1143 931420
4965 8459 596009
1100 7024 703594
3764 8759 642244
2280 1344 368676
254 3705 1649238
1357 1060 1386089
968 6296 1762618
7483 1269 324998
3743 2742 701336
3857 9181 286053
734 3311 152902
1940 7768 1565537
707 4526 399742
6933 6556 2692164
9244 2411 419044
9619 9330 273723
7394 2511 2730744
8362 8677 2148910
7061 8173 258118
4997 46 1008943
9670 9421 128284
833 9051 319253
1775 9011 3988117
230 4423 679431
2351 1383 708790
7296 6935 35480
3369 8428 390458
3901 4633 228383
981 294 432499
9648 2008 521323
2465 6179 1022568
5457 5059 755811
2985 3928 104319
9595 3639 510650
7609 1495 1442358
6317 2022 2031142
5044 9152 1094534
5735 7967 384539
2014 4551 86934
3820 407 921836
5125 7392 528508
644 312 2295
3892 4492 1547732
6938 8757 697794
9657 5937 797220
7912 9331 858923
5801 9716 61591
2645 8695 2634858
4619 893 84584
3601 7281 1348373
6381 41 727887
2625 2063 30256
2887 7820 67283
1693 3449 2363279
587 620 57466
955 5611 781493
5954 9639 417669
2425 8970 823645
5036 1188 343764
4038 8461 2075968
3852 4923 1117559
4952 4854 34580
8665 2760 919600
5103 1007 1038627
175 1243 2542852
178 3598 382356
6064 6550 801292
5818 6321 3510748
1356 9613 482754
3214 5955 308943
2435 6420 322411
1818 9581 181460
7674 6914 330656
9382 6895 321287
9499 600 1442322
7329 1443 329124
5312 4758 2326898
8257 2763 210613
5906 3652 45036
6190 5224 1724105
2193 4767 67098
5512 9991 1675073
6318 3290 339609
3117 5236 386936
2995 5372 953497
1461 4543 717556
1333 9407 2386766
9678 3249 6893
1083 4373 455969
3004 1765 526741
2074 9953 1058641
5157 8397 1464131
7334 5602 178897
2876 723 175579
5055 5776 1780814
8777 7487 3368325
5831 5538 1744122
9811 4908 353062
8501 4665 229477
7644 1538 205476
3658 6042 2723846
8275 1475 227851
8609 7911 988005
2050 4134 433898
7167 6010 414570
3437 1054 1143849
1400 6670 226784
1239 8533 653050
9320 3 643433
1540 5711 458441
3144 3309 1240655
8220 8338 781972
4378 9996 372407
