83
848 3896 1034674
5120 356 1793822
1575 146 244950
6901 6553 63958
288 2989 729832
1409 9987 1190154
8495 1121 1356481
8757 2325 325073
4515 5621 1071797
4548 2805 658572
4869 6179 1984084
7013 249 550661
9024 8889 1521272
5107 5464 924434
7140 5220 665739
1107 4397 348812
6704 5944 1187264
8504 995 1474077
776 4220 689952
2885 6924 700812
3227 9407 445321
4585 4625 795746
6737 5428 585547
713 9456 1636651
4754 6850 3637001
1433 7785 360772
8848 6138 505017
1224 7869 196370
8032 8037 822130
5441 2347 1197688
7273 4397 294119
6666 1673 1121345
4963 8517 523335
9506 7835 1527491
8287 5322 1207575
6021 3792 608068
9516 9008 4230321
4034 7178 2231231
8634 1975 1402586
7786 2356 193392
1066 1800 70568
7838 772 1093266
556 9073 24917
2354 8734 2112080
5793 4708 973334
3071 3824 1299641
4330 9083 53701
1894 3538 1220702
4066 4023 3862491
5891 72 1497391
2023 5850 241089
4124 4411 2247170
8357 8439 81256
6893 4534 1611467
8559 2970 98449
5757 6099 1952816
8970 3889 2378504
415 4746 726408
9495 963 932866
9802 3614 2404942
526 6163 61339
5695 2989 401584
8773 116 512625
9270 506 5471213
5566 3710 5039681
5470 6514 968495
9782 8014 5992976
4581 9278 361449
2633 3641 1262598
7175 127 634471
9280 9189 3133942
1475 8690 4853787
369 8175 278910
9698 2612 206241
7486 4481 42346
9638 9677 24422
9388 1756 40723
1166 8295 757215
8719 1068 350053
1850 1265 821556
5409 8643 47770
2587 2128 549537
6214 1840 1265883
