105
6234 9156 288829
9556 202 3413661
699 7190 2847973
4683 3806 46110
8343 3841 233442
3094 7635 482109
4341 8945 106331
9287 1938 283086
6248 6671 13396
6701 831 686526
5789 8798 140360
5345 6269 1479401
2878 7972 66733
428 7847 188265
1554 1056 2282098
3991 9965 196787
6642 8409 164140
902 563 1469846
6629 1250 449615
9571 3452 990060
5736 7584 1144014
6438 3197 4101215
9003 6718 577473
4735 5889 1170643
5251 8396 1838781
9880 3192 36056
166 4870 196038
8694 4552 3051008
2625 8614 391424
4653 5303 620947
8300 5451 992600
518 6341 857089
3330 5138 2585156
8312 5960 895962
3765 6431 44859
2067 7427 319846
7673 6904 1595520
5032 7201 421029
2871 6613 231706
3415 7016 49915
5832 5239 549099
4998 8642 254552
6981 8010 78399
2393 9605 547347
436 3842 1402273
6948 3498 2389489
4227 3283 1498417
4589 3405 83026
666 7306 109244
7654 7545 476036
3859 3986 869944
6331 4074 939698
8819 8938 2125494
6288 1273 505644
6499 5914 2423174
7787 6810 290328
9284 1031 1433234
2224 5705 103191
4794 7941 1544183
2234 3626 2362023
8572 7821 1918843
1320 9943 36089
5808 4909 814414
8065 6484 2780285
8614 4941 43081
6550 4816 1493409
1451 9897 1973836
8530 7907 1112530
9045 8734 495463
9510 2230 823043
3647 7944 1595263
6537 9364 54298
5787 9840 244207
6916 7244 1025330
9734 2571 3136052
5959 7313 164982
3620 7150 1374453
9197 1408 1530398
7575 3747 3381378
3660 5859 2461059
7225 7479 696539
375 6725 172775
4227 2033 522738
9792 5123 33822
9424 3022 43095
7788 6689 2929377
5971 6106 534069
3200 8502 143429
7236 5543 1017553
9330 2723 1016978
9956 3467 126911
6260 7083 403567
4918 1218 1004294
6112 3891 626065
444 2745 196593
4162 2830 194723
3280 3584 418541
5408 3187 133798
7110 3562 892475
1046 4840 575895
3427 7084 242427
8853 6142 1365684
9650 9727 609410
2967 7810 1534588
6468 1713 1171397
