50
9629 1920 1100237
4822 6704 4291950
9796 306 312673
9933 536 1542367
2461 8407 2870143
4095 8583 2785907
6429 6191 968598
2103 9274 229502
4708 3684 872179
7330 82 3293597
7448 9710 116508
7669 1384 2883354
4356 2656 125097
2632 2550 3095203
8648 3768 425463
7068 5171 3924312
8113 6114 431580
8199 7594 448511
6032 9567 2390805
4828 6440 4019701
3801 13 5180553
8668 9329 8491
6002 2018 92018
6949 4108 2790412
3284 5224 708849
8140 8148 3454236
458 4353 1911383
7158 6676 638325
8899 4664 1608037
6175 9277 3388152
231 1594 2666533
45 9638 4176797
657 3910 1158211
2351 8605 167847
6615 8785 10004631
1177 8293 2350841
182 724 3265688
3577 4026 2385526
7575 4301 1849236
5374 7259 4794005
2558 7589 812883
9647 1542 801977
7613 6091 859049
2993 5651 569984
3115 7026 316645
6207 8568 238570
8170 76 88360
9412 9569 1244242
1255 909 4926380
5314 3077 1414452
