98
7256 9697 389533
2580 6463 574097
1142 911 246732
9664 8628 980162
3470 7405 1118451
8069 2258 291659
355 677 53029
6238 5951 254521
86 919 947968
5930 6520 539993
38 1131 222777
7652 35 181152
6327 386 877645
9358 3962 1781069
7329 5795 115713
5916 5603 168343
8085 8753 1634655
12 2675 70838
5667 5350 4782877
8084 4091 411351
9926 4339 188261
3901 3088 232754
579 4824 2716402
4680 969 320516
9498 7796 940506
5237 2898 2440174
6309 9960 1291957
8779 4037 889749
6985 3539 225356
5743 9561 533640
6318 8252 1514688
7741 4772 894416
4946 3283 292755
2575 8149 1199426
8613 4573 2088002
5559 9653 682627
6683 461 291697
8459 6262 2117798
386 4138 310675
1761 5974 1595188
9090 8732 263896
3372 3626 496561
8113 7589 407428
459 7528 742405
8647 1106 259617
9620 9063 1024524
356 8010 165704
7490 3540 1932779
1010 3938 72350
9691 7580 870514
185 6281 994555
2601 1270 3315312
7821 85 657804
8551 9130 2639673
8001 2424 153695
5701 9019 72806
2090 2935 410190
5085 2499 2541361
8558 3335 800769
5536 5563 1074896
3720 8949 330219
9479 8478 751540
1399 4415 2991211
1840 6588 441637
4881 5442 719653
9101 8218 987909
6029 6240 783765
2080 5462 1396652
8563 1055 1261256
2148 3022 396757
3635 9410 121122
4436 3620 1160072
2412 7944 860678
8680 1182 2226036
6063 2768 3795303
9356 1648 3035552
5339 7352 1328161
5423 1817 3436641
5552 1797 28519
4517 1650 811722
1700 1811 1210124
6023 736 1975360
6849 781 1475362
7769 407 839649
3268 5265 4662
5469 926 1064715
5957 805 587899
1693 4211 152270
1108 423 2069016
2004 6703 364352
9349 4392 505378
489 6960 645601
8577 3578 318548
2832 834 652675
2201 8089 247227
8616 5775 3066431
2030 3421 2408017
3467 929 242318
