193
7859 3957 661091
7117 7875 280993
7554 2410 2417314
5538 6023 44175
4462 7231 406690
5011 5383 388243
8423 6476 11167
4083 9064 57741
7143 8297 289102
5689 3623 1010269
7951 9850 872164
549 444 22504
1297 8094 193764
7724 7127 344296
4006 9630 165454
3016 6117 574977
4501 6368 917483
4801 8907 288607
8458 9217 1331719
9555 4198 49712
8404 8717 547725
4652 8149 1139661
4054 5647 586313
6434 5424 25051
6002 1099 23805
6915 3129 36578
6708 8006 338579
80 8091 524665
4646 2978 529264
7045 8976 9165
318 1478 1055580
6000 6734 633406
9934 3965 759709
5576 1438 524455
9066 9944 454644
7188 3444 546271
8138 1825 1723575
4632 150 363200
280 6159 569044
533 720 148591
1354 6442 86782
3737 2329 1395011
574 2922 1455591
3302 578 1396200
9350 9647 646591
5169 3499 319085
4346 7401 367274
8319 5131 577068
961 7172 292020
5660 9284 1462446
5572 5129 826679
2908 8483 220616
9986 3074 37223
6978 7829 310523
4951 3271 348417
5648 852 151026
3875 1137 422801
6690 2528 113275
8699 5609 68305
7487 8860 531245
9041 5804 68068
820 8741 1080719
1762 3541 801718
8712 8868 578239
4185 9531 256776
3531 2581 374776
4069 3747 1669132
7159 1757 211246
5029 4799 153627
2038 13 413078
422 4093 125394
4657 8802 104288
5470 7242 605162
4276 8313 513046
2596 3762 578853
9082 3676 204361
2449 5368 1445945
8155 1040 64338
2389 756 914361
5004 1101 1388774
1573 5616 8466
4515 4632 498739
7991 1206 585832
9290 7765 61122
4341 1313 687483
1806 6223 184714
7218 717 319425
1456 8868 1000037
5976 5731 435335
9595 7093 166961
6568 2593 203157
6448 6105 374474
2617 1445 108513
7914 3516 601172
7636 7002 673273
7366 7865 2445941
4583 5786 994315
3538 5688 317221
1462 2270 98204
484 6150 325475
7812 2780 265640
7937 1693 191600
2518 1748 129731
7273 4802 518344
9281 1740 1329004
4981 6084 760324
200 5869 1178981
9023 979 366119
9021 3448 188615
9052 164 689364
9523 8124 289091
5767 3400 501669
7650 677 302130
4568 342 675273
5287 5876 344371
8153 1024 1448603
2516 3062 184501
1823 2690 520322
5909 2131 991527
2067 5345 294965
7955 3679 671837
3921 9739 937840
9021 281 1507854
7574 7302 950747
9770 3147 448498
2142 9708 347072
4699 1496 240901
9780 7696 44472
2448 1056 46555
8800 6387 585200
101 6635 1819491
2710 1239 195263
3912 4953 1103308
5946 1264 236411
8438 5648 433620
6049 4083 91270
5978 5181 801208
5449 6297 37150
1486 9763 781684
6229 5784 1090732
1388 8591 655816
2632 7010 208345
6375 5968 52497
3701 6346 337559
2714 5404 449032
7734 5437 286740
1131 4941 586665
2053 1413 323951
9920 1466 383927
6948 8008 126703
3869 3475 255408
1845 8800 556497
8349 3779 30583
2827 249 155074
3290 7547 344371
2624 6785 44317
4368 9574 416686
4051 4368 241142
7396 4051 427665
7566 2842 566080
8738 5456 1601669
9201 5125 230869
799 4135 648926
4896 7798 809799
2000 3187 105384
7898 9497 78918
3187 8275 256694
6657 6378 656159
3248 2848 1497662
3951 2116 748909
2304 7828 93961
5649 1470 495894
7616 4681 256797
1788 4208 268312
6202 5091 408600
6485 3041 426390
636 1875 737265
6749 9762 635916
2247 4412 17602
5512 4591 574407
3844 1108 243269
9080 5370 368196
3882 6153 665101
3869 6049 17643
5533 8892 13763
3732 6055 149107
985 8892 348211
5940 6497 1380968
4136 6048 306234
9546 8788 1041464
1487 6696 97310
9006 8805 673831
7770 4830 617741
