74
3804 8606 4421779
8694 8616 1865165
5989 7931 1422211
74 1624 6308
2549 3172 1676122
223 2227 513071
6309 1834 1072338
4337 4152 416472
9243 8603 1487964
3248 957 434984
8672 5331 17866
7581 2455 1389960
3411 6054 2839144
1679 5750 2599352
8422 933 58055
1864 9237 1070366
9637 6730 1150653
7888 9011 1982322
8385 165 610986
4833 8783 2314547
6089 1517 190352
8212 5618 939547
2062 4722 4269339
8750 7808 990604
8291 455 1498187
4345 274 1746086
583 2577 277113
7518 3179 1915386
6144 4322 1362807
4598 5768 512675
5866 3266 2208899
8554 3990 79265
4756 5716 1162041
9367 4475 2844879
9180 6950 1470839
6340 7779 114681
5937 1438 2113761
8576 37 192207
2325 6377 3494856
6199 9851 69278
7472 1717 647980
6700 5876 110944
5713 5427 7333
4652 5740 376559
309 3081 6516638
2070 3940 734084
1764 3716 216985
5971 2265 1888988
740 8948 553302
3011 5603 483018
3682 3097 1465692
2892 1630 2237811
8094 6212 2581302
8420 516 1023407
9143 2622 563651
9685 9037 4603
96 6496 19248
6043 5548 25062
2890 164 1874237
9468 4021 3490337
9962 3094 472049
821 9119 357393
4731 4130 3256396
5264 4265 4916601
5164 3890 398487
4591 4165 1472009
9239 8930 1113874
4461 7099 567083
6692 7279 2602368
1414 1814 2530662
3477 7934 66369
8688 864 1513629
9319 6923 134478
3406 8579 974954
