176
2258 7274 574112
6215 4368 847308
5261 3722 10471
2666 5984 1035240
3514 3159 554768
3382 2313 1265820
2891 9554 101155
3973 7388 952573
7703 5096 51128
6382 807 163279
1970 3520 134458
7440 2819 74982
4883 8586 26485
6618 9773 279056
7232 9755 737072
6090 1855 5592
2048 5756 419418
340 5964 66367
7424 6757 59257
4266 6907 1417602
7275 2626 1772075
6742 2371 694752
7190 1266 377865
1750 2852 8079
4853 9401 1307747
4022 6835 122034
3852 6847 588921
6981 1238 366745
9822 3621 669314
1721 7048 446337
3187 4135 932201
7494 4734 2467407
4746 6108 37352
4309 884 182077
4995 4164 159224
2856 2642 32416
4531 9448 282626
4752 9288 990651
1202 4494 28225
5297 3771 1106125
4220 9788 786401
3159 6051 589424
100 9873 47255
4305 6452 27711
6023 4310 46632
237 6381 312997
241 2597 818953
4918 2220 5075992
9246 4220 1644343
2410 7354 383710
3207 8263 246035
4252 288 375670
778 1666 59947
7310 2045 196216
8792 632 435863
6539 6434 29203
4131 6082 2364421
8642 8656 1003913
140 1366 9449
7789 5637 671675
5805 3514 560337
3587 2907 383137
8246 2086 411047
2443 5975 1326988
179 7828 83141
7598 5545 643413
485 5076 1447204
7430 362 2403
7393 4898 436826
1947 8971 511934
3183 9080 377421
5482 6064 1078472
5982 5179 160553
7721 761 561940
7692 9456 91499
2942 5653 866
3183 2708 175056
7844 1777 487046
3207 597 233114
8464 1211 354836
2522 3129 144335
7813 7368 413023
958 7236 687967
2648 9508 1694671
8185 899 372717
1837 4164 1451771
3088 6180 43203
724 1080 188949
2194 5052 304913
6831 162 1273908
2113 4998 132988
4060 9631 497407
7895 3507 418585
5910 4439 280352
782 8939 36108
2893 1207 608507
9235 3321 118872
821 6401 269587
4202 364 1482981
8329 5640 181605
3150 9853 1582243
9384 7584 1307455
2732 9014 260374
5213 5185 32081
8036 7426 539274
8205 1355 189344
418 3522 127087
7790 7341 1069989
4146 2098 112964
1270 3952 860646
9994 7662 500534
1844 7257 117385
8102 8118 268402
598 534 142590
3059 565 127646
9153 1380 828922
6208 3377 193617
7560 896 245525
1322 7144 326118
3542 9577 69007
3323 757 659996
8997 1602 38740
8295 3484 282862
7764 2211 685419
5127 2326 305629
1912 661 109841
7424 7413 971173
4520 6573 1549406
5888 1779 1228522
9941 3850 124899
8663 3745 80367
6406 4863 301788
2610 7110 1006031
4746 8992 551983
6622 2993 535362
7158 8809 1054791
8226 5602 1933790
1810 4394 404056
3807 4269 933386
743 6402 102845
427 3273 1374646
6356 7951 161675
559 4620 205889
6254 8206 202588
9220 7721 573361
2406 6667 521624
4771 6390 856516
3778 1340 1246336
4813 2719 614125
9236 5224 980181
9731 7766 164199
7254 9535 810249
7542 8797 64318
4930 4060 64614
2495 2635 799352
9474 392 60427
9297 2759 1020689
6011 2944 70003
2495 3030 120623
3634 545 97919
9067 4749 809443
4341 5294 580751
5632 1312 18877
6719 1509 1486080
9682 9390 320907
8151 2834 544234
8503 7631 587051
8757 2391 828311
2728 3243 650518
1482 6937 645243
3251 2048 778018
282 5396 3286157
5456 4428 659202
9066 8742 171503
6026 5707 177965
1674 5168 280509
