129
6405 2851 236609
3399 8842 1282326
9326 7587 856770
6798 821 1607239
4257 851 1055836
2990 588 524803
2859 8360 229560
3544 201 2344681
324 1266 1436666
6104 4475 206440
1307 784 317278
8400 9991 569351
5876 2219 1123118
3822 4135 1633330
2909 5281 863626
2289 300 2192266
2308 6995 105586
7980 8440 286922
184 2506 3368128
6979 5762 1619754
748 1979 201684
3267 460 1123545
6237 8341 181150
16 1126 491211
7031 4957 309086
4529 1170 123221
8561 9092 158681
925 9999 876298
5661 1258 10291
1114 3887 92725
9222 512 728842
7708 2296 1264006
7472 555 130453
3894 3453 359362
1527 2387 1170390
2922 8827 535521
9835 9440 1053031
4236 201 1378622
4375 4222 605008
9759 1328 735014
4888 3507 616314
1810 990 109902
3704 376 838076
444 2895 77784
6028 7304 63964
8617 587 238588
9008 8062 1565612
7481 9578 56744
7445 3014 9031
4563 5950 1030501
4670 6335 222528
9558 7921 1460123
9132 4714 227806
803 1133 991029
657 3806 80233
7151 4048 326187
948 5144 1238923
8142 8113 483288
2773 3382 466350
9743 9791 822114
8356 8291 453362
2465 6568 799762
5044 5088 3381143
5241 6550 1156192
1394 4324 1249049
5125 7678 461344
9 5245 828335
8128 2164 1001802
8034 426 1602026
6840 8225 299924
2422 5525 344992
7485 5807 340158
2285 5538 573970
6023 571 837601
2452 928 26068
887 943 416813
3618 3165 372167
1563 2529 647096
8890 2815 116575
2689 4848 166605
4666 920 1236034
3074 9249 461330
5831 5701 135318
8477 4078 2006930
2403 5882 304336
9033 414 421145
7294 6085 703151
1581 9322 723252
6570 435 581430
4303 9514 461955
5156 6406 183485
307 3796 2542589
2706 4983 175606
117 8370 52261
2175 3390 558972
1704 1601 27324
656 6573 662318
7163 5130 107901
9623 7417 555777
4045 3397 622629
2927 2844 669209
7195 8796 632286
4366 4612 478920
5715 5473 445874
5128 1254 1841976
2362 6968 999165
5887 7878 2769508
4142 9205 2151720
711 9805 1549280
8128 2369 67349
5666 7 548613
3548 2153 1006112
1648 9917 1145832
5901 5402 105674
2997 5802 6347
3638 3780 1464485
8842 838 59093
9906 3573 182193
6127 8567 2065052
9583 8690 1605705
1083 1304 756799
2100 4217 854080
146 7709 1758547
3547 561 258394
8036 259 2308508
5584 8287 101114
6076 1496 375822
4863 5981 1372744
6229 9633 507345
