88
7637 9788 2729307
667 7580 45290
5899 443 2893610
9101 4710 57813
6290 3362 623401
6110 9232 740265
7893 8790 1875485
3875 2296 2308581
7164 5262 283248
1380 3693 1264844
8056 9998 667958
7122 6597 408795
6618 3778 761389
6257 5840 220541
4975 558 427575
9943 6042 1824360
6734 1301 345202
8152 4931 2349669
6972 6157 3255667
8688 3562 112881
8347 3285 416788
7255 8129 776979
7809 4645 1729895
4605 1200 236366
372 1304 1121334
2653 2419 806784
4870 7104 76283
8494 444 26542
7518 4825 3144943
7746 8004 519447
6591 2230 17227
5120 8032 146197
6797 8550 2132139
6070 2672 1027108
3914 5842 998169
3122 7965 2771474
9004 1304 1845426
3754 4797 1295121
5382 7488 134776
4780 4426 680061
6113 6162 516979
1600 2012 237947
4132 6554 436271
3724 2207 2844565
1537 3553 1955634
5253 9693 961125
4904 4502 699745
1325 2387 1155414
4576 1045 483389
4473 1687 344899
6552 4455 1225566
7965 6288 363226
7737 5463 14820
4013 5219 1477544
1837 6093 601994
6392 6589 3390067
4601 5078 4932719
4135 3960 114036
7285 9074 30865
8453 3237 2534027
8817 8223 181346
7888 6326 406980
4496 5682 1844114
3549 8081 91664
523 3238 436691
8973 2115 2005492
9205 5566 872255
2291 879 1470805
9700 9897 214719
9885 6394 1904162
5579 7549 3145650
2295 6885 38659
760 2996 1047156
3477 2692 1566750
8434 8091 1695442
7419 3419 291046
3644 3096 1907625
2841 5765 853335
1199 5721 1734285
5082 9595 1056447
6477 9104 2585059
2692 9509 201874
5393 5106 1054672
1150 6542 120884
1248 1383 3265274
7730 7078 475503
9185 7152 1737664
4352 8716 374675
