98
4675 5724 2181475
1512 8027 381400
654 2983 638457
6718 1577 1221240
3565 6505 46504
3329 970 543898
860 9322 963958
7779 1755 1141605
9712 2791 1319891
7484 5608 1478499
3915 7378 587263
9922 1900 3597681
6067 7061 488296
7303 512 1945822
1026 5408 548412
9260 5849 824317
550 3562 1689908
7453 2855 415202
6475 237 73773
7348 4729 379522
4714 4200 2414519
7078 3720 1191602
3089 2497 733015
3398 6025 320182
7585 2871 695515
9034 9370 128872
6248 8050 4185571
217 9002 58311
8154 698 1072733
4819 6235 97852
7614 5969 1652910
8008 6838 2122873
8416 1471 465232
9944 1129 961256
9018 6972 2296363
7131 4163 2961613
8919 1663 87510
8744 4055 280655
7318 2947 831237
9429 3198 369948
1726 9711 506799
364 2493 30014
1704 2252 1455668
8656 2203 1682790
9841 1627 742672
5940 5364 64160
3946 365 3126868
2476 3735 317039
734 5024 1028170
1842 8702 1077063
9755 5463 2452358
3346 3845 526240
1471 7414 724200
1385 7430 3222012
6931 6133 3394743
6340 8972 1280248
6927 1644 360610
1343 3459 164383
32 8467 257256
7284 4155 636449
3221 9477 711230
6685 4879 1250744
3434 1275 223100
2071 4814 1806
3913 3928 1544287
9070 7109 1112021
3167 5952 143486
1797 2155 1458720
5104 2515 976906
8398 4984 205906
7473 1301 62858
4640 9860 978271
9135 696 293020
5422 7270 1042626
5262 6861 1582138
8165 4022 129780
2927 471 2127010
6778 777 549984
2811 7533 247774
5620 8976 773742
822 7399 1619536
8015 7793 2432506
5151 2786 747455
9903 8632 704336
8129 9051 89698
3194 2211 739286
2716 7465 1254004
3270 2308 165318
7370 1172 660759
3579 8276 628837
8193 3306 3223418
4325 6134 1363895
4177 3536 619386
444 3823 621645
3968 8498 80355
8362 7015 909257
5316 2614 1499268
7574 3148 780998
