129
4372 4418 664750
1187 6540 271237
1955 1081 513554
3915 2116 73860
4071 1313 1698186
9843 9171 193078
9702 6606 639762
3071 8808 1543066
1228 7820 965640
1143 7713 505271
8739 3287 1016051
8039 2192 2558099
6501 2671 65818
8174 7497 1637927
1186 1947 166483
1666 2061 602944
8345 636 76531
9120 6934 554321
1380 1667 137176
1898 1730 367569
8481 8658 1247286
5588 468 335585
6589 3295 522596
4470 4026 981494
3131 7258 427948
1348 3657 197847
5596 5343 911651
6017 1637 131449
3524 9282 227661
1650 7982 51308
378 9632 353398
3324 5044 882882
3329 2905 208225
8181 1349 965223
7696 5667 211243
6897 9181 72911
4726 9096 1097508
1408 7050 2124249
2745 9860 44301
4644 2496 81580
2884 5328 1437167
7372 7332 3037201
5382 2503 4115000
841 8433 257609
4307 3422 1334703
6459 9173 1258721
7617 9542 370794
4267 2346 825500
7658 9245 1855789
5455 2066 1105803
8673 9067 92746
5826 5316 361184
3964 6077 226264
5382 4550 488362
887 6766 457380
1395 5197 685034
7028 2224 496035
9732 1199 513677
8246 9880 104857
757 5662 649602
7053 1820 1180700
8391 2655 304121
730 6809 3064457
9445 8111 433099
3337 5681 607090
7640 9650 755196
1022 6729 342752
2792 3582 1081270
5813 1480 918568
812 6025 1140168
7238 8476 1019826
7430 3773 894630
9156 6048 156977
2664 9607 71520
5535 4828 2236554
4977 4052 269074
7578 6317 1766924
5150 5588 165179
7859 9419 898926
8482 2334 1729188
6508 6322 85742
5794 9646 139764
8823 9159 18468
4168 3408 1985250
8721 1850 1213200
2296 3636 541988
7697 604 1147046
9695 5771 80187
2430 8899 5089
3677 8850 1105584
2059 6623 389262
934 4997 122506
6555 8565 120337
1932 145 82732
9957 4322 103168
5006 8405 1058318
9287 6300 1622909
6486 8666 670440
6014 1789 1085634
1657 6730 2147037
5544 6337 14860
6253 90 2130870
5212 6807 369957
2556 2859 874119
6683 3316 1238304
588 5968 668117
6207 204 921940
4233 9065 84823
1436 8438 1733632
3169 6962 384770
2280 6946 2059906
8009 1263 790605
3246 5576 243901
3699 9521 442855
241 2825 275161
6459 259 1628176
4162 9224 94989
2236 7027 1320410
4550 4207 677296
7939 6078 254915
3594 6133 157092
9449 4310 164676
3332 3166 1030319
2455 1741 818417
4904 8760 491878
9329 5874 1084384
7126 2342 63192
2620 540 900342
3948 4991 1318118
