59
5541 4260 59014
241 4085 379719
3703 6415 551082
4484 9026 4125144
1633 5940 1450159
8501 964 772781
2666 1017 4716584
9709 6079 478876
1651 8390 4786211
7460 962 509612
7902 237 5670972
541 917 1869432
4496 8528 1611923
2439 1920 195325
2048 8741 318149
1935 1202 457501
2715 8458 1861301
3208 5568 238552
24 7603 1766619
5747 269 202415
7883 3380 93593
9682 6374 639776
4989 3389 493328
1132 7245 6608989
4946 4832 657579
523 9153 2164392
3607 8994 789742
7326 1003 5445955
1231 7583 7065308
7081 2201 1893358
172 334 3395120
5842 869 946144
5058 8081 3385143
4641 3235 3683842
1566 142 1865613
1763 1357 1002724
4619 43 184948
3704 2905 157060
7546 7285 1122496
9690 7931 807428
621 4215 1606356
8937 5648 198286
8759 8854 786101
8682 2775 2350882
8923 3320 196929
6267 2975 221796
5212 9305 399513
7962 4314 5733500
4269 2227 530863
7434 6896 2608089
1365 135 1832730
5712 9531 475831
8967 50 3519965
4843 111 305736
1668 1844 83269
6483 7868 2998569
7302 8779 772974
6008 2409 60459
473 5105 894243
