169
8302 1902 318445
5994 603 1012746
8999 1801 209886
5109 4453 938103
2732 2552 177837
6017 3869 761035
4571 273 381589
8786 7092 440220
7445 3228 161307
9673 7787 24508
8965 3101 258777
2298 6754 550920
3580 4842 637010
2207 7885 706506
611 2983 15562
5879 8228 88488
9104 2 636448
9110 3426 818152
261 9295 1471533
9861 2962 1036070
254 1018 1842579
3778 8898 401120
6940 8568 455590
2991 4812 265676
3148 1399 522004
6405 743 986020
8790 4864 364686
2262 4849 303496
8521 8479 327177
5663 978 990029
3402 2422 201186
5993 9932 1121799
6471 262 1032282
3021 2647 173089
4342 3768 859190
7230 6738 1650212
7998 1779 922986
311 9493 997395
5602 2102 52103
5789 6433 632486
1774 7281 132706
9930 5012 442010
5361 1105 116450
4189 7033 252323
6447 1469 556138
1130 6296 853203
3477 6840 47455
9830 9910 510348
1911 5367 630145
2135 2919 938017
4026 241 312529
6702 2045 3055536
9801 4306 1017648
8054 6903 52283
8637 8414 338929
3577 9492 292678
8155 8619 349488
4841 6367 30462
4016 6136 439550
2336 3519 1021918
762 2083 1801
5196 7455 432266
4251 8381 413492
4389 818 280350
5526 5043 170937
5031 2551 1404022
1035 1023 1941177
6510 5080 266778
6484 4008 451646
9681 8436 188959
3724 3069 1210461
651 5417 347457
7605 1249 147549
5050 2217 351511
8996 7607 518260
6990 4028 19480
3946 734 1368630
9575 6245 404319
9064 9327 669180
3046 6575 196593
2916 4162 64032
7800 4512 416307
4917 4589 607978
8980 2170 426356
2363 3475 304430
1976 8752 482066
4158 6554 196984
6541 1212 608093
942 5017 655766
9662 965 274135
9832 7495 280872
4998 2759 51275
7037 9049 1811593
2817 8591 200201
8517 2238 808637
1992 6329 722757
4905 5631 291270
9759 2663 175081
3007 7712 236541
4558 2861 815977
7437 2187 678960
732 30 128444
3016 6875 90972
1500 944 474283
1673 8395 890584
2762 5353 32471
8676 873 1374394
9581 9784 106499
166 9850 85854
7438 2187 117635
874 6636 1104546
1225 8747 3434431
7563 9358 336851
571 9244 13378
5642 2448 106550
7896 4922 1722440
8349 9684 1190361
929 2759 311759
8874 4115 1645141
3036 5422 692654
1075 8329 688022
424 4955 705611
3023 1209 1227956
4389 9304 437709
2866 6030 2123730
1559 7344 100440
7054 1714 312891
8397 5789 33230
8051 5060 96516
464 1368 12607
1630 2768 738749
6285 6823 303994
9903 3775 392161
1253 5413 153357
4553 2028 420058
1730 9908 25105
4365 470 788559
5425 6162 287420
5280 2575 102411
172 4360 1099837
2699 9703 70884
217 5709 233290
199 1413 4600037
4209 4293 270909
6174 5828 21758
1022 7199 753968
5514 7382 24945
1393 1031 674978
7434 3011 1924797
9887 804 843601
4706 9907 401703
3949 1393 704064
8992 2406 999687
8857 3591 1006041
2344 5990 331257
798 196 231158
8727 3746 1814694
2837 713 697391
575 3404 107783
5391 3292 453059
1325 1009 390682
9365 6304 213891
6489 7018 13106
2739 1683 272573
7135 3663 373273
620 6128 302178
3130 4214 226926
7716 7352 841924
5776 9710 259591
