93
5571 9600 1411193
9810 3646 1915188
5432 3121 2651964
8536 7853 2753603
2148 4395 826374
4087 3475 1195500
3861 3866 6147731
4571 8216 1363349
4148 68 71872
2382 8196 923043
3734 8704 273545
8626 3107 1313265
9298 7234 422537
4912 3472 30271
31 2445 904922
1784 9568 609427
4674 6197 1234590
5528 1761 509745
9041 6315 834203
7299 46 1196284
1754 6038 121446
1913 540 556026
4087 8060 465207
9630 784 314068
8958 433 1609631
8991 5212 2290367
8449 8654 2377090
6741 1641 577522
48 1173 802781
1205 1474 772117
5170 5892 4407904
2463 1617 33235
4235 2135 1046837
6980 9704 1610889
3864 6392 705250
3342 7209 137180
7315 4241 603812
3980 8834 2272423
4097 8236 405572
9615 1521 1732766
5088 8015 774336
7896 8697 1273210
1104 5506 490161
2692 323 721624
3184 1604 182129
2839 7480 882075
1842 9153 57549
1297 8731 953181
6730 6998 2728758
3975 6169 1193086
9476 9944 122833
9736 5804 82469
256 4707 986467
1198 2433 2953558
3446 6209 114256
688 6220 546925
4236 2457 48696
6318 1422 241397
8047 3692 1079424
8017 1339 1388407
1170 4957 2761470
9825 5431 138107
9236 3168 467484
9400 3326 791558
6935 4576 836012
7770 2667 2169924
7086 5182 1311370
905 8698 1169903
3727 2558 2504167
4743 1203 512057
8667 9270 42803
3594 9899 2483576
6621 6514 299465
4558 1988 188678
6396 4564 1092731
1014 8456 1857731
9952 2095 289015
6841 7404 137920
7149 8303 292290
7563 6076 650616
671 631 2649147
166 2249 1758942
5340 8332 67959
641 2673 1570457
3143 5761 887094
8523 6190 506873
8814 2844 3428855
9574 7920 718295
8553 1049 213110
3086 4802 1041971
1608 2017 222724
5156 5596 645572
5299 1231 40854
