71
8303 7256 1280420
6266 1427 3146787
7373 5721 561265
7591 7937 1639990
4803 4595 421734
2157 825 275721
9412 2353 1110933
8131 1233 3169401
8934 1932 1373732
1271 5933 3360746
5158 7113 1912544
2693 7621 1113186
47 7030 4530945
9060 2554 3669386
3535 3259 80162
4849 8554 2364816
5932 9603 342917
2443 6846 296932
2913 5797 1435148
1240 6842 178199
8285 894 3217892
9161 1067 2315159
1164 5384 197120
289 5175 93636
9711 9020 173323
5324 8737 2150772
6092 7005 2780242
6472 4377 612093
8625 5828 1271600
9652 1964 797881
4769 8867 1890056
9131 2487 338815
5991 1662 3009162
4651 1319 1184856
3548 7990 1235401
2140 4222 345591
1683 4500 527006
746 769 1994871
4752 2209 1593444
6132 4922 1737944
273 4264 1876762
2188 9212 422376
9626 5637 733680
1990 484 438482
5458 575 164254
6453 3747 354434
5264 3996 2531657
4766 32 1772897
4875 6039 2116762
8094 4473 637008
4386 4165 1368602
224 6267 813832
1032 4422 593467
3057 3064 1010442
6237 2698 307434
5557 6072 2419647
6315 4424 1473161
6974 1086 2605957
8687 2957 1304503
6651 1806 2456058
6985 625 3681919
1256 7622 1430631
8281 51 1367004
197 9221 727146
256 2969 2887283
238 9700 1317265
6950 8930 503561
7595 4558 1208879
5345 3089 821747
5423 2415 42608
2545 9390 878714
