101
5240 9512 2230850
9988 5841 2591195
724 6804 1062656
5738 7697 1373213
2777 1121 212742
1283 5469 865881
1207 915 234853
9408 9453 707004
7340 1449 3757815
8322 5331 1656217
9596 4103 1502455
2683 3710 939542
7552 3219 704301
8123 1395 1362085
7600 5971 2845157
2434 4974 1017708
186 1870 767568
3912 3807 1891838
1418 2926 2234967
8443 1618 221392
1952 1389 56212
661 8255 1951247
3973 8662 52848
8692 7778 917720
8208 5445 415187
7067 6706 895552
415 3932 1027822
7304 418 121497
405 3657 806671
4507 8221 1237862
3000 1101 2646897
8097 1413 2415999
5461 1327 1348737
766 546 323531
5824 6176 2711003
6213 6994 445372
7933 7619 304890
1881 1731 55909
5151 2658 322479
4428 3554 124014
8601 2985 268349
7210 9965 1435419
115 6612 552519
2854 8504 1277445
6541 8938 983911
9677 3029 208000
6863 2139 457766
8258 4369 407292
3636 6201 1522847
372 2974 796962
3426 5076 2275918
3856 2132 100939
2994 510 716380
8754 3694 40170
2715 17 914237
5210 9665 1061079
726 1932 1055344
3862 9136 1415134
7268 5353 118296
7258 4458 366507
3825 8992 908784
8053 9062 910616
8077 871 536216
9589 7318 1436991
696 5277 438944
1708 2961 262229
9224 855 269496
8439 3033 147832
4916 8329 1254642
3203 6282 271808
6657 4204 481377
2235 6097 695527
828 8311 411510
6267 3082 250579
8714 493 1666072
3335 8740 599047
39 5564 2072406
3005 5961 228997
4866 7953 3152281
1970 6775 43878
943 2066 239680
6250 7723 640532
9624 8165 1549980
105 8525 1810273
5384 6490 1324469
6482 3526 70056
8380 7205 2744219
6946 9122 1897954
5243 6061 986837
189 6596 82214
6357 6244 1151399
2595 6164 70074
775 8620 432781
82 3493 2023143
1222 2677 101947
2018 3371 1024239
6473 2842 826559
4404 7979 2403692
6365 3606 1158248
2196 7972 31291
2017 9399 1055779
