89
1726 3399 1502997
4861 595 2203359
4788 2107 547219
7759 2833 705451
8342 3391 102354
5464 2219 2285377
5717 4806 101008
9939 3709 1441753
8234 7517 2192762
8047 6295 2007269
6317 5450 1501618
8334 3691 7936
3317 3041 7903
2739 4603 488983
3706 4505 379064
5672 3661 1678555
6771 3919 3576250
974 6406 2243295
2300 7664 3122746
4759 8026 1325687
6529 6169 1067727
8669 4078 604256
767 8282 47744
5618 1784 176079
3443 8830 2244848
6828 7493 580611
7394 6759 952324
1684 3716 2620935
5626 1961 3168354
240 3762 3423936
296 2295 2636240
9519 242 286618
7596 3073 306518
8312 4224 2032636
6729 1266 109736
3977 9791 326070
9062 8642 238276
8460 2316 2578542
7956 8896 3033178
2923 4328 1702819
52 4275 323670
8352 9528 249639
8624 6853 431920
5635 6209 1499712
4650 6144 885323
3838 5517 232353
9657 3433 471678
4783 521 509310
953 3422 196673
4136 8646 1324566
9094 859 434952
1456 1650 114824
9500 9523 1211456
6045 7260 373010
294 4079 37989
633 5804 2499888
1616 6700 903796
9091 4111 1726802
1328 3074 1694287
6061 454 598238
1649 3069 234405
2969 2259 1220081
3771 6876 1146671
5220 9389 2250590
5457 9944 1861778
7405 8331 142228
9332 5485 1065710
5712 9949 484292
8362 9151 1196597
5720 2290 1133674
9645 819 1627777
8767 2944 522705
294 1288 1174512
3100 2547 2020984
8328 6039 296385
7458 9033 1425835
9578 7454 732659
9386 4728 1003689
4793 2265 2061822
4972 7749 181696
6018 6771 54813
2111 2848 635696
9801 4661 1037022
1620 9581 945649
5341 7956 1779812
1067 5328 509465
5520 8962 221912
822 68 103445
6645 2621 1648977
