174
172 9551 404807
3367 1481 925461
4934 3389 43995
2311 2667 971781
5394 5781 918544
8779 6515 485033
8109 2116 164101
186 1558 581028
2003 4210 264859
8938 8837 342495
1658 6292 832385
962 5046 1130123
2738 7864 270439
9099 2551 354365
348 5322 385816
6239 4158 100631
6682 9002 65125
8519 4692 1055420
5254 634 109648
915 6998 1013131
9640 7495 429093
7112 2225 944102
2257 3044 1142457
851 4796 20201
8347 1028 205386
4839 8704 1299083
7387 577 397546
3164 3026 341606
290 3488 205275
2593 5922 2210888
6356 5740 231045
5774 6338 47654
9126 6585 274563
5956 7868 1273158
7623 6415 663857
1923 3067 1063910
6195 9815 84402
2425 6717 153473
9058 8112 264585
6494 5887 33995
4011 3542 288591
4270 8338 1404923
3934 502 1011313
3130 934 504354
5716 2836 306297
6533 8396 239923
9492 320 16477
2983 3192 1571743
2493 1843 383765
1990 4167 237146
6278 3335 728286
4827 9164 26283
4231 7258 296668
6596 7316 870199
2729 8080 40973
7943 2606 615973
6201 6243 919657
7653 531 884971
4278 9834 314370
5668 6909 254777
6267 1278 395795
4891 9923 182528
1274 558 671382
2731 4623 9438
4090 4171 124313
7376 115 707799
940 6317 214758
2628 1819 713564
3028 9918 1205341
5019 6471 286069
243 3940 380554
3703 8699 560623
7625 1144 176580
2525 3130 645874
6592 2085 719671
5602 7606 470488
399 2723 3276612
6642 3182 2902657
6501 8524 237581
1130 7776 105432
5283 1844 542307
2056 8137 392285
291 2089 1948743
8947 2656 163609
6772 8616 684115
676 755 467468
8744 8143 1279436
3448 3557 127505
2585 129 1273165
3205 6919 121945
5110 2184 332924
2387 2518 291692
7331 655 132447
471 8058 28818
936 527 393942
9976 2895 378276
4161 2319 1356753
8025 3041 263407
3622 6550 202009
7577 9978 357761
2417 5668 1028444
7326 8519 1020269
5978 4810 2419540
8866 2315 115944
3335 3525 78357
1881 2170 241413
5135 3464 296581
3176 4552 475767
7116 7529 16407
9924 1504 462406
5578 3040 288780
4902 3827 977619
86 3099 106295
8023 9037 64741
8921 7446 144959
6355 5196 633193
8983 1011 529501
1602 7626 700621
2495 9243 232606
6031 9395 55616
564 5513 1089137
3543 991 923136
9089 7124 233555
3735 5878 419188
6663 9651 633379
6333 4427 89440
5993 717 1460275
8222 2648 199939
3154 4348 988470
1560 6161 84315
2223 2811 240894
4926 1425 1566479
6049 8377 3411387
1322 8069 3719
7520 4201 51410
9935 2270 301960
3111 9194 850488
358 1159 412701
4703 5973 24130
7333 4693 984400
8891 7983 167286
1511 7461 698137
8439 8359 112170
3137 8244 71049
516 172 246740
6361 2814 789977
4623 7466 564716
9503 1940 49649
5154 6867 61021
8779 1283 1098508
2604 5161 2000716
3838 4411 23544
4646 2802 810216
3336 8800 179405
7486 2659 963823
4165 5432 812915
8742 2412 1539064
1879 9333 924066
2589 2791 646985
4305 4489 1380219
4676 740 262023
8731 6599 205037
856 9705 422093
7231 822 572034
2276 9645 1286556
7441 6292 346380
7986 9783 408039
2280 396 718874
9829 6557 82513
1147 3518 504486
8295 2159 291659
4405 5263 212844
7566 9848 206733
667 5 135241
