103
8417 9842 2539775
1586 4961 540801
8901 1495 1379816
5055 2685 779483
6218 4542 1676666
7291 1323 368796
9111 1280 899414
1746 1830 502570
4546 6475 533883
4053 7913 3447351
7386 6703 417697
7495 1911 474701
9225 100 707887
1563 4795 168484
9266 1555 526169
4076 2757 79634
7122 2495 2055256
2666 335 952501
1146 4624 35338
4219 8925 224480
5897 2360 1499430
6984 7060 2121955
5419 6522 388303
8797 7147 1297258
7217 2822 893603
8271 1821 1031985
2339 6576 420671
861 9460 93837
3284 5095 564659
9681 6391 163368
9409 6615 17180
232 962 1897732
3399 4402 737970
2270 2780 504684
4696 9513 1360371
2835 1057 1073713
5078 5274 227668
8509 1684 157234
2024 6958 492069
318 9145 587566
3476 5224 676012
3140 6697 1267189
8931 4137 155062
7685 1660 217154
7440 4939 9550
3591 8423 1320399
9159 9301 699107
730 2562 852094
2054 3057 2228320
2849 7307 630007
2630 7651 528205
3524 3045 1340336
8191 3875 945091
2174 8171 4186114
8933 4586 748789
6429 494 2941404
5041 9085 1742792
2375 8140 2558848
9772 5946 2619194
2091 3055 538661
5448 2066 5258273
9030 7443 1817468
6727 3291 3529301
3778 4564 140978
6586 8943 130818
6231 5662 1539599
7553 396 1294058
2209 6280 189133
7695 7068 97382
6097 3663 994516
8326 4670 151721
8710 9312 735491
6789 7426 186809
8458 8323 117298
1577 8890 1944603
8852 1172 49182
2687 3909 118587
854 7952 662272
3486 6983 248948
363 2152 935577
4192 9392 60093
5230 9799 93962
4547 4261 194453
2121 2979 1125275
4952 6991 1036568
4189 4035 277692
1537 94 978938
6560 7219 570373
5921 309 2129525
2642 649 1027718
5239 8776 25658
9543 9943 660736
2310 838 725021
9568 3221 2221473
7980 6607 1589714
1101 6003 1443604
7954 1817 611620
7403 6480 2191074
8191 6078 79081
5579 5498 139845
2517 8832 814359
8631 8820 1664933
132 1031 149985
