133
1991 5074 1112789
2463 5663 867738
8096 8689 1917208
9997 5942 320049
7576 7748 43345
2318 7598 168265
4733 2855 2016096
9213 560 108461
5333 9591 214014
1592 1658 1005483
7918 9941 1503230
7740 5485 1901856
7611 9298 11163
2038 4944 1490360
2039 1289 694697
1578 9078 152741
4423 6875 504494
8642 3817 1017414
3702 2492 248164
4729 4376 553825
9795 2881 371337
5841 6275 81696
8063 6559 1156838
9798 1680 770710
4503 6954 1474574
8680 7265 123379
3006 5729 970170
4977 1702 323881
1237 4909 422488
4177 5092 48769
5400 7319 1973729
7088 4238 389469
805 1014 362707
7737 2401 73261
1360 8550 934696
2472 6401 835942
2150 6565 333824
2153 9243 1259622
9750 8712 453036
463 1337 1120544
515 2263 1712726
696 2762 1114633
9767 672 938079
5186 9048 997607
3792 6018 513832
886 5593 507030
1139 6152 572776
4181 5708 446840
8432 2467 3710671
9475 6654 1007848
3927 8044 4668712
4993 7412 508227
5856 3548 122016
4546 3693 891239
5531 2811 222626
2275 2670 48515
9249 3356 227862
9644 2981 59278
6347 3103 758651
8294 6800 342964
738 7290 732983
3541 4140 623439
9128 4946 4135874
7031 9399 1076784
4994 6251 1708795
2453 6713 270362
5630 4204 569891
3421 3405 250931
6965 7092 339822
140 6609 376809
9319 2649 307984
6099 6209 768561
8061 3786 1120659
690 1401 698236
7492 1766 117759
7497 437 295764
6338 589 258803
4642 2590 616202
2116 1922 159184
3830 5058 962370
1860 7104 1164850
7159 9802 40577
5799 4086 373168
3580 6906 323084
665 7405 266346
7353 2049 881371
268 7640 303992
7936 327 686605
6373 9625 729973
6306 6614 1056045
8520 3270 947630
7357 1226 151623
939 4073 1028121
4624 5762 595905
8488 4658 754191
8777 2765 346713
4318 7628 513188
6301 547 93478
2789 4742 264936
9632 832 337913
6989 9744 160017
2376 1209 506027
3125 7342 233306
1681 5403 140394
1207 4660 141834
3923 1816 63514
5893 729 1550041
2655 9222 146309
5788 1596 786925
99 5837 1169290
8327 3457 3273301
1371 9667 67272
7335 5197 473289
5620 1830 27876
3589 2215 3332270
6035 5647 137558
7006 1773 1372093
1167 8832 501796
7 5692 183548
6574 1627 52136
5387 145 1018227
4969 3627 594280
7068 1605 397049
8131 2988 662670
7451 310 1800564
6626 4254 104480
2626 5917 591233
5730 9577 582333
3785 367 818221
8130 1836 1854574
2602 3099 369251
747 1912 134218
9318 890 1798987
