130
3838 1748 862286
9233 9232 851334
4195 6036 149929
9296 7296 1950510
6330 2347 18345
2511 391 249663
6558 3292 740252
8040 8125 967618
1977 8598 1531027
2712 824 391257
9002 8823 238915
8471 132 51014
87 7853 170400
3418 9765 1330949
8640 1042 1584117
2103 9854 690939
3510 1229 1105104
7231 8509 278330
506 2578 680682
3391 1756 803134
7970 3292 1116416
9333 4226 708747
3771 5706 444164
2908 7623 176543
2944 154 445309
9130 188 111641
3703 2022 3249575
8508 7442 812539
7274 2339 1306568
5612 3914 142959
4239 1943 2589054
408 5055 1105223
9540 4240 309763
7870 9061 699739
3470 446 2114624
6804 3939 281884
4868 920 759414
3920 2740 535532
6010 7069 721925
872 6562 2259309
5297 1855 1087850
5847 1928 2059104
7132 4593 566691
8672 6239 371104
414 5853 139033
1197 1581 633368
9503 7678 75994
2304 641 191211
935 5794 352113
8119 2093 1641530
4022 9187 24856
7718 8669 713832
9638 5108 915408
6462 7104 101034
6723 4489 61745
3476 4548 288364
9324 3983 1276928
5713 1104 183086
82 9614 170145
5861 3766 187787
6351 9953 599241
3644 3434 1448635
2691 1436 673537
8290 9637 131546
893 8122 103770
2523 4079 158666
9354 2410 988041
2176 8037 1026730
8811 5318 1098868
855 2723 26162
3942 2544 648140
4194 4754 107034
7503 1243 1633126
2079 3445 2128478
3963 9502 610959
4602 903 149488
3742 4792 1405942
9146 9817 744471
7909 9710 155628
6254 3410 1467653
5685 7966 54707
1658 7572 1145191
2219 4096 105869
374 5138 169973
7709 2573 300582
2144 8715 1657527
2886 5364 2149487
569 4258 651741
9004 1805 53944
1368 5900 721477
4661 3709 1496899
7854 9585 458482
6131 4155 450973
5614 9880 90862
2901 4537 470681
6398 3238 229418
3094 4660 205249
6258 2 1192393
7826 1942 64164
9275 3088 128422
9383 7186 1326555
8596 464 319974
6102 5577 953108
238 9131 30149
7909 3703 1684837
1916 428 4050070
5161 803 74920
597 6912 319429
6012 4076 96379
8293 995 1458928
6825 7877 660997
8178 5531 804745
5054 6915 1115886
510 5632 2222166
3675 216 473968
4646 7976 1730319
9103 9490 289998
2074 7531 2013954
3221 5854 23677
8036 6134 66030
1168 9713 315023
1819 6072 2422522
2112 4673 329947
5878 7097 993012
9022 4897 525870
7222 5634 90368
682 9885 223956
9326 1393 925661
5346 3930 909842
3786 187 865638
