89
4192 9288 59096
1013 3439 1125514
7599 4837 1365947
7805 5098 264429
8302 1964 2439863
2814 364 1039814
5699 4505 1993573
657 8703 2744449
1574 1897 1686285
6236 1923 239101
7845 4744 219210
6093 8242 901150
260 652 222011
8826 3545 533174
8031 5397 673455
6593 6372 369091
1036 6982 553306
5446 4616 2577828
2367 4222 809983
5264 1055 414380
5268 1563 198271
6981 8879 45051
7140 2087 2863464
9262 2081 3951357
5778 5277 1100365
9209 2253 326675
4592 9189 3800095
3825 7234 1231460
9679 834 1487818
1322 3841 318491
5548 6180 2507658
6367 9701 845944
9229 195 2294989
6872 4045 105047
3881 8823 504212
9223 8399 4456508
4266 6354 2652
694 348 898646
8594 6370 505587
1922 4774 197330
3610 7517 3043946
2305 2332 302382
6711 5717 2272933
8258 1587 2031647
3682 6257 606235
6794 8491 529148
5845 9069 536934
632 5315 152089
2725 4335 610718
5295 9336 2441615
3669 3012 620812
8049 8548 2469972
8022 4225 4303423
7617 1838 11638
7665 5848 801836
9648 2253 177584
2632 5978 2546792
8006 168 1514863
5475 4532 867481
7077 40 45844
7901 4961 327777
899 4453 705739
6155 3809 971586
8041 2148 874545
5277 9957 1647208
6022 4785 254888
6743 5969 466779
6872 7484 535094
7274 2966 67790
7008 1070 117531
1450 1459 3524862
836 8691 1604651
1557 8408 2162749
8212 3444 1352880
135 2808 1480999
9868 8191 1111229
7013 5024 1364772
9903 2990 494094
762 602 454362
2002 1760 1352047
7189 3349 1505787
7207 1520 1239583
5092 7647 978185
3379 6504 348811
4651 5804 581042
5807 144 69047
666 132 75056
5451 4964 162037
5497 2833 407699
