66
4758 2951 23068
287 4692 1562555
1604 8669 536322
7897 1774 1290461
4004 5000 1889661
542 6165 459073
4939 6596 17926
1439 2453 360491
4372 3456 1322740
91 1815 864542
2011 1736 1066437
2880 2470 938615
3152 3813 1306445
2707 316 670376
5879 8418 467225
6202 1832 690182
9881 9038 3270987
8909 8359 463734
2298 10 2648214
1848 3402 483718
3393 1927 287522
5956 4392 1393472
7044 2783 457385
6692 4827 1130104
1118 3036 224872
3867 3146 1436401
6658 3754 1198474
8578 7564 406066
5673 9677 1661133
4780 6694 1611986
6376 541 3482169
8262 1126 811565
3228 8224 3400119
8216 1935 1554181
6788 4509 8984413
9342 9221 3422324
9419 5333 1004359
5533 8628 2882792
7450 2936 1336107
9094 2778 1369798
6350 509 453723
4221 9043 111085
9743 4337 7483
755 2497 1213559
8726 1921 2646840
6035 1535 1035823
3833 7481 5607030
9403 7609 478944
9264 8951 1204113
3690 281 1393479
6895 1075 1223276
5537 5956 1399759
4053 2625 2550306
3799 1592 91818
3529 2666 138586
4104 1429 127932
73 8268 1358635
5245 9173 1268996
9979 3434 263418
9332 2040 1903334
1355 2288 6091718
5231 1930 3949552
8152 1137 3537265
3736 5233 1824897
5256 8122 561365
3703 8989 1169050
