94
1527 7790 3202695
3741 3650 314274
124 617 38773
6837 7919 816645
4125 7484 566676
3445 1923 17289
1765 3806 3675913
2674 3219 4256576
5881 2880 298934
136 325 470522
5555 8675 3498294
7344 2636 2674072
5681 1669 82308
2500 2524 559848
1060 9042 1163790
3601 1979 521387
6214 9552 1196675
3771 1830 1179271
2286 5376 820729
2041 1747 578787
6548 2052 964557
5082 7711 1637111
3592 4639 281690
605 4987 477839
2715 7724 1246986
7154 4979 1000361
1685 6119 479521
7405 1264 228415
1445 8107 87877
699 9714 1631068
3386 7944 467896
1439 9472 509577
5447 797 508634
6125 5538 1423834
5175 8076 88039
9772 4043 1469930
4581 1270 999525
4511 6204 1444734
9751 5561 290643
7733 1728 1770508
5245 8994 1181148
6762 4052 1216966
7712 324 1013428
2067 1959 330704
9888 155 114357
1650 5230 1031861
8862 6333 1235655
9709 6744 1363608
6265 1588 216931
1252 7246 258884
9920 716 3165469
987 619 413246
2293 4885 1377880
3113 8302 628726
4026 6486 1032616
7194 1564 4519128
8896 3049 979814
4907 714 1654823
618 3475 138114
8399 1860 1391920
8927 2378 411495
4822 594 81476
1600 5291 1237716
7620 617 5691
167 2316 307283
8555 1174 357047
3072 9931 2719775
6520 1623 2331011
8166 8424 1270679
7754 9131 4102385
1865 5630 452453
2868 4939 718205
5999 5271 2204491
5155 4341 686688
2820 566 1406190
1852 1366 1021386
2552 7687 45373
5283 8960 263518
4087 8006 282508
9612 8334 814255
8019 4533 220091
6687 2837 661892
2671 2610 29500
1689 5779 882817
8727 2449 513763
7754 8716 273175
4851 4646 537053
8527 6480 1189663
7911 1531 1276767
4877 2123 803307
238 1732 1541384
8843 6057 2049171
1993 501 760420
6503 8998 2333891
