67
3343 6134 49576
9127 5268 218746
2217 6250 1556965
4934 4597 275135
9292 9793 1383862
933 3478 1133422
8358 1895 1031246
1127 8098 795056
2666 698 26005
7541 308 81957
956 5348 343618
4385 339 705746
628 8164 425375
2837 1884 5015062
6830 9152 506569
7382 2837 551427
323 4061 6711638
2559 4611 2515396
812 585 508810
2146 7457 1891445
3814 8155 475539
6498 174 227923
601 124 1017331
2388 8300 2126832
3468 5467 713175
7011 2613 470589
5015 6150 1897059
6455 8904 2473899
4091 7925 971665
8558 5242 261828
7736 1073 126938
7136 1900 1249969
4403 7331 1334447
2579 3083 2225903
4249 4198 1588693
5763 727 1773182
6554 7289 3611995
3133 7266 2749491
9805 9872 375535
2957 6396 2037381
982 2381 3487
4397 7161 2036603
6473 7333 3780460
6205 474 4245548
8858 3551 641766
6790 9022 1067814
8144 4537 4459801
2421 2926 442515
8792 5111 169364
3649 8765 2336843
9075 227 3940365
9873 689 1297342
1507 5627 2261766
2551 864 1476025
5423 6632 3087423
5026 4372 844911
7214 6965 1359181
5093 2200 827105
9680 1295 233033
6337 2574 35262
5193 7698 502468
5344 5445 167188
4640 3574 6937216
1389 6704 654567
5483 7728 500373
2378 2073 591404
3939 1656 2663740
