171
4155 121 575663
5097 7440 294768
511 269 637014
1906 9188 752615
1187 5685 80919
3091 3868 306766
2351 5704 1742656
4612 1305 1193935
4624 7234 630768
2484 5015 83683
4103 8045 201247
6726 2608 36268
3567 1910 401288
8174 3899 236877
132 8273 1591571
8682 791 98104
8671 289 635318
70 1301 69695
9084 375 61602
9159 4937 73143
3985 7812 1490269
7719 6198 341033
1692 6439 318918
4155 7507 109111
989 5270 710789
7696 3414 26287
9535 7898 537390
2336 814 621417
5611 7182 195365
865 967 661235
5366 4011 550557
851 3869 313997
7532 8150 25551
8994 935 96328
7859 6005 761815
7848 8988 454601
5502 9713 203976
2136 2420 1058341
3225 7201 1397292
7205 7268 1040132
737 9826 145251
8294 4652 1203298
1408 9491 488539
8883 650 798264
7210 9115 274791
7656 9889 1357130
8175 6268 339304
8931 2874 1245400
7170 8073 1841564
5088 7831 87487
2806 389 475379
7964 2987 454910
4196 8946 48685
6727 6733 1207
1415 7823 1025415
8127 7705 213444
3952 7996 1002056
5366 2131 215358
9205 8041 933045
8645 5967 185394
4653 8256 444160
9349 9246 480922
9067 2181 361006
2037 15 286571
9924 4960 107718
9114 753 1634123
4416 107 129830
6178 1376 336983
7534 5215 145853
8221 6118 196944
2921 9044 959359
1397 6312 320220
9905 9111 110505
434 9965 72175
7941 4650 971670
3676 5481 1571629
1569 7111 1147193
1384 7740 1493062
8790 3051 382867
2727 6802 1277858
1161 8773 347709
5931 8094 254098
8194 8975 275273
7145 8114 862970
8739 2291 261869
7601 8611 1339397
5710 629 993434
2432 5478 3967
5329 5189 4720087
6910 9275 666779
1022 6801 185086
5251 9512 203723
1778 284 303834
9844 2606 60721
1673 1035 1110970
1353 3421 2185903
9844 6165 70355
8483 7273 684729
7877 2364 25311
3992 1141 319976
9964 9229 1000623
5288 4003 480788
1053 73 814899
5006 6470 1121351
3363 1783 123603
1858 8618 76074
1005 1826 2663575
688 3558 268868
517 555 72294
8881 7247 1379367
8829 8381 54147
5520 4341 458840
5025 209 244533
7335 3068 799218
5333 426 686457
8906 9290 762092
7233 6788 756966
7388 5802 1208690
9798 7230 106439
6426 3570 245338
8809 5788 1543756
582 6605 245135
8916 7842 490814
5814 2979 1219296
1980 144 548006
9894 2988 1177765
8973 5579 283832
9906 831 222877
6896 7530 31866
9680 3075 203892
4703 8448 265503
4490 5971 162909
5705 4256 557296
1519 2224 266429
4573 4719 144645
7762 1961 249926
1703 7797 1287395
7863 9813 185632
2512 6401 575629
1597 448 14401
1688 5539 1122290
8217 5767 304574
5156 9681 61019
6727 7924 291227
3394 3007 424375
6521 1759 2350978
8510 4975 60691
7674 7690 925425
8068 4861 68855
977 9366 842928
48 7858 154956
9344 6828 353861
9240 7000 780898
5946 5047 76366
6174 1102 140831
7003 3787 97589
3639 258 10541
9657 2462 2033676
3720 5277 80460
8488 4729 179908
6248 2830 229784
6507 9915 33822
5955 3722 1628925
3652 111 14613
428 7354 239914
128 5246 357198
633 836 1963476
9755 8179 684750
3016 9307 544616
8698 2196 488793
5697 9670 190431
