83
2282 2727 375469
7105 4043 244282
1354 6080 561666
6609 1080 3678074
2112 7279 977022
1918 1014 3971760
1563 8909 1366649
5273 3729 571211
4291 8867 75381
4371 1751 83721
1554 7487 168446
3872 7042 858202
298 5092 259840
1442 1015 731846
4951 4519 2009472
5834 7967 1508473
1613 2874 166456
4341 9011 53085
2428 2846 2191796
7220 139 168342
232 4561 2045573
1858 9984 499811
7221 1004 178771
6048 4547 3925468
860 8814 1689233
1369 6714 3127173
6175 124 501926
4672 6209 675422
3308 1323 4587004
2092 9634 1148035
9151 8973 705851
1269 7171 914704
6267 6678 3139949
7694 2913 529397
3153 1739 677327
4286 8434 600626
6450 8573 1341258
5536 8018 1239311
9835 9940 2990679
2462 4329 1184614
567 5686 1900654
7927 9829 289021
2530 7785 904697
5151 2505 61069
8753 8425 205076
2515 2015 2026641
4473 4476 574159
1605 4806 1210189
1591 2841 225533
9295 3623 284130
2989 8521 1035224
3011 702 434617
7395 2378 4100408
970 6071 729503
6952 8410 95780
6672 1014 160766
1484 9086 1662924
1352 484 2213089
6114 4502 549625
2833 2122 647523
2031 2720 252899
9722 5892 204227
5096 7817 4756093
4533 3710 495277
3621 2559 291262
6693 2979 620792
6392 2633 1105437
584 7989 630975
7691 5579 798903
121 9767 1442054
1738 6259 2760581
3765 9172 876802
3362 715 1633736
416 8783 231593
6553 4082 1342142
355 4852 631428
6204 2614 2837200
1050 5715 828444
569 4942 1268926
7966 1573 500750
3777 4411 1253144
185 9934 3644278
2622 5132 559104
