158
7177 4304 583251
908 6388 3990266
7533 7267 106795
830 2150 8139
4229 6246 493770
5149 3337 94669
3619 6756 416814
2261 5177 709766
324 2802 464007
8430 651 367673
9646 5824 166802
4968 7205 947876
6376 7753 77358
7632 4886 44283
8214 198 63878
2419 4779 1484708
9031 3758 976671
4196 8196 779961
9732 8596 1496
4653 7562 11074
7842 3518 931569
8818 935 623287
4612 9579 107384
1425 7533 449888
399 7344 389826
2294 7909 46965
7408 4720 670215
2945 2509 824209
7389 3058 1597505
7302 4039 426238
5463 5875 250492
9986 6364 722949
5796 7774 862600
1845 1674 1348324
7781 4484 189056
3 4438 111418
4657 9894 536830
5366 190 30718
6427 6265 334831
6184 3381 87030
640 7050 620922
3489 3199 1238848
8918 2285 297920
6489 1657 352728
702 5796 399269
2517 3172 308048
3525 3844 20544
8862 5645 49362
2390 988 1480490
5231 382 610516
5602 107 99406
6945 6829 202535
2946 8842 632536
4207 5273 78185
2860 1215 512758
736 7641 508930
8624 6285 79987
9661 3644 452974
4016 947 428904
2378 5820 537231
5668 9703 143095
2869 7677 772632
9533 2121 575497
9682 7488 38588
6908 3425 685310
9231 5489 1885258
5350 3440 496051
5962 8737 142469
4139 4163 369869
4877 6948 446012
7343 7241 2221887
4506 6733 297423
6927 7680 1502865
7149 114 24276
7252 8353 477709
6233 9397 35219
2946 3252 435119
1301 710 1594696
8677 9305 180916
3100 7709 9637
8208 698 421753
6278 3319 234172
1115 4967 1753733
2928 3674 392490
8005 827 158721
6718 4661 649890
5662 2949 211310
5993 872 1013255
9314 8599 2631612
5321 7869 124740
9735 3019 9462
8263 6665 1363303
8176 9039 270127
7478 3859 205858
8268 5169 157262
3683 3987 131813
5293 2139 785208
3897 1676 435282
7506 1831 243233
7027 4700 758792
1440 4756 428656
4371 193 615762
8219 7041 124128
7501 4654 114177
2540 8303 42063
1827 7187 482624
7444 2792 708388
6700 6573 172373
97 141 398421
6724 2095 398132
2751 49 907747
5110 2631 60012
6234 2490 71603
5416 9012 511123
7129 5179 1397387
7494 2768 2951244
3104 2908 672197
2179 8468 391170
9990 1580 567226
8701 1320 475778
9153 4677 447407
1668 7582 3268611
5448 1406 1505948
7417 7998 304882
5314 8761 1090853
8296 5086 542934
7073 2000 245186
1005 7601 341705
6034 5205 26388
6949 6456 2472034
5429 5533 902443
851 1531 529245
5788 3829 798240
3450 8249 1203436
4543 9203 1518950
7272 7025 1072494
5222 2371 505473
3970 9880 423932
8064 8022 33766
1219 203 740574
5095 5032 217370
185 2626 729536
6547 4701 424741
4514 8044 156500
7476 5962 763330
615 8520 14550
7156 2983 88583
5014 8318 1192929
680 7298 262532
6393 6102 426113
2742 6806 2361112
4403 3401 1162702
3538 4094 1803961
6858 3701 1587514
7412 1769 312881
8456 49 1807566
5431 1340 997902
2535 9213 696238
