107
3885 2479 628608
5217 8286 38803
8874 7078 2348717
3479 8133 2092068
4246 6634 90934
5227 221 92932
7993 8632 1405882
6115 8962 896677
9857 7308 78892
9621 6790 1412400
1299 6262 122517
509 2985 1048650
4289 520 3311786
5593 8910 468451
4846 3530 502357
4936 6711 461391
1636 1830 202516
4725 918 769965
1481 5578 506903
6997 5337 1265081
5641 6104 581467
4915 3385 235674
8772 802 1922895
6861 4800 1016157
525 719 97075
276 6948 193152
2123 2397 1419424
9451 9342 1745130
3 4128 45876
1512 3356 671689
5839 2550 380358
914 5624 1176742
7814 7685 292287
7524 2110 102444
9400 1004 773450
1276 6433 544004
9203 774 19199
1634 609 741006
7797 6827 779467
604 5156 176537
8822 9708 69363
4755 330 2217346
2823 653 1056567
4416 2492 960557
1025 108 1537332
8183 1673 308837
6263 4521 128644
7135 6357 716637
295 6550 270834
3674 1054 1819498
8083 9485 359750
1006 693 326190
4873 5537 39038
3443 6712 288166
3123 610 292872
2738 7332 597789
7671 404 2000048
1602 9841 387515
1330 5180 2277967
7600 8202 2262928
9581 8028 818754
7817 503 642058
9479 3153 595722
7514 5189 225953
5150 5032 2253483
2918 2558 418011
6241 8154 1289647
9136 3244 231219
2154 2478 1335984
5331 7692 385319
8686 6741 1297234
6089 6555 811321
5080 5981 421300
8429 103 1164390
1516 7038 162956
9295 6592 1153550
7311 6025 1004430
8420 5599 1379407
3065 2205 56870
3950 1393 1555093
2266 8648 733437
7747 1434 2180966
9385 6489 433364
5920 2657 502644
5292 4750 681452
6443 448 288406
7011 2020 1800612
9254 2295 2833756
5775 47 384319
7744 4552 162842
7061 9521 188237
8037 8254 856230
5656 2145 1279003
4398 2141 3634963
6164 9578 58690
7287 5972 26278
6190 63 2614149
8970 1694 559456
6793 2458 2512554
4547 7208 2238432
5473 1451 1746532
4960 7493 2882889
7311 1299 1365395
2957 2967 305200
838 9767 180352
2592 2345 1456822
6035 9316 2312878
