83
7940 7088 253173
9671 4152 1004617
9850 368 2121920
6047 328 973036
2037 615 887229
3123 9492 847362
7246 8362 544849
4081 3334 16891
2875 6260 333795
2209 1771 97260
9457 5771 461756
7174 80 435220
2726 8128 228102
2957 3647 292125
3228 9321 538985
5683 2852 25982
3853 2030 1506273
518 9596 2397063
4208 5998 4100469
615 8357 585490
8386 3048 248197
6398 225 784697
5916 9081 3979820
6121 9673 271149
3217 1635 288342
9962 1532 693944
7665 2760 1802783
3735 6406 1115174
6458 3498 1158210
7358 3840 173433
6294 7798 536892
4889 2813 654948
5483 3376 984063
769 1707 1772752
8737 9728 5029510
5142 3493 1221563
1206 5042 1675967
4761 9662 3513209
9626 9872 234303
8136 255 160833
6341 4619 1500964
7732 6724 369478
8904 4729 1762061
812 7433 312814
5159 5833 2431070
7695 2112 489522
2271 440 2493134
4007 7966 621587
2115 68 3076064
3109 1710 4156070
4180 6274 1516628
4778 1247 1766436
8644 1187 927553
5732 6875 1965681
7591 8761 892976
2990 4384 102298
1961 4274 625434
6629 9327 304932
3004 1330 26011
7661 1288 3358269
7129 7260 732410
4016 1356 16091
6002 1996 1063501
6844 4976 522828
7339 6891 1849516
5521 3995 77693
5509 5971 2141464
7021 9597 745683
38 9348 206594
1554 9953 2353008
2895 4995 455816
6317 524 476420
4807 6498 4498217
2389 430 104070
966 9069 1588889
8359 6025 90648
7847 3210 1826782
4953 2253 1587203
5435 2155 1490351
5996 5111 1703434
5259 702 1482462
206 3329 200440
9602 7888 2136112
