149
4400 8929 365095
5406 5558 54038
1866 9750 776388
3033 2248 1566184
5918 8869 84261
7460 2649 251759
9885 7515 566001
1473 1736 1305692
4525 3963 1678080
3474 3328 277631
3559 3089 63170
386 901 161267
7427 1575 14942
79 7086 260723
6537 8498 1151047
5588 9303 226934
264 1981 838283
2130 2780 584495
520 6416 1726907
5820 1900 4427294
2130 5480 356188
8170 526 320627
3359 923 685763
8768 7787 1246668
2852 4983 247356
9728 3600 974105
1990 5189 433841
6230 3690 408208
8516 5165 368496
1178 9801 1209520
892 5551 955067
3836 5234 159951
3232 7010 310367
403 8095 144819
9608 4573 1873402
3942 8606 128973
140 9212 943507
1075 1123 157194
5385 9163 65043
84 9248 1617714
4043 4306 381582
524 5630 135011
4961 2160 766306
5649 5010 446738
2080 4311 674489
601 4597 1746115
5494 1673 798458
1636 8576 1378869
4964 2535 406491
7530 7875 235645
192 6233 318889
6387 7551 586931
3281 1369 2298433
1380 9659 1271585
64 844 630225
3119 6201 1636377
8621 6260 418229
8745 3305 824328
1365 1368 1774
1147 2578 2022309
8145 5424 977371
6116 3678 286361
2780 9713 403982
6593 4623 135900
2480 1403 387547
9091 670 2260311
384 6908 92546
1704 9819 422
2770 8262 31134
6622 5339 220732
468 4820 21996
6166 4963 158495
6229 1409 720658
3301 8014 401968
9558 9798 928124
8179 8703 500532
2015 5359 158133
3180 3265 25420
5825 1445 994560
9136 9102 633998
6509 649 482663
7414 4264 329966
3979 7516 613253
1817 4562 942801
7292 3572 59968
8640 2414 1024529
4435 2802 2080719
3148 5937 1499566
8498 4888 933121
1349 146 218475
3829 5805 134164
1848 82 182474
2580 2486 41807
1193 1678 205572
6591 37 913587
5332 9652 160439
7979 6208 271384
8001 7037 13762
6605 626 817194
690 6768 926289
5556 4073 626601
7184 8211 1099424
6338 9810 407996
4011 9101 1455181
6330 5882 24378
5809 5782 145266
1325 6137 650337
4687 4701 219349
3951 7650 403554
5452 3658 149384
1616 481 39930
474 5054 274518
3444 6842 381445
51 6238 1314496
8530 9345 812143
5906 359 892735
4343 7852 500943
3122 4278 305022
7870 7176 340106
5992 8646 139489
7965 5365 180822
4412 3340 284540
169 8897 1284387
338 6205 749822
7302 8017 2240387
800 1681 428237
775 4767 597978
256 5478 422977
36 1760 310880
7128 49 1352882
7000 7293 343712
6167 4603 30470
9619 7410 139792
3394 6092 553618
8261 5016 1650340
9657 4512 1754686
9092 3842 294382
1989 7646 339
4513 7072 1277927
1642 9470 714947
885 6083 311780
4080 3743 1378291
8381 7493 38699
3500 267 1531382
908 2521 1823726
1240 3276 234628
2509 3176 1115124
9958 1708 22931
8053 8017 1590310
