89
6919 9863 2771994
6366 4 426089
4248 5414 620526
2431 5759 230090
9211 4904 68446
2056 250 464014
9206 3564 891282
5683 6001 178703
331 2319 1736471
5198 4418 905909
6666 4394 339592
1536 7692 135430
5902 5819 1304252
3843 5525 1913100
3642 8628 6225
9345 6341 760023
8210 4307 2742203
9286 3253 85985
1810 3817 949932
6363 1441 1848044
6700 4668 932680
7126 1044 1299076
7429 1916 6130384
1958 357 147683
7671 4907 451932
5354 8906 84359
9432 5024 2771352
705 7576 1298250
6141 388 223318
2846 3551 1613207
5478 5173 897525
6387 6084 391024
4027 8975 647506
4078 5294 244961
4651 1127 956279
5979 1894 692840
6966 7062 3133781
2229 6335 2719051
7238 5045 356089
2977 5302 40736
3464 2568 2072974
2822 2444 1308657
4919 6245 1609610
7236 3052 546889
1017 4006 1195022
28 3862 9491
3752 238 1577398
7583 5949 537620
5028 9857 2189114
5797 9809 1178903
4691 1007 588518
1069 5139 207961
4279 9936 818832
5324 2420 717267
7133 155 1302214
7870 5352 2045221
4571 9911 3576308
5786 8883 4734818
8333 2507 275347
9937 1282 501312
7210 4375 114301
2268 6929 960894
456 3124 683737
431 26 819943
9329 7777 5960731
1343 6477 814631
8190 3219 3536591
3202 3205 394246
1816 8168 499075
80 457 22443
2697 9240 291090
5459 1628 861754
4293 5170 841988
3375 5728 147410
2836 8335 1946815
2078 363 1290900
5631 2885 1308093
6537 6266 107402
5390 4147 5822413
8553 2976 270174
9887 262 173127
1077 1035 259452
5420 2159 1268945
8346 7580 101134
5559 4518 8322
2172 607 109762
3575 5281 869319
869 7490 6525
794 1369 104964
