129
8372 9600 511840
4760 6245 201866
8639 2449 455032
5358 3562 139798
8267 9545 998584
7912 4607 570811
1407 8927 203996
6959 4116 131608
1861 2985 248693
662 4837 124911
2027 2214 272128
549 7612 1431293
8127 2829 1478517
3352 752 785302
1170 8407 16183
3782 7916 129326
1616 4176 510203
1309 6819 664905
6151 7041 227969
3859 4429 1505966
9341 3921 2531638
6233 647 149925
8297 1211 409436
7844 4301 968562
4963 7929 480239
3889 316 2001099
5349 7204 71171
9911 245 285956
2425 8588 176867
5420 6460 164373
6221 2871 1044142
4739 5221 632244
2257 3196 1174124
2820 4798 1339728
5151 3000 478355
1919 9412 528476
1069 6265 2916084
8578 6871 78011
6779 2060 3979
4913 2524 2762424
714 6246 709346
3644 6629 173746
9479 1367 158524
7641 9806 2229418
5123 2030 1150360
1819 5329 145955
2440 1443 722614
5729 7124 2193863
7289 2393 814640
6983 1128 357758
6502 991 257838
9718 7892 139637
3916 268 141946
7179 4186 1082769
6488 713 1633642
4763 9209 245256
827 6900 426572
7451 7807 2677298
7463 5280 1588421
4268 8 234385
2273 1352 1549174
7015 9724 867238
7152 548 1271895
5346 9279 602223
3725 5343 1155279
1131 4226 495593
4897 6513 541800
9771 8103 561909
4225 8824 740907
6942 8357 287808
2606 8927 24207
9415 4785 1319588
1029 6997 553529
8450 1859 814742
6199 682 875324
5076 1710 755846
3951 6990 484186
4171 2307 362315
3944 7974 836474
4817 4921 244278
173 5623 938552
2676 9666 578157
1723 6891 178974
2586 5475 207719
5724 2732 473992
6004 9432 1285674
4250 2884 473931
8882 39 559014
4346 7458 234852
7615 7839 2260955
6151 2948 64170
3240 8945 24087
8785 6257 129209
2860 6614 166321
894 760 503010
8354 6425 2631076
1664 2976 851990
788 7265 1324847
6521 8131 2182626
3812 5883 592535
5854 8033 619712
3544 3041 642874
3792 6004 378503
3636 4151 411478
8132 553 411388
1237 5136 594548
9411 8676 1052340
5433 608 3502041
3797 7179 578842
7053 1569 672996
9904 4178 4526147
9892 621 1049680
1373 1702 189062
6671 4476 145369
1712 459 205174
8816 443 592224
621 9246 343215
493 356 1353852
8588 3975 46264
604 5872 386516
2603 2353 724084
8783 2643 149667
206 4844 966430
5965 2321 230548
1724 2783 436053
8253 2851 289169
502 1371 719349
8203 3182 1299652
4587 8281 1587065
