61
2496 8648 4520900
9049 9033 854693
1399 2870 191952
4227 9463 216422
4338 1681 436721
1719 2502 420796
7525 9245 1533942
7706 5734 36950
6792 1948 761562
4730 1254 1419090
6940 4317 2323979
6297 9003 163071
673 8288 954374
5353 7665 676089
9805 5418 262284
6254 4518 1644798
7704 7631 236353
3703 3854 2867740
928 7951 931915
7404 8304 756816
3381 3238 230880
2906 5419 5130155
9797 7876 1523807
4926 9442 1612799
6116 8705 2169136
6469 2007 1422559
9615 4033 3562323
813 6292 1209600
4376 9489 1362559
279 3490 909912
7783 2130 3009165
8980 5654 2470508
2039 733 2372134
1177 9449 4006447
596 9307 1554124
3029 2504 2470446
57 3580 462242
4547 4842 675470
1725 2600 402450
9956 9903 4346792
8146 9956 2824922
1269 8292 2334927
7794 2247 279280
415 9584 4650006
9190 6333 911132
1828 2843 3182887
7032 6317 289969
9384 2947 685493
38 6165 1745868
697 6777 90760
1341 2679 1386521
4827 4680 2001430
3460 8462 500172
5354 5330 1224733
4011 6881 460292
8229 2685 442156
9295 2577 4719808
9389 175 5174158
3800 5557 2722339
3208 6293 1998843
3122 6175 260349
