57
691 6561 359158
6272 9927 2806655
1733 9220 250458
3506 5864 3156883
1438 9251 1561486
1771 9238 2811168
4870 5182 1747885
1808 7575 2738634
5126 8817 216399
1123 3113 1373910
6176 1777 1489990
9953 8906 4394804
8845 7407 2428320
5815 7636 2960150
452 9268 315466
2240 4308 292684
3697 8095 1583532
8935 7012 932026
2014 2702 2773685
1715 5597 2049909
8849 954 553507
4844 8639 1538442
6107 1375 1755222
1916 1888 5362469
4837 6329 1153061
1722 3562 1368512
1353 6870 2609932
2946 3850 2006483
1978 2062 3092501
9593 3729 1279210
1489 3146 1387598
240 6239 324664
7671 3054 1306349
3260 9283 607199
7215 3093 438897
7431 2394 1696491
627 3566 3453842
1033 7859 1859858
7942 466 620996
5409 6017 60741
2045 6114 1825601
2460 532 5209687
6267 3690 2328630
1815 2813 5971994
2365 247 669236
9431 5470 1424781
3150 4777 4971707
4989 157 3141208
129 1194 1094779
4551 5583 974436
6168 2335 713415
126 9810 686441
7603 3861 150198
9041 4405 336985
1779 2226 732857
4134 1013 562350
6797 8720 486519
