156
3777 8008 44975
5605 9258 2124679
2454 1204 82064
5331 888 646687
6818 8669 23190
3939 759 284445
7662 3588 1944900
8464 2648 39516
4751 9055 2958038
5527 4275 513338
7403 6617 575735
9973 977 605590
9354 3298 1186222
7205 3414 639612
3669 4788 301111
8702 5408 624710
7970 8899 189865
211 8691 96259
7085 7335 1121686
1596 3924 274630
4439 2495 1124950
9099 1035 91015
8830 1218 811268
5241 8217 407293
3395 4085 248995
9172 5 260368
2412 4234 186126
8172 6875 317596
7264 3886 21432
6433 8084 1928448
1021 1028 1668151
268 2399 300405
1389 1748 228106
6834 4061 91003
5116 1421 37255
374 8180 939172
6067 5794 265575
313 2520 796296
8726 2776 3303655
178 8826 77069
2907 1480 535298
5687 3998 314050
2984 7328 3535
7190 7876 156635
4789 9001 570269
6844 8862 183578
1542 3535 1320198
8025 6609 870029
1111 4363 53308
3733 2694 510939
6456 1500 280125
6222 8532 221813
7755 794 648690
7791 3834 434259
478 718 525940
5814 4979 217955
2568 2491 225017
2573 7729 500278
7945 9556 1008477
2794 761 1023156
4543 5758 491136
1912 572 43976
808 3929 1162856
3291 9386 216077
4921 4752 442310
364 5251 1587339
37 9258 60950
4886 8334 34114
7948 2736 650187
2823 922 440444
502 5277 371162
297 5502 65844
9197 5950 657628
177 3679 2015170
7480 7866 309488
9516 9611 119193
2409 3153 37230
8025 7758 520514
5192 5562 179330
8910 712 710641
2647 4647 896015
7384 8329 975377
2146 4547 520937
578 1778 428602
8373 1630 1541601
2775 2337 407025
708 2908 179761
1853 3593 1004723
6049 8843 497150
1978 5223 353239
6082 105 103077
3005 3427 388040
9423 2349 348058
3360 4932 577205
1360 3373 139309
4571 8147 1365218
1181 7847 2527375
4653 2543 180892
6203 1643 1415571
3531 6917 313620
7011 1446 652800
958 8605 52568
6879 1623 1414505
6212 2620 576470
9311 1199 604804
6246 668 1182498
896 3883 311952
197 9410 898733
8344 4327 4046573
6620 4710 210557
3160 4002 22388
6996 4639 394052
8207 4723 26053
6416 5485 213967
4192 7568 414126
4186 7012 656919
37 8954 747328
2966 4791 697661
932 7787 441397
6335 2108 503500
5433 1340 1208188
4079 9637 57866
6688 2021 1461203
6176 4400 1129926
297 6631 350653
6798 4379 969850
881 923 414573
6990 9826 80335
2866 2865 26826
8575 3797 595295
3541 802 399285
286 5732 731888
4371 1216 2038231
2761 5034 969494
1483 4663 845528
1445 7074 90355
104 6194 1022645
636 9166 184274
7382 6076 331916
5794 6988 498501
7974 1898 2072753
9088 8618 1552610
3906 3323 665819
1883 1328 579345
20 9011 54269
2601 9450 70171
1472 863 57632
5756 2370 354606
6647 240 233112
7252 114 482914
4467 6528 1817090
2297 7340 864894
5924 5934 450133
8371 1768 161186
620 3258 1081625
6255 3284 762795
