146
3002 4474 435721
4772 9926 717265
462 1306 401585
4068 7731 529752
7000 9514 1274053
4844 4258 306534
2756 251 109334
465 9207 900933
2175 9398 503474
9971 8060 610299
4134 6977 111794
8895 3468 315898
7864 9857 299181
567 6814 196764
3519 3100 2371414
5364 313 101491
2923 2975 804603
345 2015 89110
1713 3793 268992
1906 3498 2565893
3667 5541 486709
1898 7394 432435
8955 4624 94966
3711 1847 2466213
8747 7029 541521
7875 7097 990158
3513 6088 389336
4870 8009 82697
5257 9919 306442
3350 8325 1785753
1581 2115 16863
7776 8256 238113
3030 4449 23821
7937 4456 108919
6233 6901 21194
9476 1048 89813
5146 8130 310701
9237 5494 412682
1181 3518 1199
3438 511 184943
3547 7802 279958
6471 406 963848
4332 6698 176755
8007 4414 988936
4861 738 1413316
7376 855 340472
9632 5639 148379
6497 4225 542095
3739 1786 150884
4588 2191 662535
1791 6456 997298
4366 4146 1901988
1560 2261 926533
3834 7387 115567
8091 1807 970465
7294 2802 83719
5007 6412 807137
5351 3380 630625
9564 1620 1472608
1359 3053 381537
3963 9203 164124
7582 7370 913250
8688 5805 3924
8707 7846 73122
9694 2496 2590218
2169 1480 318118
7936 8048 3889718
4707 7458 2755063
8925 9525 84983
3244 1127 209509
7906 2490 818785
511 3001 243799
5114 5470 192470
2590 756 304849
3983 8050 2026977
4094 5530 616014
9850 7253 1887946
945 6655 312377
9528 584 1468769
3992 9200 136312
1984 2165 694397
4712 5593 1467011
2311 8431 332725
1953 8082 330537
3281 3141 1340557
6826 6449 420284
4909 3665 484030
8872 5997 260436
6343 8152 282819
1141 2857 1328833
1242 3665 9693
9581 8602 139136
5175 260 109109
559 8673 683953
2112 5255 729277
8632 1004 2265187
624 240 333197
9556 1322 223645
5797 1705 983443
2906 1282 1040149
2792 4594 1102731
3689 8198 427818
3730 8393 607087
9523 4756 190086
354 6641 374575
4550 2207 1864298
971 6110 532224
1120 4303 329154
6279 8713 501351
1760 7165 545003
1373 624 804902
9735 6331 430987
1818 7968 653868
2843 187 1035459
3930 1851 792118
2325 1987 793123
3218 7625 196249
8403 5782 263358
8993 7965 1060288
9038 5951 498343
4333 796 1495340
6696 4497 209659
3761 8067 1597070
3123 1704 1175916
6383 453 832182
1331 5597 851760
4731 7593 977295
651 8037 1461376
1391 6177 53398
5506 3974 627496
2130 5193 280921
4371 5541 554610
5591 9054 986001
3874 3444 276141
6418 220 548060
2283 1849 172524
9303 8683 524315
2266 1341 21243
9149 51 678332
9517 2080 2631076
3296 2553 274451
2738 6546 85783
3354 2075 268029
8850 4575 907334
6648 4245 1104493
9820 7887 80205
