89
9234 977 1269202
4049 3527 1163383
8341 5855 2517067
7166 7971 790202
3998 556 240902
8449 4859 3442
9543 4410 1027307
9211 8405 453880
1371 8828 470324
1830 6738 1347273
4783 4145 1550051
3479 2882 79895
8201 9058 565120
978 4133 649157
3484 8606 1363533
5104 2436 894248
2856 7659 1402289
7025 2328 137583
7124 5319 1081591
1143 8347 1361414
6009 1330 1138362
3543 1352 746715
3366 3910 2683229
2784 4680 1186373
5272 1799 273602
1989 9299 1609331
5338 7677 1177864
5 155 1388249
3642 8735 15341
8784 6547 579842
9906 759 1393361
8012 2130 785288
9407 4384 2146577
965 9186 932198
55 7945 1047575
4720 776 2444966
1479 190 904313
1665 3894 818573
7686 3517 4325035
7747 9822 6471711
4020 2671 3307618
8185 6716 477458
694 3150 499444
3102 270 452788
9042 2330 264165
27 2602 1812419
9706 2696 738117
3430 4795 455653
1000 2750 1959771
309 9809 1184590
8217 4583 520691
2727 2477 5577219
778 1457 480746
851 8724 1830970
1891 5199 1351220
5525 5401 1863005
9571 6621 867768
8215 1111 1148139
8634 268 91447
2038 1161 486604
3011 5278 923998
6402 2530 4284252
102 1313 109555
61 8118 158367
6105 1531 1218954
6474 3078 475383
2425 2495 147728
318 4677 1044439
8539 7599 853053
2122 9098 69359
4369 4621 1599606
6455 6037 1822769
1170 4797 678972
4871 2738 858902
6864 5134 822542
5671 8162 1583102
2477 6557 516767
3732 4616 192267
2522 9829 1232365
5081 6124 507536
5227 3072 292408
754 6724 972590
5979 458 2374825
605 1153 445612
9101 6960 156831
6166 814 183252
8527 2137 5764
6371 2354 413888
3498 3121 248714
