71
8639 2129 361145
6741 1811 104408
1359 8642 2591947
9033 6342 1087090
2865 5149 1851836
3784 9259 999871
6323 9845 868095
96 462 632063
6707 1599 1164959
7827 143 4458590
5939 1167 218151
7570 4579 2215957
4515 5569 1929135
2096 6374 3276488
83 1117 4366264
771 437 1677086
3336 8129 25970
1468 1741 1223973
7688 5218 481501
7428 3775 273094
9505 3652 2612945
8780 6188 402344
9283 822 120409
5532 831 923887
6957 5390 92071
5529 435 929487
2845 7517 896087
5072 1662 761329
3640 5494 253745
8106 9560 1121089
1160 4140 2483455
2153 4019 448716
2413 1887 324080
1593 9138 2279681
433 3314 2282437
4619 2796 230062
8915 6050 1666964
5756 8300 691712
5524 6461 2118215
3195 3281 3679618
2186 4119 111372
3632 6622 610032
9480 3027 70163
1332 9151 125140
7035 8916 2101601
4611 6914 702970
6385 3123 3905087
1731 4593 107721
5051 9160 1789985
3848 5758 4048100
9388 5030 1964526
420 1529 7671300
2034 6994 460075
9856 1086 411896
4576 8074 1212310
3355 3499 985350
8307 4766 1183474
2436 4590 174758
7689 2492 790650
7751 7997 1032936
6697 7989 1571745
9783 142 1054046
6691 1149 2230755
3900 6318 1798947
4103 559 5677597
7275 5364 782107
3666 7073 607071
1238 326 693947
5444 3662 38213
8108 8975 938240
4214 525 1021930
