94
7016 5516 513042
75 5338 2648781
2716 6111 163692
7864 4125 1279100
1803 3707 2044302
6092 9823 245462
1919 6501 986700
2491 998 1913315
673 6184 1167349
7736 1276 462240
3792 1444 2581314
6845 9094 1851738
95 7082 660685
461 651 2019091
9673 9556 3503905
38 2723 66618
6868 802 1692256
3620 5487 4021623
6330 2125 106245
3544 6562 194557
3314 813 80430
8013 651 2388448
8255 6496 914338
2959 9111 535673
2324 5964 4820100
2302 9000 790310
8911 9109 694725
1438 3798 3757921
3676 7531 66111
9217 7378 474746
6349 7280 2357472
8752 9245 3506665
1545 4920 312305
3173 3090 153867
7824 3186 89715
3899 6761 240480
9589 1929 28241
2532 39 529805
4955 4596 642483
9058 2533 360289
8163 4867 1410060
1337 5827 2498492
3732 8129 293799
9458 4020 796773
4671 1903 558867
1401 2505 764621
3708 446 2365394
6976 3808 541530
3912 7493 73768
4767 9092 1090558
4355 4518 7170928
6535 3174 255967
6029 2438 502503
4076 7231 433350
7654 3773 855225
7720 7482 297863
6933 448 1313359
259 1458 643551
6001 1922 2867321
2166 3961 746004
6005 5203 140123
9067 4021 1515667
5499 1424 958244
1265 5705 446075
8503 6833 22415
7315 7976 554329
8673 6483 346795
1674 3484 1204140
5121 1345 966878
3238 5762 461739
7435 7914 1526126
9751 9433 247157
3643 5315 203391
3282 6931 383287
8900 9409 692931
4877 5123 2336246
4655 825 1123647
9893 1890 247429
6463 5483 167033
2478 3408 2515465
8251 5630 586010
4421 9006 181097
7140 6695 301141
9266 3972 420752
826 4077 674173
5060 674 81190
4943 5044 388918
1227 7393 941970
7396 3562 146774
5978 894 39560
7446 4212 1196692
7999 2558 32313
3709 2948 1838079
8877 671 766142
