72
4527 5048 2426256
7392 8225 1278645
8374 2577 284423
8873 9509 752369
7303 6079 431632
4751 9009 2114139
1224 7586 74335
3382 6671 993905
953 2671 944409
3056 6818 605129
513 6640 91129
2493 1627 2650236
247 9538 2518940
7012 753 835592
5102 8130 503576
1775 5066 1504577
610 7188 1703700
84 4159 66004
6017 4995 1532762
2525 1468 1999148
8530 1577 447894
3892 4936 1055441
1498 4489 8447383
4895 9624 2905144
2246 4966 159222
5083 5833 3032451
5500 3652 48484
7259 6032 1951239
5531 460 3852
1586 9929 2671872
9216 9070 226327
5321 7616 189193
6920 6031 1089689
8675 336 3753972
7017 1035 1098852
4610 9909 1250516
3048 211 1539983
4153 3154 54475
8695 3937 478180
5561 3843 1138823
8942 1436 2426615
4164 7634 504869
6816 2995 906071
2182 9760 2692404
8217 6306 208809
1009 7911 524094
7934 8639 866075
1443 1523 2780751
8838 3581 474009
9483 4580 5887714
2233 3590 728031
6286 6750 2151358
3232 433 1137050
9290 6878 421987
2170 4761 422832
708 1688 654746
920 5353 3029376
9770 7316 257591
6055 1479 3620077
6276 7661 618741
4378 5582 2961435
4104 5373 1636386
5267 1285 119764
100 235 462219
5968 8993 817232
5433 3192 328476
1305 2432 252895
8520 7778 261928
3859 9800 3587333
621 7709 462520
9123 1617 1660583
6944 8826 2282131
