146
5999 3773 611721
6513 8791 924839
8483 7872 16199
3342 7350 907905
7796 1858 324294
9901 2787 338710
1955 2969 296336
8013 9774 350769
517 7562 70395
7172 920 11753
9285 4717 766789
2227 6716 231632
9268 5742 333737
8165 378 267593
7767 8666 375220
9010 8900 881444
5202 117 933567
7213 7385 580482
3974 6425 716801
6588 6957 411987
6782 1595 305552
4293 1229 327003
6372 2156 341988
5692 5182 826339
5011 6097 517583
1212 6655 466180
5775 3542 177817
4588 6685 1130384
1431 3219 1759627
8210 4949 940311
6822 7427 800450
660 8231 278090
4829 1866 612464
1049 7843 971434
7350 5148 137641
1475 3209 470858
8621 7781 537391
6027 5908 3854993
9062 2481 57150
7498 7535 567240
8088 935 311791
6503 7154 541279
1059 5994 1507606
513 6955 270172
7689 4137 496836
1830 4029 227468
7081 877 2476689
3884 3125 96818
641 7396 282641
126 998 585522
4824 3089 274017
7084 2894 518597
9008 2561 2474779
639 19 95624
7646 9520 120937
3044 9770 2133661
8914 1392 1329257
7142 2225 895002
4409 1758 292397
6385 9522 755443
926 5184 12813
9472 3121 660439
2542 1941 338975
3996 5807 465172
5712 4301 50612
8065 6479 424697
3578 3416 1223640
95 3719 937125
5343 8147 682387
4336 1801 430107
935 4142 146158
4294 8574 1085971
4112 1838 953758
3667 74 270655
2359 8183 14719
7601 290 69454
6557 5015 448304
9299 3093 1323605
9534 3471 12294
9156 4558 553174
7842 3194 541423
512 6735 588862
3807 9435 915408
1688 1282 176769
9167 9411 199305
6277 9710 211265
4371 6650 816196
2985 2759 245738
5700 8002 259451
8260 7636 1118681
5432 5818 295283
1996 993 223479
8084 5794 116510
9910 885 2040036
3952 4164 1409200
7371 1206 1576787
4520 747 104457
5206 9122 568687
1085 157 425674
7051 1866 1335344
7773 1650 105268
2286 3945 669588
9710 603 623292
2675 5568 1895121
4724 4388 243340
7620 4684 175596
1028 6418 606312
6401 5628 958835
661 4184 503195
2359 3762 206350
8465 1463 42400
6423 4728 649985
1222 6443 576781
5420 6083 435270
5086 543 1609970
3369 7437 878810
6744 1879 309706
1701 303 2450166
4812 9605 214188
6314 7098 61205
1294 7027 588996
984 5222 1793029
8575 5795 1387416
2184 7941 16925
5194 7436 920277
207 247 887508
4188 8592 554915
7424 9263 213559
8338 5649 464731
3610 8845 1506222
5320 7922 1542930
5030 1941 1956603
8683 8738 346778
2149 2510 718803
141 8754 492952
310 5700 596209
4386 902 678456
2859 2551 1408360
2279 49 1017682
4006 421 627748
2757 6286 116089
3034 8454 224038
7432 9157 1416334
319 2582 579536
5939 4740 694415
4362 8779 2642293
