124
6617 7395 543774
938 1787 743074
7442 8791 1776730
202 5729 174386
390 4684 954176
7826 6754 2082183
9266 565 179601
9263 8460 219692
514 4766 323003
6770 7139 401120
225 7723 1143150
8885 4962 1442898
111 9672 887409
1064 8024 410501
5152 8830 169779
9357 7080 703857
1005 3501 331308
6435 250 544022
7952 9284 534595
5766 894 624431
3447 7295 359216
2940 9411 967504
4573 9072 1339964
8072 8480 650159
1305 6382 563553
7404 8329 219368
4766 169 1289546
1805 7937 356984
8800 1123 468496
6143 5696 1061384
2923 3396 667165
2873 1632 336357
146 5406 355203
1416 3482 187866
4591 6170 147629
998 7278 591432
4395 9966 807457
8373 9388 787788
9150 7474 188640
8380 4560 228542
8856 3343 904132
5661 7950 765331
3313 5249 703566
5966 707 344020
18 5774 663047
3939 7211 30490
9014 3071 968327
1092 9455 99510
3229 3546 1379345
9920 5787 1896782
4743 3995 263431
3111 6697 1441700
6771 2942 1336195
1541 4451 2165520
1106 565 580356
5324 315 896911
8960 6389 1350829
6094 8949 942752
6154 9776 2851983
9251 7313 217864
2689 4596 781340
3032 6359 51470
4984 1308 43063
6208 8246 127771
6197 1251 358691
2632 4824 1891016
1695 192 357121
3715 1950 78388
6736 8905 529877
8288 9064 1303923
5119 9961 784246
1815 7801 1885
4466 7578 2404423
4622 7478 267863
4499 1842 1185977
4055 1713 175350
540 8224 106225
2207 9207 354527
19 2799 108109
5781 3107 253067
2463 4780 1319153
797 4387 1501381
1077 9986 207994
6312 6943 1044713
6250 693 49577
6016 1922 1696034
1634 6839 180808
5257 1425 200246
5672 6568 1167671
3394 7639 1574097
7024 4351 789625
4737 7372 489541
9707 4789 964994
8962 8691 4387332
4468 4210 1657619
4262 4503 1052612
6034 7785 1322396
2199 6648 912411
2878 8694 519031
1391 5294 84316
2954 8994 774252
937 797 2487487
9576 2555 282540
9543 6405 972448
1507 9178 2188749
6436 7135 2292
4464 4241 601948
8244 5912 1878944
2565 1365 1148781
7141 7995 933270
7477 3339 476403
3932 1512 1515224
4077 322 235298
1521 8927 776858
6087 5196 984914
3352 9361 210306
637 2730 1003849
975 377 523995
4177 1823 298302
1674 5372 2415831
4001 2128 941527
6627 2728 678787
5385 2860 467213
2516 2274 348866
