82
3122 2316 22975
8668 5500 854961
7928 2910 257794
3104 1542 72850
9412 1350 396743
5601 5399 3257766
2622 2736 1831939
9788 5977 164818
6027 2589 416805
336 6202 548614
2760 4142 2274883
5118 1770 402421
2363 7693 3193467
8011 1332 2343139
2032 5167 2027868
5524 7490 298179
2551 684 1639252
6083 7875 4147362
1165 7689 1275109
7320 457 2758233
3745 2157 1720507
6439 6250 2028342
8934 1961 252610
7919 7814 22130
6327 4210 1846332
1639 5275 2192783
3210 5259 6237326
8452 1285 606406
4175 6430 849955
1511 3186 444031
6437 3036 1030831
2774 5390 42951
8652 8870 1231628
393 1008 2306061
4744 9413 1528305
7022 165 1606184
8864 4777 1263223
2931 4792 715984
5487 1415 2060674
9274 1347 12133
1109 4022 1954536
8925 8475 1386149
3570 8426 1899136
6564 7704 2677243
3397 2964 14929
9562 1200 233434
3676 813 511229
3461 9709 261352
4121 1367 474258
1351 7721 2613149
4172 7892 13574
3573 8242 371766
9511 2520 374127
3179 632 6822728
1240 9005 1116781
4435 5299 894111
5494 3251 2739086
563 9850 578133
626 6538 1596133
7858 6760 2722
3919 5199 891702
9079 8693 940259
9977 5874 302722
6251 3922 442454
6420 6141 174718
7111 6522 248030
8853 2674 1859707
9590 9252 355153
69 3248 224829
5879 6185 1060306
4677 3165 1451274
3744 4175 150273
3380 6080 669920
4650 7474 562267
9271 9237 959593
7494 8750 274038
2780 6650 2162915
5001 7722 426478
5999 4895 2407353
499 69 1359928
7329 2147 334203
1867 5185 23728
