94
7413 5721 2054914
1964 2629 19538
7344 7205 363476
4714 8090 532531
9856 9451 386903
8439 7478 1774626
5560 3470 1424772
4244 6862 876611
1048 6299 1153043
8527 7900 1655498
6632 9133 530173
7534 9731 322668
585 3490 407545
221 7443 251305
1858 225 910488
6271 3971 523320
1960 2704 874218
2336 5319 5022799
996 796 1703033
6240 6989 583626
1778 9013 55879
1940 6699 640618
471 1255 684105
1167 36 1812130
2530 1718 312393
3574 9099 2534567
1783 7847 229593
9231 9249 648168
3273 8837 1613364
1325 7923 1987757
7542 7252 217082
3481 5437 947209
1534 3941 158026
6539 2956 700960
5516 1217 878431
7278 3130 198337
9525 5976 567470
322 6566 1697743
7353 3487 348486
1872 1980 1542924
9398 9334 2173625
6488 5636 909207
167 6636 229697
691 2343 1009102
1505 5766 487156
7438 5269 1988699
2112 5074 1873491
8357 8508 444057
5815 6340 103273
4905 9505 167755
3339 4313 117996
1111 8214 11616
3331 9953 667618
9554 1546 3101051
9745 2875 694891
9346 655 138320
2816 9659 1155146
1477 1006 2269852
7065 5201 1835176
247 9840 351919
652 5980 145812
2670 8103 1729661
278 5178 370603
4524 3807 118814
6515 7983 454018
4531 2493 639588
2124 2680 3750600
6405 6104 1291861
2237 861 1003043
4630 7444 2260418
3186 92 577081
4431 7955 747717
8025 6029 1519317
4826 5279 891728
3620 9291 1253896
2540 4900 1916147
9969 7383 984794
3084 2764 3132154
9292 9676 385039
7320 1409 2835630
5412 2613 232399
8954 4535 966055
5908 6346 2552683
6228 3285 2227800
7301 489 1093664
4500 7046 641827
1493 7715 1304253
11 7054 1300900
4114 4702 23646
4804 3135 1745168
5369 1729 2094288
3843 7355 120641
5546 7237 58967
6555 4099 753812
