61
3773 9937 1845331
9401 4312 1292944
4528 9284 2937299
5173 414 254999
2989 9444 182663
8067 1579 1058475
2848 4921 338483
8012 7622 225759
9659 5148 1203080
3971 5028 2309417
3483 3542 493060
5067 3759 1748581
9030 8337 2900621
7973 4896 140633
9539 7182 283546
1263 1460 1624176
7437 758 365821
3652 6430 2120402
671 8714 1116337
8783 8200 557956
8711 4236 1755123
1700 9152 1415732
2769 1083 274128
6608 5069 4727688
4382 5129 709305
5070 5391 242131
4545 2987 2989741
2501 7106 4375794
7473 9420 607691
8727 7405 536210
8018 6422 820037
2189 6238 238960
1145 8355 2168316
332 6287 688140
6702 425 1316132
6284 2684 461337
7272 7618 1670985
6569 3393 778247
7799 9733 1924693
7862 7622 274938
1320 747 465806
8327 63 2113082
9176 6745 77438
8472 7323 1608200
8835 1898 878896
7840 7322 10123399
8057 2112 523928
3206 3180 1006907
4997 9030 1642248
8776 3057 7625065
4747 3479 117667
9087 4181 936547
7581 1459 1740654
9448 6371 906927
9838 8249 600154
6842 8135 2859254
7487 8144 10473228
5127 489 1079608
2145 988 3399887
4947 9943 732959
1630 8449 113235
