127
2955 1686 411676
3875 5195 793834
4092 2304 87122
1154 8375 293216
2797 2644 1996343
3380 562 707389
6513 3903 410881
1264 7964 63682
4022 4931 13879
9977 4394 14105
2553 7922 1483612
1989 7795 2371059
4005 3045 1927946
6964 1509 91007
1081 479 666957
6881 2259 27514
1186 241 1014329
6030 7713 1304840
7280 4173 1579212
417 842 89835
2562 4833 1839976
4379 1406 36227
2798 8587 452440
3934 6936 370315
9210 4931 2438239
4326 5561 641397
7117 2202 571131
273 8998 3051503
8831 9759 540390
7786 2700 2547138
5282 5658 1648601
6617 2576 535456
7053 8259 729270
7542 6440 304370
7451 174 1488274
2748 4921 153135
3336 8605 566558
7382 9605 601719
8930 2173 957962
5807 5536 129120
3720 3834 66418
444 2247 1170290
1089 5137 813023
1033 596 318497
1857 3483 730064
8879 3143 868164
7158 4010 333433
4528 7618 594119
5696 3109 1869282
3000 9400 3310881
7089 555 1390520
8040 4118 2904863
8496 7518 1676464
388 9818 1173939
3580 2637 166509
4032 6387 773706
3379 2257 785117
2812 7264 522701
3339 7697 451431
3503 2739 305454
7030 928 725156
3041 4492 274855
6559 6089 178360
3176 3943 43177
6270 4305 1457865
1827 4425 169804
2524 3886 328756
153 8549 430187
1290 5867 227408
3000 7507 529172
6745 2606 181687
9580 2186 100723
5588 9566 183406
7692 7962 461684
9951 6814 301509
4110 7616 383135
8720 4399 198722
3895 3654 37868
7568 8934 641866
4616 2163 177183
8472 721 2770653
2802 8909 289238
2577 1874 338146
7939 506 822485
2870 1957 1609979
8679 4931 621101
5711 4735 47892
3507 3921 1488461
7238 9185 4923
4517 8239 529821
3003 4820 148168
3103 6690 139863
367 2673 871655
5033 3477 978995
9848 5103 1096104
6214 6656 685448
9932 9236 640778
9141 9112 1289229
5982 553 900028
3620 5904 386057
1281 8166 1511331
6662 8761 135201
9680 2741 1934511
4007 7894 163537
7010 9925 192980
1733 1962 747742
9818 9333 608936
4931 2819 77723
606 4709 1304840
1211 7863 173683
2972 85 2657349
5782 1844 2053594
6139 7643 428045
7594 5618 1731828
4028 5754 1155373
2388 3119 1065505
1305 2470 303515
1318 6159 228105
1741 538 378056
7821 2309 590778
4552 7918 285228
1271 1625 2513037
3111 7586 163183
5140 853 945235
9959 5380 655222
9211 1896 60119
6671 486 67263
