76
5255 4634 1146502
2438 9487 808058
6500 5583 150911
9249 5 438959
619 7057 717558
1893 9179 2244115
3389 7032 351274
6455 2604 1658324
1942 3224 396522
1077 8449 991490
6938 8965 233911
5043 9650 753641
1321 6569 1058410
1139 8306 1643192
9723 7189 293304
2401 5915 525933
4172 8929 5200283
3527 3746 665536
344 8529 458619
7033 5632 7797269
7435 5600 290515
9454 5127 286964
861 4230 140499
9416 4919 2541504
4923 9855 775953
9831 3751 425932
5623 6142 1503156
9678 9308 450542
6423 4334 87718
584 4851 19074
4842 9998 1405608
1103 5807 388322
4361 2230 234317
5827 2049 2745747
9482 8025 109085
720 1486 773151
240 6049 862475
7362 3102 466621
5722 4057 2588020
8083 4431 1080173
1088 406 881092
7015 9788 100377
1942 8393 843161
179 4130 877107
6055 5032 1686733
628 7813 754568
9694 9985 1694704
7784 5875 3701917
6628 4545 1889006
4348 4021 315462
4842 2710 3414574
1845 9399 2315047
3213 8412 502539
4783 8310 195115
6171 4644 5076050
1889 6520 3644674
634 6832 257670
3674 7171 1437800
9139 5234 12312
4926 1888 57913
7099 2879 1365019
8055 4260 1297342
2521 3769 2200736
5454 4986 274079
6066 3309 183411
1984 9068 356530
8056 9985 2689587
1837 9109 2687071
4509 8001 74773
3485 432 874314
6004 7409 1418196
4903 9941 2208757
6970 388 7854498
9849 7132 685528
6346 7036 311477
3731 6629 1151674
