67
1403 796 2775557
5943 1871 3055370
7149 3895 1614039
8342 9403 873951
9699 8041 680295
3231 211 510000
4998 2002 1665871
7942 9587 540794
2281 9516 3344865
7058 9208 1870901
9785 6549 3413403
6302 5147 2992847
4202 7818 169368
4830 4226 1386909
8210 4451 1100505
2070 8528 1909137
7843 8656 1740279
6754 8137 1599405
4160 5500 370345
2212 9573 3579733
5854 9894 27095
5137 6638 754247
7971 6557 342740
8616 450 1289199
4162 9129 2341295
6888 9186 2806702
1189 6585 468585
1527 6484 2088660
6916 357 1544645
6192 9509 1241168
4717 7825 1789634
2530 3018 970458
103 9798 338807
874 6524 1676928
751 5625 4187823
463 6121 305899
6863 502 218485
8787 2725 449230
8126 9388 1365213
8489 3519 395726
9222 305 2662505
4159 4453 1217852
5551 1698 1573899
8837 3218 1749926
1999 7210 3135
4299 3305 298112
8022 2301 1471179
5197 8008 65351
1784 9141 234810
7953 6932 2090816
2622 358 489117
1465 679 745873
4959 293 203649
8388 6756 1499668
4345 6909 466005
9775 770 1930947
9659 5615 2421763
4137 5610 1981808
481 3770 744728
7936 9298 2779836
5641 2759 2234133
5212 5882 472489
2090 7904 5110389
7182 9352 1892060
6512 3842 1703377
2359 5885 2728089
756 5230 1432371
