61
3125 153 24066
2815 2303 4569862
5117 261 2569920
2276 6427 689779
321 8549 390234
5805 5097 1278463
7623 1036 287453
8478 9565 72807
3681 6748 1363409
1086 1079 167511
2846 8963 230779
1586 1430 1453716
5117 3242 888188
7059 3445 747533
6427 2957 567298
2062 4699 269426
7243 3586 1407300
686 9036 333832
3555 2048 744109
8152 9681 866597
2323 8358 2062773
7368 5787 8470
1893 7940 875161
3341 8207 6268004
9337 5770 2855147
3038 7097 1641444
6042 2031 74131
4247 6599 1156520
2342 9967 1775069
3509 3240 1413264
703 846 280854
6023 1849 5296455
7310 1746 1362977
1511 2395 435360
4790 9839 3036246
6418 1797 5145887
9527 5641 2062170
3703 6913 2517605
8030 709 2083164
2107 2144 7877165
3413 5814 1997109
7040 8307 702361
9890 6729 3512242
628 6223 122581
2150 6895 791399
6331 7921 718351
5358 8079 5240275
9888 2679 192525
7600 196 433078
2007 615 1866001
137 688 2571371
4942 3342 3238160
3786 420 817626
7886 4689 2752570
671 9998 4373553
5089 639 1643065
8619 6731 71150
8574 7173 626901
382 6001 716925
9645 5166 12113
4759 4419 450496
