84
3293 31 1571297
1521 1475 838627
7532 1185 48095
4779 5078 1382502
5262 7315 853557
6045 4607 1199541
1471 5192 4843
694 4554 3155635
4409 9962 284005
5843 9177 692152
6598 8651 537894
6868 4886 3466650
2285 3384 489247
3530 8151 219715
664 9798 187174
8038 6199 441361
8092 6203 4280333
6476 9395 236146
2586 821 442729
3432 8048 801646
6771 9118 2697414
6550 5901 62546
34 100 4833923
3700 1504 3801380
5594 9761 90979
4212 4911 1471448
9204 2955 1678360
6313 8451 1014908
8914 7062 660650
6753 1799 27959
5384 9728 519420
1285 8393 158850
1190 7156 758322
4996 2774 105116
1096 8730 1297037
7878 3350 1693150
9153 7269 518287
5851 5902 359549
2523 2638 1239299
3798 7238 4372507
4786 6790 634770
1474 8153 642761
4848 2210 947087
4295 5565 19169
4850 7101 695991
5494 6896 587031
4709 4084 489400
6940 5728 1428503
2181 6471 3149447
518 7319 915615
1985 3297 3791159
3449 8488 277701
7085 5545 1361406
3347 415 3731589
4263 6184 301342
6168 655 50695
6378 3486 1852571
517 8526 125312
8485 319 5204101
3673 7590 1459315
4063 8372 2239860
6446 2129 11655
2516 3211 740104
190 644 1628146
4986 853 775710
3621 6304 702764
5115 4098 1825165
377 3420 1817956
5799 2050 319491
2774 8403 260599
8529 5519 360974
2096 5826 655223
4796 2653 1167831
1369 3091 309021
7104 4514 4815537
3120 6298 170365
781 7161 556668
6935 9061 573175
2934 6792 1801999
5237 1366 485601
4415 1498 3183
7403 8018 729000
9952 9852 1776974
3948 45 113781
