71
2752 823 2371561
5680 4883 2721577
2939 1083 1329499
5489 4858 429215
1562 3475 1382644
4789 3095 3046178
9749 1443 236140
1542 8492 2451249
8316 3617 1351795
1804 1463 851624
4453 4519 2468035
7626 4790 235803
7187 3255 891090
1653 8841 3971771
4589 6195 507010
3020 8321 348940
1881 3027 3861973
9135 9503 2617075
3988 5666 2096339
3152 9465 2513960
1086 8355 2350036
2085 5469 119129
6868 3392 1935158
8569 6034 165432
1204 7799 182173
4921 2778 805089
764 5888 167670
6390 3179 472982
7031 869 1976670
9417 8185 2472349
9569 347 212705
8039 7089 2484041
9926 3769 43778
8765 6311 166561
5286 3407 1579575
9594 3885 617394
5828 6444 3504
3756 2707 638810
4549 9012 2724692
4001 1342 5374120
2370 4728 94237
3373 3277 1106982
9059 7211 636837
5575 5991 1166636
5334 8561 63983
4989 7170 1603050
1345 6572 719044
8011 2014 79283
6148 6503 1030729
9877 1147 196986
1010 1860 1882809
4977 235 645075
5456 8270 497730
1092 1623 1657366
8586 8013 2079452
9429 3898 974648
1153 755 806145
9274 2737 1211779
907 2193 468331
7270 1824 822446
2040 2387 3458298
1605 9565 3287438
7242 649 529139
9196 3397 1042110
3574 9538 1270228
8048 736 5050160
1348 4950 4679301
231 6671 999427
1239 5499 388877
4848 306 273781
9767 6451 1102347
