62
6252 9045 628297
7659 6266 621000
667 4583 493451
5127 9770 667971
9339 9256 3819646
3763 2253 3270637
1611 7628 356023
8960 9341 2352142
8742 1967 844531
7793 71 1553280
1775 5746 1593936
5636 1342 93354
6041 1931 532135
1179 4376 2442946
893 999 282057
6450 3421 412370
480 7751 1972532
7231 7131 2358814
1972 6303 328520
2024 5344 429801
4312 8423 352246
6603 6324 2774347
6900 3396 3328794
1984 2594 500109
2914 6003 4349347
1872 3366 1045847
8684 8599 1178051
8123 551 816276
7164 4665 924695
4997 2177 1441619
2298 1031 2738895
949 4055 216989
8885 3235 1168962
6026 6418 1353258
2423 5967 2064103
5552 9693 99798
4763 1349 7268037
1098 3969 1966321
210 5151 104541
8396 3442 1104680
1228 2130 2151015
3025 4731 1705783
7851 5865 214035
5324 7280 237800
4480 1485 225264
2211 1766 437826
4292 2488 436440
8427 492 1059863
7155 9661 1091558
9138 2063 161936
3555 9063 2820756
9587 1996 893676
6825 9338 3526712
3757 9222 7158239
3730 1035 304964
2906 5477 698945
6654 6175 2012909
608 7450 735736
3564 6064 3283054
1113 9447 4626160
2415 9167 4185818
1100 2474 2181153
