122
3432 3969 39823
3861 7183 395811
4374 5610 55646
7488 6576 24719
8657 2101 2092634
5054 4068 401169
3666 5635 273511
7674 4805 875574
8521 3084 2193385
8626 4890 503033
1774 7164 2932407
2629 5828 618384
5796 3850 840264
2806 2169 2513198
8377 6890 1527518
1623 2904 815903
2000 2672 2180202
4655 3186 212070
2619 4720 1350587
903 1579 754625
6333 5847 5757
2558 843 222939
8013 8873 41778
688 8718 432608
2025 5599 2973117
9444 2965 339555
1753 8489 296869
8321 9951 135046
4527 5549 678126
2816 2386 1051928
2262 9489 633718
3475 9219 149390
4121 2865 1117431
8334 8087 1383747
5630 2678 431738
3692 65 283880
2387 586 82090
4212 8467 1030
9949 9948 569679
1012 5834 779427
4002 2468 883816
6401 4371 193468
1572 8263 1892545
4232 2311 1143217
7899 686 379535
8172 5006 12713
9311 5769 484673
7646 7265 413529
6506 6355 601813
1377 6500 416327
3476 3364 1025780
5670 9646 41636
9250 3614 90674
6871 5000 297861
7631 9859 1281741
2383 5731 736226
6526 2722 431842
4367 1430 56593
9696 7527 513633
5758 7509 876100
8578 8588 1544270
6144 9633 3102894
5208 6183 2523330
9560 3371 9111
9035 9522 50062
2861 3510 903623
3339 8487 590204
9783 3091 275883
2494 5273 974075
8642 4874 759917
44 7405 627877
714 1126 415824
5971 678 911600
4103 2598 1333532
2964 5711 373934
606 8435 55137
302 1204 715353
2602 8792 446811
104 8158 454090
8697 890 120119
5858 745 1164327
7986 874 333982
3601 9536 2782618
1014 7375 313134
6209 8342 2019460
2710 8495 1993148
2076 6231 1537231
2197 9199 1217134
6452 6743 259797
9661 3629 432811
3759 3285 1108850
7035 8882 773268
1359 6411 367735
7425 3758 263391
9430 7853 216490
8606 6796 1179374
6317 3170 141278
4271 5731 1674462
6180 4361 664222
5916 55 105643
1037 6635 603640
8495 2305 1297498
5298 7479 2444903
7311 6772 846825
8434 7617 879553
8066 7561 112155
5828 6907 316291
6877 6601 24161
5290 9424 224564
2539 8602 915572
3608 9807 1401308
9932 3445 1002107
7076 1944 276730
5448 2857 2249175
2233 235 712889
4423 762 2766723
7739 4998 677953
8584 2019 220389
7940 7149 152547
6984 6047 3637329
8372 6256 413198
1555 9911 104451
