104
1073 2358 18421
6506 9218 1336079
4021 756 222936
6644 4641 4147946
1860 8492 1175838
7843 6039 460124
5590 4763 3047470
862 5572 499094
8291 9268 464495
1058 1350 309232
2224 4561 759905
4657 3739 400279
6645 1987 1951650
5905 3405 369671
947 5522 1465049
7404 1951 13334
4105 460 381947
2142 3942 407405
1819 2196 2760138
9262 4980 2350153
4669 3552 1294588
5066 6712 1559617
5417 3310 484578
2894 1040 1633085
8961 9045 301541
618 9793 49439
7329 5382 1490103
2537 9945 1215180
3959 7790 473281
4382 6109 1172427
8348 77 768473
5030 9192 669347
7538 9376 207110
5342 82 2202690
3967 6890 1973489
4561 7616 239954
8667 1780 3215682
4004 7470 1656130
275 5746 1895469
2804 5868 645891
1337 6615 1129145
7077 4300 41364
3933 7419 1877292
4521 8234 146142
7696 4920 1054645
8033 6633 34951
2271 4516 2519037
4747 3697 364572
5223 7781 171866
2315 8834 132505
4304 8895 134209
7084 1903 744163
7325 7898 28362
6210 7028 2012338
8459 7343 2641584
569 4063 70367
7192 1678 1239331
6600 4466 200172
3134 5871 594278
2934 4198 114041
73 7997 354541
7215 2563 2665736
6156 6885 48882
1831 7967 114355
5842 5923 1575243
4857 1232 275437
2074 2822 144840
7201 7901 375709
2500 3837 1573971
3665 7110 515690
8050 7408 1179744
5961 6911 11094
9903 121 810986
5601 7714 2881306
9190 7412 435429
3102 8689 68164
5621 2064 196274
3539 4378 1348830
6751 6110 359671
5482 674 677792
1553 441 1754398
6052 1787 397368
4595 2244 647455
3179 4374 3396440
2069 5259 1739187
7117 9645 2165177
2874 3007 869
1780 1003 63736
9068 4982 681837
1606 334 1395150
8640 5477 3013317
4406 3976 198002
4133 7346 270244
3360 7103 87050
8385 683 273720
8283 6163 339298
8423 1957 2418963
9997 1857 1237062
3750 2800 968525
9535 9115 305093
4254 5711 618435
9178 4026 10924
3707 6423 938489
0 9122 525963
