83
9150 8425 190691
6305 910 1205251
3274 5876 135639
7547 1798 178691
466 178 677322
1984 6970 1867295
512 73 220242
1135 495 435813
2279 1954 1317560
5150 4942 865206
8020 4740 638938
5128 4580 2061514
7580 5641 776338
3836 430 530780
2476 1465 155154
6374 6269 509832
8389 5360 1849922
8116 4944 1434661
3084 3490 1425727
2383 1747 82140
2987 8289 3615809
2174 1957 1147770
4710 304 1301282
6516 7292 3607252
2090 3665 645491
4518 3557 863087
1234 5536 94735
5352 8710 25455
4218 9854 2236474
8433 6641 1037353
2420 1112 1277611
3409 4285 6347681
610 9851 332696
4055 9983 1790580
3707 8713 1586180
1226 4139 336277
6255 9153 268378
8720 1455 325909
1988 7087 1526978
7713 1630 1664160
6338 2512 2099770
8244 7073 3217362
1465 3938 1058310
1560 9226 392489
4809 470 1717122
6321 9634 887139
5963 6151 3001941
1416 6400 516435
7631 9160 3063059
4761 217 217737
58 748 1353458
8416 481 91072
872 6988 130192
1236 9765 756081
1689 7201 1554483
3514 5378 2168623
8914 3898 630200
7438 17 1196863
5287 6664 2310816
998 2448 1742281
9471 5746 1284382
5958 1718 878966
1787 2594 1869970
9460 6821 197750
6567 9970 897552
7297 5185 896709
142 5787 2710532
5710 5751 2621857
5846 2277 586725
6840 7171 1194831
2337 2127 1526504
8899 3884 193564
2817 1037 107586
211 956 482750
5784 1782 398276
539 3708 61801
6117 1184 1131090
9867 1724 770640
4700 5830 837885
9846 148 374428
9732 9087 125644
5340 744 5727491
9051 6635 427760
