123
2747 3651 2074908
8381 4847 379531
4887 4635 284783
7908 4615 422612
7560 7673 441735
3306 8987 1390421
5193 1868 66079
5628 762 2350525
7338 3585 884426
5256 7108 1185833
4576 3682 124349
555 8234 1029015
6004 8860 1345898
2655 4111 2035314
8395 7603 6125372
4901 4455 2646607
9933 4280 511747
6943 3258 351456
3965 8346 2649373
9221 5825 790644
2359 1505 119942
4393 758 2120289
325 9099 570849
2726 2067 562062
2271 1549 648774
5359 843 418047
7885 9993 167500
4783 6749 751669
3341 6229 74926
3807 587 3581484
1832 5478 636896
7409 5537 122256
2425 3341 332721
7723 2985 2001724
3760 3800 23338
1151 9917 2520860
161 5886 7118
9547 2675 152163
4470 8490 219768
2309 4094 1222712
4131 5567 89858
4032 6906 68043
461 5298 865216
7603 9532 2106448
5085 5349 949470
2710 9775 188054
5531 1698 120577
4498 9225 1342855
4750 9162 954199
5830 7338 438587
8073 5117 207920
4568 4205 507622
3768 1219 94611
6480 3079 43124
2258 576 285302
4391 5129 97636
1920 225 664644
872 2120 839840
2167 6915 6519
4177 2142 617502
225 7895 190059
5686 1423 709435
3037 2612 777899
3050 9337 570771
5239 5534 767581
3223 2509 732939
1154 3839 265387
9027 3348 509409
4371 6685 548997
9632 8707 178580
8878 6447 771769
1501 4335 278737
1819 4345 485188
2043 7516 524310
4190 3119 550291
9896 60 1498623
5969 4695 24302
2639 4942 4058826
4498 40 93363
5707 2590 756050
900 7252 2258113
8738 6296 547980
5445 2888 90181
7477 6190 215883
7502 3482 1345407
6210 1240 17690
5575 7572 1433940
6204 3923 308996
8424 320 1262286
9323 8705 344740
3502 4 114504
7219 8444 1364332
8326 9105 885238
2643 4777 4164322
4019 3867 43577
2098 4249 1219471
6627 1563 1987032
9224 7707 323234
6149 897 640269
134 577 64217
541 2878 57269
8758 308 1105446
2255 3575 725893
4748 7962 86184
9502 2156 184643
3539 7936 142113
9593 1463 820450
523 6398 343411
8204 7104 105219
4475 3060 105347
4505 5302 420681
7770 456 147911
5502 7697 412212
4286 9871 534320
8852 4559 1329257
4807 2577 776009
7642 1040 29838
8252 3809 2451308
7700 6812 519749
7375 4546 154215
6311 555 939138
2562 2408 311068
5576 509 1540638
