114
7794 2557 6974283
4742 7581 14612
5123 4617 928158
8717 4092 5523
9619 5501 307826
9090 7788 160545
4113 3310 129186
3783 4679 1306532
5939 5851 794660
862 8515 2464895
139 7690 1573102
7329 2551 2211613
8643 316 444649
2008 6671 1742015
4442 4554 1508863
9633 5117 893400
6779 8588 2495201
3661 6055 2224576
4983 492 379891
5333 4792 219526
4715 8744 7473
1894 8424 331634
5366 2246 1123710
1271 2430 274898
7359 274 579222
5938 8138 381324
6363 2335 572255
2124 5475 208950
8311 3088 666389
6995 6397 576895
2141 8594 1553356
9056 6377 34003
4023 5011 400444
7282 1637 375277
2937 6529 2126057
9912 5981 659225
7272 787 1020503
1107 9979 1858638
7232 8959 123189
3835 1892 1388587
1985 8016 147671
9141 2924 434534
877 8015 1624840
8649 5921 38034
8187 2420 1802863
7419 2392 1207118
2258 1647 1929570
1293 5687 9032
5381 36 1382855
1386 4142 12230
7918 9498 1831540
2934 6615 882450
6242 6806 1983433
3049 2358 1959078
6077 5433 976509
7714 236 154857
5815 8677 1176870
2523 4951 359601
3383 2805 882333
9890 557 326732
5164 3376 306914
4470 871 132881
78 2478 2910329
2151 8255 3350361
7282 5799 240168
8553 7635 296543
9268 3542 367481
2484 8529 727734
6863 4523 374133
9235 5766 812674
3161 9690 1789473
1913 2660 584940
6736 815 135256
7088 7502 517689
2474 1192 661378
754 7337 342035
6027 2004 1063845
8952 762 8016
8535 6597 294920
4248 8329 233317
7716 6841 37318
6356 9282 3853002
1316 8230 401570
9289 7840 71302
6162 7722 1139760
8816 7897 312040
8967 8579 354902
5280 56 316341
2085 4425 1572983
7211 6497 697643
2410 2327 458079
7806 9327 1829711
1642 1183 832990
1323 3545 19028
4199 5194 214214
4146 967 166243
7182 443 1128755
4383 3133 88775
6899 6167 1035289
7073 6612 669578
3847 9772 206768
7795 9410 895249
5025 3809 233694
7916 2395 989599
4389 8835 83185
3791 4680 202311
9803 7898 2516111
9263 1757 345229
2462 9298 248763
8380 709 1243369
9441 4460 121585
4426 9611 750816
5096 1421 1441072
9001 2685 209404
