61
6590 9634 451895
69 4434 1532539
2490 1983 1790261
4723 6020 830942
1092 1713 439724
1357 2274 210316
8186 937 3737672
8401 8512 1726409
6901 3675 723422
7677 5838 1358497
8532 9312 3638719
4193 9057 277217
1084 95 1597820
9275 5556 4289052
1042 9230 1634618
5292 6935 1247897
9608 3089 3842844
3927 3867 1925144
9882 1758 5346382
4170 7649 3116203
4053 6941 1890642
2026 8377 1301421
5488 4183 1753620
5104 6793 2327127
4754 1865 1208794
8505 3120 3001746
5224 1749 3205548
946 8831 2718765
4011 2563 2366595
8410 770 699688
1515 139 1767052
603 3321 2534652
5522 4952 1900219
7576 4021 394256
4673 4315 313831
6001 5581 188199
8405 5056 968812
8040 4038 381344
8541 9412 309193
5010 4391 1068879
7976 8297 56242
8248 7512 1870232
4986 2698 903987
8325 7753 1319164
7659 6084 1020709
7431 1772 901058
390 9664 2280378
927 1206 24731
4453 8162 1383470
869 3479 2761313
5157 9049 153378
9345 3769 1357288
8247 3290 90449
6102 4712 2131200
9197 7982 2158233
9763 7638 2105065
2485 8780 2435382
6639 1003 102986
9218 7970 4208615
6616 5324 2694579
1561 8716 23585
