51
6165 103 981098
9956 3778 1349842
2481 9491 1155331
959 4638 2675062
6947 3660 1343792
9540 8673 1422726
9139 2910 455005
8106 579 3299692
6059 4591 1436536
4723 8522 3402829
6951 6502 1161267
9271 9507 2288831
6094 5775 1196604
8778 5789 1835148
6208 2560 133125
9692 2439 2020607
3229 522 1581823
3459 7216 418203
5875 323 158539
7164 6252 1344895
9300 1801 3084659
2115 7798 4039656
7415 9447 47790
6526 6109 8810535
4254 9590 977819
2139 2093 4805400
8532 2855 495982
2354 6210 411841
6248 2919 1250138
8293 6378 3799350
9060 6978 170198
3667 3944 42764
5843 9817 5360581
294 8100 2843954
5844 1946 1966046
1139 9389 881068
9034 3472 2880235
4840 9482 9058015
9725 4994 1966502
3728 8158 3680764
3257 2948 23997
4699 6647 426045
3555 5911 3360801
5700 6097 306744
8986 3067 224236
8860 2551 3404631
7259 4851 975853
2294 8688 1521070
5281 718 101408
5555 5354 3015325
2178 5556 405638
