94
9441 7531 19950
3922 3847 1231208
4689 7577 329854
8542 2110 142754
1569 1642 1000105
3323 7364 798521
6826 6252 232168
1375 8521 421096
5978 956 2181821
6949 4962 1408430
382 6754 2704115
1046 6192 534007
5866 1304 51347
888 8997 40007
9084 5614 1366214
9413 7715 2783200
7749 2141 810280
3635 3107 801057
7848 6909 697064
6841 1205 269051
8466 6808 313182
4402 9980 266443
2317 9854 778089
377 753 579100
4113 304 3758893
5291 8185 2705505
45 8772 2116931
9227 5567 491936
6670 5252 2953137
5252 7737 355867
714 1705 56033
7782 3915 1184702
2641 4822 685448
9229 4300 129682
4310 7789 2505250
258 241 69676
6784 9186 763286
13 6430 840436
635 1006 603711
7947 1223 829883
638 3616 847409
7578 9985 55753
2380 7397 188990
8703 6376 1794355
6120 4969 326128
3458 4225 679295
387 9584 810852
420 1452 464948
7450 4821 1566935
8851 2435 1941069
1479 9500 3195417
5422 3458 79787
2105 9400 219917
4137 1887 739170
4310 8555 66328
292 1867 1647193
3005 6428 274200
1216 731 622790
2138 4714 233334
3184 892 326514
9398 4083 1318848
699 5150 842525
6673 3467 1054949
8186 6939 428500
8085 3120 743542
7083 9378 6725488
4607 3373 146649
8153 3987 1130311
1644 5444 717799
4042 7138 1003017
7006 7544 320078
2372 3296 1129018
2090 2520 567305
9129 8252 960900
1788 8011 727061
5275 4232 104909
9095 6304 3955033
8647 9379 1389311
968 7590 2377013
6526 759 1928552
3173 5029 447513
2286 1303 3256447
3556 8996 2544444
6346 7515 893070
7588 61 306355
3937 2902 162780
3453 1759 505834
7041 8284 5236227
6566 9557 898038
3013 5445 291435
5489 6474 1327155
6785 9158 223081
3249 2273 167138
3083 2808 279852
