54
4693 324 282074
7711 415 552915
6627 3428 3322705
2928 8651 1959421
3988 8254 575631
4045 1803 1217675
4871 9177 5332928
6489 9119 3728623
9229 5382 6462744
6356 9181 1196757
5504 8575 544615
745 764 3030735
9825 29 3497578
8894 9280 939492
1988 1515 419174
9768 5185 1328609
5700 1630 1160817
4220 1127 1656728
2129 579 1370420
1224 6427 114614
5132 437 3511150
5381 8772 2530992
2016 7040 3467553
3780 3065 3218210
1811 7512 3606902
434 6990 442766
4817 9885 345813
7404 1247 572106
2749 1117 1432233
537 7026 1424048
312 6852 561369
5292 9883 559169
1734 2509 441973
8822 4402 1061185
6732 8941 817758
310 9334 122108
1236 7432 1683779
6737 7082 2587785
4445 5606 6139581
9700 7649 2943806
5698 5193 691256
8453 644 2534052
9340 5577 642793
321 2843 3459836
4050 7960 114414
9939 9698 399206
9757 2818 513321
7031 1861 679065
7533 1537 971945
4368 8294 952647
9289 401 4760585
1897 4271 725712
1104 2914 3267740
1457 4351 4122887
