54
1157 435 4055715
2216 9303 1124252
5315 7870 1303960
9234 2643 2354563
746 8823 2186109
1504 7657 1518825
6883 6698 2652107
1657 8644 3795472
1669 7883 3099002
8367 6472 1480324
8836 5069 761179
6847 3767 790450
7664 2174 964375
8887 4313 811055
2335 2496 2495654
7476 2438 2509986
9359 2847 1580268
4156 6710 461676
5420 9701 3286803
4216 1025 783539
1730 7289 3048637
4986 5574 324688
7031 7462 1699551
6440 3967 2780139
7355 5082 286822
7619 2589 187896
5518 9000 1602898
1273 508 3740349
2530 4069 1826895
2183 6184 2724183
8762 6086 793856
4635 4630 2544806
602 805 924427
1336 8697 1866569
2361 1886 2299842
8538 4442 823175
4228 5688 2070399
8181 8457 57901
5781 8606 1243546
208 3159 833969
3986 3574 3166361
302 9638 706375
6727 706 2950569
632 649 1122090
5411 2134 4147830
183 1088 3637622
5366 8043 1811409
8751 9922 847367
724 7770 784155
2750 580 1975010
4980 3602 2200790
7735 6541 4114636
1776 8581 2142893
7044 8024 697031
