73
8329 6623 566394
182 1512 869836
3210 2143 406482
3163 4229 790529
8828 2189 201393
856 809 1029156
3984 6402 88411
4263 3636 795410
9071 964 1028415
8067 4686 67399
7931 5358 343381
6043 7941 2540510
2844 5998 1734885
6004 7157 268024
9746 7759 1705520
7922 4614 1388092
7067 8398 2798415
9383 8967 423167
4265 6254 1139140
9167 4572 738109
6630 4462 1525356
6699 8166 5189722
5321 1210 1381097
1974 5825 2724958
9691 8710 262828
4265 6091 3255104
3226 3338 1273003
1885 6081 123892
2307 6932 8152713
4404 3061 6282738
3397 2077 2633999
1358 7954 62113
6962 9298 407074
3577 1918 46499
9343 522 678781
5773 7299 104143
8156 5362 488347
8243 5845 719450
5948 9607 7680638
8377 7371 573126
247 1073 1442158
2500 3746 134794
4392 4636 96598
6912 7333 1415261
1271 8554 2712078
3326 2306 1397401
190 1824 97428
7174 9648 863991
8070 6297 1063895
3411 195 6803223
4719 2148 828631
2022 7408 3465333
7256 9315 2220584
8163 5626 517555
1444 2727 227820
6591 1789 1520320
3927 9785 177026
3688 1773 5262581
2779 3808 299948
3001 150 1125766
3526 3848 582663
4706 3495 237797
7309 7748 881449
6350 1180 125513
8695 1897 728087
9486 4961 371067
2954 8404 1065473
3346 7364 133517
4061 2650 508200
9748 5784 62225
2240 8755 59825
2532 1716 811086
192 3519 272458
