84
8059 5699 851248
5019 786 3928179
2876 8016 1082325
129 145 540911
5644 7376 1120563
368 721 2269744
9268 4850 1038004
4985 8429 48581
7594 2289 1862732
2156 9937 327718
9546 1366 1506222
249 5152 1967731
5077 428 93502
4019 2070 741466
2773 2642 989980
4794 9820 135855
7002 9469 348682
6999 8582 424225
1488 9171 281715
4659 7043 572074
8981 672 2414723
8852 4191 339658
5465 3535 632655
9740 3085 501919
9059 8586 3423923
4920 8879 3439110
3857 6780 189229
9889 6975 1379143
5671 9366 231981
5163 5875 2057755
3771 9540 128097
8108 2821 191683
1200 6295 1408262
9733 5945 349665
4519 60 254543
5051 3367 781501
5754 5146 1378498
6604 9932 2574276
8549 750 866171
4283 3758 485351
1766 5365 454128
7290 3876 258047
7996 6713 709398
287 7219 322248
6442 4489 2461295
7497 7620 1032651
6283 6016 604942
6318 9268 834350
7478 5306 1391921
720 2512 335656
3096 6916 1473828
3442 6748 2808415
6637 307 3846321
4600 7907 630966
2605 8811 1569556
497 7076 859501
9392 2251 4280173
3821 6543 933649
2080 5566 338852
3007 6417 1281970
25 41 2352193
4325 1344 673031
4289 7457 947623
4706 2677 2401280
605 270 740981
3262 6050 1761002
9400 2256 29928
4229 7207 2512590
8293 115 548921
3700 1995 246124
8679 3207 2382434
3284 3490 1457984
1102 2655 1025062
8093 8999 1214599
3997 9733 2113794
8238 6308 3926797
2007 3735 17617
2888 303 333239
2647 5424 198749
8808 8365 1609918
2192 439 630378
6853 109 113021
1517 1549 2626940
9255 585 548328
