178
8389 951 434595
6095 6747 62576
4720 2171 13860
3798 5900 212732
5417 5918 615878
6555 7387 395953
9431 87 1537185
403 832 378172
3278 2047 209807
7925 2178 220703
5650 3334 129270
7032 7103 343507
4881 2017 637231
4522 405 80936
138 123 753172
8522 673 159504
8690 9955 128560
7483 8769 569740
4968 7567 731778
7346 4144 993625
7607 8393 297575
4476 2381 427560
8022 3121 269137
5676 94 374464
5826 3275 42367
5660 5524 484978
6336 2602 374101
2608 4852 239258
3443 4296 440944
1958 3333 483380
7061 7198 123757
3917 6328 227225
894 7762 82933
4931 5673 188214
1238 8545 88238
2325 1639 2839830
7087 9267 71526
4831 917 63900
650 2192 459644
2180 416 122706
3938 7689 108955
233 5035 1375683
5266 7601 3637238
3792 6250 1499970
7031 9831 1729161
5170 8430 97986
6072 2814 106945
7184 3445 1150236
8263 8613 76318
8251 3825 134405
7038 9869 2659204
546 3443 1443614
3573 7790 771277
855 3687 23381
6611 8012 758122
3046 7975 639776
3009 1244 282355
6596 8514 94234
8593 3085 138272
6519 3423 890109
2984 2505 94474
1348 3867 19163
5690 8420 143257
89 9864 60910
87 1884 331390
224 8122 83474
4979 8856 553653
4164 628 15484
6325 8115 260315
511 12 342591
2047 6100 869081
4993 8870 304823
8009 9933 178506
3091 5806 117198
564 606 248488
4939 588 322945
9748 5521 282877
534 3152 242242
618 5186 879300
138 8834 788271
3797 141 1748883
1421 2581 33053
9432 252 180436
8758 3706 1381737
610 4686 515555
3799 5538 934744
8705 5574 294043
2110 4731 97153
9137 3433 2616855
1436 7639 481360
4208 3380 99162
862 6353 46484
499 6305 1313645
614 9621 455104
5941 9966 430045
5924 3394 1207335
4880 2711 494856
4905 155 701314
8658 212 382499
3781 3602 737472
3813 338 454406
4045 280 52975
8349 9239 1224560
8766 2622 524074
1539 7512 1310829
1404 3795 68876
9835 8560 133646
217 286 951136
751 732 553275
3632 2608 1482997
2381 8296 110507
5214 8630 325566
5589 4143 981510
9646 7024 203601
6705 34 2038279
3460 8642 203106
7563 132 675612
203 976 151350
6066 9284 198462
6421 6226 100235
4448 7372 47443
9308 1516 1444369
5246 8636 1068909
2927 7844 183917
4325 6369 714781
3837 9740 75687
1666 9323 145939
9015 3906 372022
5693 1364 196844
1406 7527 31961
6793 9682 633197
2698 3683 734078
7087 9381 1476180
7080 6498 397064
8301 6855 556668
4921 9019 1594755
9495 6915 8549
376 1635 1488068
5796 2816 469566
1042 8606 654767
3756 7064 45219
5984 4551 288172
7805 7414 246573
9053 1423 256323
776 266 1302639
6077 6505 176138
5087 3104 1218427
446 9495 368351
9531 9202 1020443
1227 4634 398611
323 6476 209905
2937 5358 12910
6153 7567 957472
407 4126 824257
5762 606 226251
9403 8614 234170
4542 8414 1346170
3908 561 19557
1408 3272 788064
7619 989 850721
2687 8743 1082008
2505 9446 57716
1594 4151 847901
4345 5981 1443507
4603 4427 167055
404 8786 188036
6433 177 672953
195 9174 412003
2453 1252 890139
5103 9658 1173083
5305 6091 982427
6443 235 175487
1969 5255 69497
4518 807 80735
7770 1465 129432
4221 4470 989229
9728 922 1144071
8599 4415 446643
