89
6033 8887 26965
8700 657 481953
258 4677 1399293
8074 7304 1762338
4280 5073 1266377
8097 4302 1010106
3147 6339 3284200
7109 9524 492346
6992 4665 3641682
9886 2961 235482
7929 1835 1078269
1356 161 1946662
4456 9521 1423684
1867 7971 2232982
8522 6611 3755879
3942 3399 1604127
582 3042 453698
330 5381 724555
3963 4984 4336800
7167 2853 197115
1924 3998 19973
3834 1792 743181
5521 6777 962700
2796 8267 83274
3403 4019 133549
9986 2781 555963
8682 4302 3407230
2096 5843 4172515
4718 5941 5766733
1245 8094 890384
8921 1575 2179768
6615 3958 868069
864 2565 405531
2825 8121 702717
284 9977 490629
7886 1922 408865
8460 4451 962393
6655 3262 392636
3442 7738 119532
4694 8355 439325
9805 6735 910563
1242 2052 754931
1796 6908 909501
8895 6250 1861185
2485 7604 679084
8548 8373 354889
5131 5962 1648084
6354 6841 592075
7455 9265 2056509
6210 4717 2351025
6193 5106 711199
8246 1706 2597462
8945 6143 72724
4684 1282 566928
4021 5558 217954
875 7439 312331
1609 6993 876878
1807 4503 508977
9926 8999 997527
2591 1259 2913057
8203 7135 432711
690 5632 540265
9725 4312 197939
8480 1855 1817961
6441 2791 1011527
9121 5902 194634
1081 5052 175597
9758 1260 46386
4015 410 1743408
4854 4798 227052
2809 2705 939744
205 8981 1147955
5610 639 523233
1114 2736 3380757
1033 7684 532814
9683 9989 511845
3071 5608 910321
8473 8707 802685
8334 9879 543516
6837 2209 1167280
2359 8826 127782
1385 2915 81600
4685 1126 89058
5027 5208 1693053
7528 8697 641340
6686 1877 1050777
7524 9047 457358
4607 7734 47886
7107 8861 2011153
