58
8863 7092 1152975
6497 5289 2586532
8133 4396 2642
3785 8217 5720872
3119 2329 1006815
9216 3396 5092188
3843 6978 482724
5340 1095 919348
5733 8243 2078167
7777 8132 8510274
1993 2313 1418736
5648 3236 4200676
3761 7343 1022149
4445 5233 50691
2837 6161 26423
8017 6811 179060
652 4869 3889120
1442 4239 2840586
7951 9202 1742652
5426 643 1521690
5815 8921 4761571
1317 2600 2437482
2094 7774 91559
9030 5657 1088579
2616 2028 2070702
5369 9179 16362
3010 3401 650009
1832 3831 789230
9184 2165 102761
3246 6474 682233
5629 1947 468976
2700 2643 688559
4669 2046 1606445
981 5984 608960
7821 2767 2907553
6107 3335 1027151
2515 1113 140662
1234 240 1127768
8871 7022 444900
300 5100 1770927
9746 7994 2005063
6792 6448 6774364
3882 519 518818
3191 5322 1980407
6308 8659 3722741
6331 7921 1565397
6930 9349 671949
8276 7875 4786215
9113 157 240662
1345 2684 560057
5476 5668 662603
6647 5821 1681287
7650 9636 151040
3557 6099 286743
4599 6327 70930
5422 4743 3718793
4711 5004 1187918
1891 3188 1488304
