53
8070 4367 600786
5317 7437 436477
8939 1359 1431992
5189 2737 1808844
5683 5659 176008
6519 1674 154223
1029 8510 5278280
6496 3551 909485
3107 3194 1728672
7977 1829 4442883
9385 6156 4739338
6446 3786 382358
1460 7804 1137377
3014 2733 2143399
2565 8062 2881521
7964 2136 636539
1420 2380 87267
1682 1511 322554
9988 1995 2086874
6234 9621 2681981
5624 7169 2030765
31 458 1308528
2945 9819 640068
411 2734 2850998
2688 574 1396595
3952 5625 1468074
9861 3942 283005
7248 1469 3811034
6380 3400 2398659
6661 2347 735641
9751 8010 3436407
8881 2653 3186599
9271 8256 4017818
8355 8098 2164418
3287 9987 1564970
4220 1512 2315058
9593 2164 2027273
3062 5930 412126
3098 8231 11753
7149 1986 1860389
5496 5897 6785704
3282 2943 8539056
5667 4411 845914
7350 4592 260251
1288 867 3470069
1886 5917 423455
3796 8851 946428
1797 3235 2452294
2232 6000 752447
8208 9836 1059229
7015 4078 138833
1755 6610 323148
5446 8221 2016136
