60
7075 6172 490903
9203 3825 280347
6228 9722 153386
4245 5611 773224
9403 9404 382689
9016 4488 2012227
7500 9772 17652
9703 2481 4599590
8023 9754 1845945
4147 8565 1570759
9903 1486 4463814
7730 7124 283267
1611 7109 501836
2335 8900 849841
2274 9609 2291074
8367 9846 1190635
8951 777 2848938
8562 545 499930
8931 4806 5277298
8757 2055 161345
1325 1698 3484613
3174 5718 637902
8908 7500 185496
8639 3916 51397
6831 5300 270947
9610 503 2887767
4034 6976 3445185
7974 7769 20247
459 1455 1496422
1386 9800 3515640
3932 4172 131691
4089 8253 98898
9714 1492 1354846
647 7936 314966
7298 4260 2181705
5004 875 1665208
3677 8044 1664450
7069 8780 9344023
9314 1507 1444415
3373 4483 1354156
8138 7913 75709
4803 4806 5626179
9321 2480 540730
2080 4248 808695
3680 7842 935623
90 4289 50216
7650 3379 858739
4328 5233 370505
4363 8256 558614
827 3920 2697120
1112 8792 589402
5477 891 4806952
8709 2245 1955160
3251 5019 1057503
523 5305 1924176
5985 8890 2719085
3122 3651 312029
3442 9451 403598
5341 3265 3361744
9954 8049 4303547
