135
3018 8365 2196
4686 8990 588399
6363 2682 943391
7489 7362 275375
950 7662 609802
5749 198 389828
1207 5979 52396
1217 7480 1470829
6087 2933 78835
4469 5049 619002
1438 5203 1430756
3860 8897 741668
7006 2287 1092012
6137 128 684565
8680 9383 517222
7588 2333 678061
5943 8731 667248
457 3834 240875
5219 5646 1578680
3115 4814 171304
8933 796 320468
6580 2624 362533
4045 8833 1381604
917 209 85244
6880 7694 2818
7211 1465 941564
9438 189 298833
5917 1045 1678618
8614 4369 276572
1875 4908 1402029
5737 4026 1264609
8744 7866 3192441
1741 1590 15880
7123 9683 346558
1436 2467 1172648
106 7600 157246
1576 9644 188564
1858 883 2327170
3042 4270 237271
9510 4629 1034302
7596 5095 346034
1083 4756 302847
1847 8407 1431053
2230 477 1775141
9309 4847 53497
3483 741 235292
8290 4619 619333
6416 5580 300872
7999 1419 338685
2938 2538 108483
6309 2298 558917
578 3060 132600
1438 4043 278048
2877 3038 152214
149 885 442562
1726 7071 32951
8292 2499 95494
2873 8374 172037
8172 248 542533
6255 2762 417104
5110 8477 780133
916 3662 70909
5721 6091 242603
3054 5573 3577455
922 7000 1638542
3348 4055 318851
37 3592 245555
5191 9333 1514672
1916 642 1562855
2969 3696 752422
3894 945 757657
9631 884 1140004
9332 1053 639696
3158 2188 701967
2955 2790 497402
6790 4324 291522
9360 6314 417732
1009 8716 392602
7962 459 916202
8138 7992 1241971
7064 1012 518237
8797 504 1327983
7368 1449 496873
3679 2238 1277452
942 6923 84268
3508 6504 1694293
4458 5143 511836
5931 1445 405050
5563 6584 40658
292 4763 189660
8070 9252 395749
4539 5604 33948
6919 9350 325831
4732 7753 3196874
2075 5259 396348
4051 9849 209070
4075 6552 1781932
3813 5145 6464
1074 4250 1911489
8319 4393 94793
2881 4607 2925174
1898 7590 203761
7389 5452 826462
1978 2437 877688
8196 2238 1291188
459 6882 808381
6184 3999 1869581
7709 2646 303459
1111 7277 286962
6308 6398 658934
8041 6281 835936
5228 6482 80595
8345 3674 533231
6362 8285 58754
862 7273 302141
4429 6778 414148
9233 4557 112209
6367 703 2420403
168 8817 811606
9043 1408 163066
1759 2627 2498563
9190 4134 651330
181 2755 4367325
7889 8000 468750
6178 2080 69488
4907 1821 616252
3413 6948 251029
7692 6600 1117134
7698 4730 412809
7549 5761 438891
5435 1750 394219
508 3846 651210
743 1897 363321
6534 2432 132810
2633 9807 1328517
