54
8909 9809 1405943
731 2993 708729
6230 1606 1523686
9693 5158 3809408
5123 4897 1867203
1707 6207 1111754
574 1945 754157
9553 2976 2277298
5758 7102 60226
745 2936 926816
1422 8586 486083
4447 303 481092
2843 4879 1534036
2114 7453 8238926
196 5739 568756
7362 1550 788067
7389 8583 697210
1388 1363 3106187
9461 2410 365258
7522 2772 893137
4319 8787 626921
2035 5643 1228362
8228 6735 2848990
8877 5859 1773084
7222 2493 919212
5269 3522 3225834
1961 7914 330507
6460 3781 3264188
8430 3776 1896094
2226 3550 655018
2170 3708 965110
394 8 2988136
8631 3705 8848
4080 5163 5258394
1479 1277 4013704
6173 9891 447247
2666 906 89109
3365 6728 5019469
6545 636 3890914
1424 5935 2134074
8154 830 726418
3750 9919 9506506
3575 2134 1992382
9868 6213 617841
2801 5320 282968
4950 4431 298599
1584 5720 397153
9258 9521 336419
9541 5277 2189100
6840 9015 2121348
2351 6775 2263652
7101 7698 910639
2000 7855 5042626
7465 913 127162
