94
4753 2288 376514
2519 3950 121977
2175 6638 368356
5253 6307 621371
7296 8813 7332
4507 2107 137630
793 7666 466981
6421 609 52054
2512 1038 135327
5573 7323 1817303
447 4168 765366
5849 9276 202519
1433 7160 316228
261 8509 199137
3831 9966 2425311
825 4341 3308369
2489 4687 2259414
8076 4774 150543
2304 6844 236042
6512 1903 442769
2872 1075 1591518
8496 3031 230876
1487 2133 2096952
8989 4251 1661660
1540 5866 2118443
5420 5111 4199745
3174 4720 3918
7179 3101 3208026
6153 8747 3017261
3592 2578 1961442
7269 8466 216033
994 3189 245131
5192 5496 3569245
4665 2333 879295
1615 6041 2191404
1624 390 1105117
9702 7242 441408
3922 2306 512211
927 7389 722821
4048 8872 368419
2869 2754 177700
3152 4467 151940
4095 3603 938229
1222 2675 186348
2115 4908 1433495
948 6383 1333215
348 111 1633807
7005 6733 702813
2518 6535 26789
7145 2867 543823
7003 3861 170507
7520 610 1717936
745 2845 1280915
596 1329 715485
1853 5510 1520865
6475 1759 225779
9023 2617 2407267
1886 1608 818042
1322 6116 533000
4527 6938 1561896
2798 8003 2068719
9267 6010 1002784
1513 5209 380590
327 5999 4521871
2267 278 3322547
8537 3898 2228926
5382 6836 184574
7063 792 23087
2916 6571 1193055
5126 3185 834390
308 4286 377308
327 963 623041
5380 9259 75384
5458 7797 615534
6478 7987 72410
8127 2072 16908
9278 2772 292215
9151 3844 1680
312 7944 2290334
85 1754 982562
3564 1430 2132936
1618 9890 1329817
9761 4586 602059
1051 3168 1480073
7705 3864 930088
7877 7418 1627944
4917 2003 841094
875 2678 313872
5264 9667 3524188
5623 9099 1108673
6618 7104 993333
4856 3483 384246
9822 5535 260176
3274 5056 532263
