65
9128 407 458842
584 4101 2564165
9502 9423 3361717
1473 5321 1295970
9768 9832 5463148
5036 8194 1698813
5898 5779 1422036
1985 5009 64008
4388 5609 937487
7037 3959 1653355
3778 5256 1610726
9133 2331 428415
3677 2546 629515
393 3544 2895085
6117 6999 829499
6949 7736 1028010
8611 9842 470015
6330 3647 1944305
5972 1771 400446
294 3351 1903376
7569 6006 1743249
7859 3551 331606
5341 2640 1139980
2634 6672 588116
64 689 799684
8049 2075 424272
2706 9937 428883
6995 4885 4440566
207 7374 401040
990 7309 915965
2305 54 1613529
7110 6569 9536128
5007 2610 1003906
263 3564 1322980
2307 4515 3154695
9220 1156 281480
250 1090 2419120
4760 1439 710487
6342 5217 4439362
3513 1874 138600
1682 986 910033
6556 5928 2731160
1868 3639 266733
4935 3503 1776393
2778 8221 921662
4918 1793 1084095
5905 4884 2322446
7145 4561 828808
6924 8273 1540958
7787 7495 772695
6443 2794 3188593
9753 133 195086
9854 1746 1689395
9342 5337 515740
693 1021 817023
8585 3691 2084030
6455 8199 393938
2536 8759 320573
2925 9872 2282692
300 4860 400089
8628 5598 1061483
6293 6343 2005554
9161 1088 1812039
5798 8257 134446
6571 4030 3051755
