73
4829 573 5496889
328 6076 3949460
3511 1777 934109
7235 5226 765860
8935 3943 396388
6671 1159 226498
1423 5462 898682
3003 5852 811207
2749 5315 818496
6769 2902 3090043
6451 6113 2380167
2669 9566 1012012
6401 4977 947565
7172 1986 1982329
5879 4811 1557014
6637 2308 2427175
7004 2658 866725
1560 2541 3305288
4402 2205 1102821
5453 7918 3199635
3153 6383 628377
1348 5426 310844
7202 9443 210484
6250 2901 218320
7507 2921 1474912
685 3588 28621
1777 2911 902267
2312 4013 437856
7779 358 2129762
2961 7420 571819
6109 2491 15954
3618 1721 502204
3008 5160 221149
4948 6641 2447855
3771 3062 983953
7817 7385 383900
6817 8067 1769867
5171 4879 1389781
4601 5573 1219946
4963 7692 1335834
4795 2414 1425888
8074 5665 300086
1250 1057 2710431
909 3657 376738
3495 8718 267589
1197 6770 935589
322 6382 1009516
5435 6476 1208688
6668 757 1758621
482 6341 443693
9198 2353 2934733
162 2435 1387807
1253 9833 4310956
2454 4604 1743278
9554 5888 79362
9016 3960 4306535
232 6573 638902
2378 243 1377083
7858 7151 5480787
8795 4469 4207972
2079 312 1253808
2772 5128 46205
7123 8073 119188
4814 6313 446107
1033 2932 349762
5713 9789 1024880
9799 9179 594910
3546 9572 773789
9664 8220 591984
3640 659 1197560
7807 3344 942441
9389 552 656800
4643 1414 1746244
