59
9825 2905 1700070
3687 1272 467180
5135 816 2245399
4697 8560 118571
6640 5278 2296847
9347 6022 1935464
3486 9331 94932
2693 7099 1911803
9192 9949 1212045
6908 7243 2446959
6663 169 3756353
9084 2709 453556
5327 8284 559683
3428 7579 60486
1540 6808 690900
9348 1441 863968
211 5642 407116
7911 696 5370485
5994 9984 1298189
2738 540 4463940
8348 2418 919106
5705 4036 6154394
8204 7041 3404502
6139 8154 1155374
1586 4224 826415
3857 6652 1430438
2639 9145 869326
3756 2649 162576
3030 2096 2129835
2115 986 1542867
7166 6734 194601
1629 431 5821720
9618 5863 829509
5682 1303 4333680
6520 4158 449403
2014 490 2677823
2702 330 3011741
2546 2092 993696
7169 9016 1358692
9338 4055 295739
5411 2421 1503767
8677 1549 772443
7111 4811 377454
8497 6488 1476897
3186 5141 1099320
6585 5040 1272647
3966 175 2040630
1793 3796 2347930
6076 3715 698347
6149 554 1913789
1932 4706 36062
2253 4526 275427
1391 8003 851103
4291 8942 1141858
2913 3539 7056847
4254 6965 900817
3186 2910 942378
1914 2121 4141996
4990 4533 234905
