67
3916 6707 223883
6592 6341 453198
1808 5427 1198198
5611 5127 2599503
635 6220 1919946
2581 9284 175794
8864 9205 139644
7372 3562 545238
9616 9278 451878
5254 7902 3508033
9466 5779 1582299
7912 1492 1935630
7933 1040 656623
3492 544 570373
3493 4643 83504
7390 9045 896172
4284 4430 191337
195 174 868076
7760 960 1213087
3273 8120 1883309
4895 935 102332
7487 5613 573734
3950 3748 1404821
645 8064 109228
2526 6660 958396
2055 4898 1386505
2140 219 121428
7669 732 804065
6680 3517 1523793
8285 2949 562643
1109 1482 806202
7471 5842 64780
1364 3861 519929
9591 5310 1327447
1292 9774 2507545
6768 1152 1585361
2433 4787 494360
5898 3146 2449801
2520 2102 1939084
709 2649 4694665
3477 9722 596442
7221 6118 3902013
3106 1430 2595982
7200 9736 2731295
5228 736 1177722
5435 8983 690502
8704 8337 1411234
3119 1050 780750
5025 1226 2715109
9571 2242 6730486
6568 2262 3589753
9676 9328 292740
9904 9627 1989910
4018 4818 2450621
3329 4438 2520571
5318 1371 2618787
4737 3620 1311102
5788 6956 745764
3735 4465 4159901
4172 8189 833070
9357 6039 52648
3741 4254 1882233
9727 8985 3203283
997 2015 1179547
2917 6444 2230265
7528 3823 2408330
2033 6310 168096
