151
8614 4372 245737
5218 1061 74230
3219 7658 414135
7629 2530 1244664
7952 6583 235730
6177 5478 532528
7943 4987 1331708
1418 6586 4498
6972 9550 155593
3132 8555 971270
7656 3800 616549
6114 2492 59149
5875 1493 74817
7239 3273 1801777
7704 854 371273
519 4462 80627
4370 6604 667385
7845 5738 207320
2779 5151 680155
9999 3420 130887
6655 3831 304315
5864 641 390717
9640 3187 454274
8893 2108 351496
2766 559 1756336
9268 770 1316016
6192 7240 187520
8016 5297 3506910
2252 9899 2145494
8504 8011 769740
98 8172 12933
3882 639 146098
5840 2866 1038191
6808 7286 576760
415 3563 121249
2927 4465 313088
2250 1976 398466
2460 3410 668620
1389 6430 768460
2202 3862 268773
8475 7521 50063
4381 6399 2261317
6016 9298 726579
4930 2567 858003
4139 1832 1597148
3656 5915 1107242
7480 6733 794333
7211 6041 71444
5859 7435 51860
3099 3214 503791
1915 9255 146452
7555 325 445891
4580 4387 404551
8179 980 20779
3425 1802 128826
7383 3661 807923
5669 9893 194731
3734 7175 389283
8585 6841 1446389
6138 2709 2159812
9857 1059 989335
6793 5079 1194019
213 9310 134193
2246 3608 190315
2565 1664 82344
15 8589 883914
6323 3707 1156546
4774 7659 247662
1305 2281 3301119
153 4547 323932
38 9033 751183
1089 6263 215983
2562 9808 368283
5711 52 316452
7985 4628 252812
5401 6436 1278371
4272 4637 1335359
5007 8300 546170
3512 2549 1070966
6690 608 352209
5662 1896 529653
4758 8523 277557
5190 5757 591267
757 941 1414188
5706 6638 753836
3068 8474 671514
2608 5291 29731
5246 1624 83635
8107 6993 1094864
563 6773 652419
4134 8406 15369
3669 2747 814443
6268 7756 857340
6052 210 1682
2907 2473 339265
1228 8269 1150251
4889 1711 59472
4478 7512 97912
5407 1789 207558
3638 1423 498013
4419 8448 1336331
5063 9594 1698034
6208 9137 64694
7062 7698 500318
6143 103 138459
572 6355 853667
232 6172 813273
1050 3213 861525
763 2944 125643
6768 1051 527227
4047 8961 1422338
2579 3304 991219
8926 7125 106498
5178 3782 926335
9524 4456 1587792
2796 7332 374545
4734 8190 231040
152 2555 198171
758 8069 589591
5461 8282 1757830
8410 5554 973189
8528 139 26274
2087 1418 78424
9404 4440 353355
7184 8127 1676
3023 9971 525488
2251 9114 1875141
4629 9982 413661
3790 5302 68144
5889 2526 509718
1370 8748 447799
193 9172 305095
5631 6561 1203562
3044 2988 485520
6967 4826 197136
5015 8287 300115
1444 272 396646
2546 1887 26172
1447 1996 102015
7576 9726 662686
7452 2555 1109069
7643 5292 977294
5745 7856 2579107
18 7992 243688
2067 6798 418385
8893 3816 2814365
5164 7579 64119
6715 8752 377565
7518 3875 371915
3485 1242 882638
2063 6207 1412468
