96
5196 1845 110237
6201 1732 6352199
6273 6619 1454031
7986 7550 790810
696 7964 1631299
5007 6714 14402
2307 5576 257620
8908 8438 645298
1300 4788 386135
8937 1276 1121794
588 8760 3232499
5202 2347 71138
517 1598 980804
2981 261 12902
8183 3313 2835819
1478 3116 45377
7492 7041 629447
1363 3976 859967
4677 1233 1660795
858 9179 2179582
8580 8088 2348272
6392 3512 2039930
9707 8652 2958160
1305 7244 38271
5764 7362 2444166
6953 8045 2134
5635 7064 1633316
261 2484 367721
3276 9205 882135
295 2019 300993
1355 6916 535012
3121 3950 2400466
1682 1262 244871
2124 8930 574
9549 4755 1093397
1513 6070 1200410
2569 5250 1974350
6625 372 705361
4221 8323 1043321
4841 4485 215586
573 1854 566482
1338 9304 1046698
6843 3953 43016
6971 4185 733414
1365 361 132903
2024 3170 1545143
7116 151 3069890
7635 2340 161863
6156 7499 322163
5538 4254 149902
1006 9043 922318
7513 9043 251940
8396 5349 1135605
70 3502 2875942
2704 4192 1985229
6794 7929 20349
873 3718 207832
1693 7669 1316092
3694 1112 938051
7827 1217 875751
2344 3329 447469
2877 2029 560309
1023 33 104202
7851 1561 144107
2985 2356 1188059
9923 1710 3504128
2447 8392 704246
7656 364 209256
8427 2805 1012197
2868 4599 912606
6759 6591 145673
6654 6026 443177
700 7611 656994
1014 7618 898139
5678 252 1764472
5700 7510 333972
7364 5354 16014
3180 8837 658906
3766 7375 3475735
3473 3613 1647028
5623 9160 2289
635 8422 1356628
9064 8600 1737682
266 2494 922913
2003 8384 91166
1920 3315 205806
1307 9327 121663
2582 9320 464082
2199 6267 226368
5801 1205 921229
3076 5439 833271
6442 7691 1877268
7360 9369 1608796
6427 6921 1107894
566 3517 37678
8124 6095 3657394
