90
7292 4213 229673
6335 5868 155758
8062 7252 3129530
1870 4704 177431
1725 2863 10022
5701 9401 922872
6004 6763 110923
433 7756 2273926
8196 7401 171030
7088 8364 1347349
8720 1597 10282
2921 4161 1286142
9459 5730 43227
7983 5047 927552
4384 5164 5936510
9502 5684 2441238
2073 5281 1312111
9236 3048 128570
4929 2781 911334
4321 6330 964258
602 2383 399036
5103 1755 36562
2138 1870 1540767
7508 7721 835384
8144 7012 959982
5888 1718 655328
7143 2127 2499672
2798 851 1874863
7722 9459 347219
9441 7438 841626
9907 5674 2303274
4237 4503 479330
52 9886 2968411
5452 2622 1004537
2094 5283 248185
3693 1132 20380
5983 174 230983
1989 1958 108227
7350 8754 2988012
9852 5639 277337
2744 9562 161977
3606 9611 2680599
1938 4302 377313
2854 3250 659050
3970 6120 3522136
8493 5597 1002846
1460 1115 2635188
7371 6838 624313
701 129 325022
5091 5968 1200037
5394 3267 453785
6805 5456 503038
7393 863 241037
2618 13 286742
2894 352 2003015
6090 9853 165982
7631 8224 11153
5225 6849 346247
3713 3087 535398
820 5155 79927
2317 9739 53853
1660 6836 313318
162 3237 1554951
7806 9647 456402
3361 7785 2139953
1393 9941 2566550
984 8587 342352
8325 9517 614879
5159 9177 216132
8994 9253 777708
6075 6943 1664350
6826 1898 1309117
2084 833 253993
58 3916 1834273
193 2814 3214515
2383 2897 1152409
4134 7967 2061020
7713 7934 883096
8792 5155 772705
9654 4511 729933
8697 6715 1442139
2995 9386 6686484
1901 7541 484362
3129 9156 74808
4283 8200 2080789
1020 8130 411725
148 2437 1734673
7198 3520 312687
553 802 2122251
2072 466 814915
