85
7372 868 1046447
2766 5551 267374
737 4413 272867
9811 2923 228125
3104 9692 2352417
291 4451 69266
8895 1297 2769063
9283 5193 223827
6234 1160 76470
3276 7139 3423325
2807 4083 3823182
3973 9059 1691798
5562 2681 2980708
1527 8430 1017130
7940 8880 710682
5882 371 2392624
415 7000 708265
2413 3156 669226
4251 8531 1840809
8460 2248 241764
1402 1841 502104
5253 9203 1177928
9697 6749 517830
2499 4249 284753
9350 4373 342229
7135 1838 174380
5986 5269 187588
9775 9757 1312869
1252 2684 1167851
8593 8264 1686679
9474 6647 1623847
5304 668 17259
9094 8686 2406812
8627 2695 505388
3703 7161 2037889
296 1995 250389
5029 161 1040536
7083 2815 44197
929 4239 1124760
6557 5731 1043727
1169 7424 3997246
8395 2400 968656
1545 6625 1762292
7329 7817 1000773
414 4756 590705
4530 4077 398766
6930 7939 1842201
142 6342 2963782
6486 5607 166827
325 6226 910271
6702 2818 34165
4997 4696 1625645
27 2000 1883264
540 3833 1014709
5404 8638 336814
1481 8260 310304
7752 6268 680699
6697 2083 256678
4457 9096 521543
1160 8787 2956356
8271 1518 2157981
523 6614 3852
7373 3176 234020
1375 9616 1050276
2035 272 3382690
1696 4875 1767963
6971 7461 219306
1133 440 2358917
4534 7110 1875348
5670 8565 2725956
4169 3867 540690
2379 6626 962410
5189 459 4816158
7740 2649 1229038
9904 9330 255641
601 3202 452489
7208 6468 643948
7395 9074 197768
2817 6321 3286005
815 7881 533269
8779 2268 325898
2341 9962 1945248
3637 3898 120843
7751 4867 220300
4444 3303 217906
