194
1341 5033 777796
6809 5142 577935
748 7884 529570
4260 7803 64144
1069 376 134082
4543 9399 475384
2235 4888 341503
4844 9156 514486
3584 8300 235555
1472 6120 7919
4910 30 710785
6759 7140 1757600
5268 6045 100030
2501 8965 1362222
2971 4140 170484
3211 2889 503913
6877 9157 282473
2404 5905 14059
8940 2523 133296
6186 6397 965657
7363 444 1269985
5843 3980 274554
3503 2989 202684
2404 8916 440570
9979 7549 700195
2384 4019 539221
8445 5728 223822
7774 6306 858802
4987 5948 1955905
6320 3255 728486
7209 3011 512303
1069 6023 594795
5081 6061 151380
3838 2490 288337
4087 6770 802734
9444 6252 111996
1975 8224 290937
4401 1045 294300
6556 5592 847866
5878 9137 578919
2915 2160 663876
3385 2194 376310
9363 7117 580643
1381 11 207656
1539 8261 307353
7408 4172 206175
9702 2386 653530
5160 1054 285415
6010 2192 277759
9920 302 120656
1908 4507 310822
664 1052 238460
3766 8498 310928
5772 1823 342159
2519 817 256952
2640 3201 229684
5221 9879 982864
2766 5774 2009143
2007 2978 1252831
9190 7464 155452
5098 1801 1101791
8326 9367 504549
2730 7638 81781
9110 2522 526904
6726 8908 57932
9498 6053 285675
7151 7908 494214
2479 3052 165233
1499 5639 69842
1333 5595 850698
9108 6749 1538883
2669 5867 378400
7243 5739 1679843
2744 8791 351574
1328 9151 297459
8126 4493 1905839
5593 4369 449027
745 180 1263806
4045 4144 384637
8790 4393 133666
4740 2263 307622
7325 6370 337639
6792 5388 253538
9963 4850 270195
2175 6800 614989
4772 3103 201664
5619 4747 172265
1063 7528 616028
5940 6872 517481
8145 329 331588
3476 4490 354033
5083 693 504118
5781 3034 959607
4245 2301 31310
3058 3249 107629
3595 1174 221332
8770 8377 127876
5702 8279 1524397
9794 6628 935355
5289 442 374274
6674 6340 1024412
78 7249 99559
2147 1548 438351
2348 142 534072
6912 7419 2112487
4896 4530 502276
4443 9367 247323
5745 6090 17281
3961 1037 274020
7301 1730 116301
767 3608 49765
6005 2853 484900
2423 2291 583395
997 3618 1438629
7346 2168 246368
5420 8393 215410
2382 3154 274857
9479 4795 233221
9354 3072 796420
998 7175 534756
6295 7996 92691
8377 5881 67621
6512 5076 406983
7412 5156 352603
2887 1789 295295
6580 258 318348
159 1221 749745
6027 5625 96155
6413 5740 403850
8082 6473 275674
7528 5204 643766
8031 3647 673596
9233 3451 516699
1168 8574 8848
1461 3265 573445
4608 2663 625850
4660 6114 13204
9042 8636 714127
2754 5649 667191
2189 5741 2410
2861 7632 274266
6214 709 1105279
4715 5333 37201
7982 9224 372518
6708 7633 260723
8159 2944 377024
3867 2281 654663
6862 982 223107
615 6253 13949
9825 3670 1090507
4670 7980 1921357
2879 6803 479488
5137 7035 558203
311 2643 100146
4602 8929 332639
3219 5773 672714
4965 1923 830819
8746 3024 490139
6167 290 113142
1282 7474 155015
326 6562 410551
6321 4277 340880
7033 9865 109784
7628 4656 23632
9154 5545 287937
1883 1391 393567
9754 574 1862154
9458 2911 265173
6026 5479 39418
1507 5000 1569019
6676 1917 182374
8207 4369 1152102
9609 6019 639593
4020 2164 70583
5813 5247 21916
4610 8736 943851
9137 8711 43560
3216 3637 295641
5252 6728 517935
9679 3115 761746
206 9327 691554
9355 5075 1031703
6815 3008 453143
9119 7076 1102988
1599 4363 222667
1478 2819 701705
6728 2525 175365
7340 897 543203
6163 7181 1617842
569 6267 169337
2259 6121 1320258
2501 1026 759218
30 5981 548765
1184 8716 565988
