73
2506 2241 727057
6210 4251 413493
7407 8679 1639576
7869 8570 1229053
9229 4160 669431
1784 6119 810282
32 826 40003
1992 3230 187219
822 6246 1190619
6749 4456 248745
3929 3241 5350771
2397 3397 1442144
1475 9714 250215
7349 1316 6868933
2775 1306 698461
381 9837 302655
8157 8356 80007
9250 3293 828007
4941 818 1145160
3016 9693 390877
6472 4059 1497482
8673 8373 200329
8397 6316 500584
4784 4785 2072839
7635 3503 762290
359 2145 2179963
6324 4660 644259
8538 6071 3418298
6157 593 2504483
6941 4589 644242
779 9802 5854010
1297 5814 75715
8146 9057 1288335
5304 6585 149579
4336 8756 260651
1417 324 345935
7216 3608 1000352
8053 6667 1891924
1998 2864 2470865
8716 2490 239661
8061 8135 1165196
2775 9660 2866374
753 6229 421663
6354 5883 1012454
4674 2222 78303
6299 9965 3217199
299 3444 842526
1558 3428 390484
6922 9327 65987
92 5514 697469
9768 3548 1025747
4387 5723 559727
6257 745 1710913
837 5110 2760886
8494 9481 1424538
1282 1975 2171119
6986 9856 71345
2508 6993 300647
952 4625 577999
5546 3851 51793
6592 7911 4599187
8608 6020 3698450
5023 1492 7093391
586 8913 2434117
5666 7366 2895236
5785 7357 715083
7434 4672 468279
4886 4662 1613700
1950 7305 184475
542 7568 56718
1391 761 227193
7523 3597 78425
6571 6688 2008873
