167
7343 3521 747515
850 6955 256158
7086 8106 126940
9033 650 149907
1484 6888 674758
8865 7924 32007
9171 68 489952
3618 3513 451979
8624 6682 1587846
3460 9305 191278
7936 4207 77573
871 8305 423337
1054 3098 839534
9881 1110 258425
2297 8969 386222
5450 8102 680631
8281 3091 520824
6742 5346 418211
9115 7607 324147
8098 3774 71442
815 8905 925992
2609 6299 172961
3232 6315 629427
2481 6614 1977064
2322 7027 232611
7175 508 632524
6574 8702 696398
2310 2854 893146
5858 4291 1094151
1966 1076 362968
7356 2920 451957
8670 7992 341956
9869 1848 4578154
1134 6176 292893
5680 2047 257555
7481 4463 1126499
4065 7336 226270
9669 4822 112555
9950 5868 62501
1986 953 139549
4265 674 199596
5109 7906 424639
6074 5312 502783
77 1580 96324
7761 9267 922004
5509 7131 266740
9958 2213 140080
8760 6699 349819
1657 3133 336054
9356 2849 565118
5001 2213 135773
5554 2123 406769
4909 8893 489412
5680 6125 1029506
6766 9424 702715
5876 709 160406
4965 4720 379361
8921 8436 211868
6246 7657 70618
7641 7233 192963
9112 7964 103015
9904 7329 1697307
2684 3029 590252
326 8433 328548
512 5733 40078
3584 120 90318
7831 6116 485623
3380 3376 442597
8742 5995 432235
4618 9092 227652
813 6212 295177
6201 4614 1368561
5656 3993 1567
6969 882 249188
6086 3353 83437
6176 6985 10762
385 3729 111388
5399 9623 350848
4581 8756 471119
7842 1488 1342915
2563 7839 12961
8347 5413 522755
266 1532 7526
5634 2820 160780
7883 5935 382274
2569 9284 384185
625 8614 1110633
1313 8442 1288803
8661 1578 1128305
8986 8781 1261880
5582 4024 254562
976 6602 971928
9109 9879 956307
8184 7300 117703
63 5729 89865
7935 9480 127672
6441 766 425790
179 6475 540538
3638 3039 182037
9428 9614 242237
8734 2943 5942
9757 1285 310884
8773 4151 463622
5319 8748 1166441
6717 1626 281517
7763 5798 640174
4996 8030 636878
5076 2871 326445
2022 7508 86241
6493 4677 864220
7607 7804 325631
9121 7198 1276434
6207 7797 881637
1378 8651 859062
7648 7802 2182814
6459 1356 202800
7766 2674 1047561
9309 1543 458879
5538 8144 104183
3884 8963 404135
2493 7161 133396
8545 3142 422682
3800 5299 292273
676 6720 300170
4853 6452 1087666
5908 1253 94176
186 2730 534327
737 4961 1371758
5872 8027 339677
379 9091 418084
2788 4526 573087
2775 1337 352494
8637 2673 363582
7823 2153 529508
3461 224 2200877
364 4791 579328
7161 4870 955214
3199 1313 498470
9247 6365 3617487
6378 8688 361901
3554 8945 2413729
7533 490 133806
1558 3104 2003274
575 7793 12503
6485 3772 422456
8470 548 141907
9604 210 9666
9979 8141 2465334
2242 5649 814073
389 780 969954
4125 5770 712762
7809 6810 483591
6783 6793 846000
886 7032 211553
3449 9575 1130277
6151 997 695997
4340 998 2355061
4707 866 617970
1047 3210 167849
9093 8467 177175
3328 2740 877548
8816 1673 332659
3193 4943 2466982
9809 1080 217316
2485 7297 520527
6396 7147 819265
2483 7301 39416
