109
6628 2274 669435
7611 4956 720748
9414 3046 25079
4974 8255 1297871
5069 1897 1041584
6682 5871 1448512
8049 2330 2004011
1487 9458 1396486
8453 8363 1715447
2269 5118 121854
618 9110 2255734
895 8341 438085
7138 9493 47121
4663 9459 937997
3633 3262 29273
2556 9013 391968
6311 7241 1562192
1447 8934 30392
8135 8646 1264685
5954 9371 2672074
1031 1075 711291
402 2085 792583
1278 7479 1394469
4185 3518 1297802
6150 2041 1213423
9998 229 603628
5671 5044 1397103
8652 6282 144857
9946 5927 198446
7558 7193 223970
22 716 1452688
9071 2390 886090
9427 466 216124
8744 9241 511206
6143 5818 45889
8082 5438 166817
6103 6871 329056
1035 1173 692266
7157 1914 105211
4267 7756 53502
6413 7437 3845074
2873 5183 6427202
5755 6910 1771787
2269 5184 286814
231 4705 790805
5680 1217 63996
5149 3688 467242
9472 7574 344897
3662 6582 768253
6639 4922 77833
984 5005 1643351
6990 5221 982592
3046 6868 300595
2900 4772 5416865
4033 2974 977477
1975 6397 628452
344 2933 123652
6303 5110 202287
4140 7735 262227
2595 6312 256499
2248 1776 994062
3394 7606 12464
3711 6832 1155430
3332 3303 2048323
6409 1934 1722302
1664 3490 40611
2845 8903 451427
284 2592 947087
4309 5810 86400
3452 879 674935
9854 2245 804550
8519 5094 1395042
997 9502 49112
2030 4849 1175668
614 1716 3114186
7082 3421 105001
4817 3635 826267
2639 4929 1240682
9840 1374 675729
5425 8917 2942291
5346 5135 1865091
6396 6165 1181071
3429 2058 1192427
8887 3359 263993
1775 5655 560932
8201 6621 453210
9519 2108 841998
4465 8709 494596
5199 3644 17662
5528 6061 581821
9616 4588 849042
1839 5688 358622
3918 5735 170288
9800 6024 184914
3302 9611 631532
8049 511 1501351
8874 4979 1088842
1848 3696 464361
2278 1612 100051
6108 4849 1683779
2328 953 105505
6879 7637 1012370
9992 3141 325116
5665 645 595313
9818 6736 795840
7632 8076 1617451
9099 3500 811175
8735 4249 942388
5906 225 702821
