88
3951 4687 886177
335 8066 1321597
735 1643 450973
6769 5870 672495
8328 7607 217593
4703 7128 552895
5031 2470 1088079
5176 6551 1522406
7661 8644 865854
257 546 436065
8639 3210 449426
3190 995 107362
2246 9221 1915181
9116 3684 393577
4336 6797 6290749
5408 1444 2019862
9864 9918 1701399
241 9160 284115
2993 6330 1259358
3184 6934 184869
5879 380 299351
9536 978 426078
7025 3685 2368867
4545 2884 828311
7420 5049 3160859
1066 1286 931910
6588 281 532757
530 1079 440594
7563 7216 66959
3147 5822 385212
1145 2169 514785
4737 7306 2592369
1021 8334 369890
2244 8273 177189
824 147 129471
7904 7681 2187737
3876 4062 173072
2368 9509 101648
4817 7912 332109
5763 7504 6129482
1841 7025 140621
8735 4832 141947
1284 3252 380413
5280 5576 466289
2390 505 1532683
8580 6691 1765589
6179 5016 1975651
6139 1260 867817
2555 3198 2906630
3921 5825 2114439
1862 5365 3443148
9314 7259 603297
8282 8840 399263
3026 4360 1675613
7745 4991 548547
363 5740 1204646
8957 4609 1110436
7935 8756 7141144
2664 7846 1511619
6868 4412 774056
7335 8154 343071
9396 8753 881743
6963 987 307660
7249 1862 499643
2523 2254 81939
4538 1094 5305739
5982 9597 1390325
8917 4566 553179
3587 5406 65609
9907 966 1483506
6330 7873 83172
2672 4201 399613
2678 7986 1163125
5034 2724 152851
9093 4070 643169
4959 2569 2061911
1711 7659 315132
6143 5477 1403562
3960 53 1227818
4867 7329 1114412
2652 9365 272248
9551 3637 1122025
9679 193 599278
3710 6494 754186
716 5453 1273774
2680 9405 887903
6366 5514 61398
4528 3251 79479
