100
134 6864 366437
8590 8372 2455914
2753 4865 1536555
8287 2364 1006729
524 6409 743977
5443 6038 910574
9980 490 205099
9042 4847 1710193
3944 5194 90318
758 8681 171108
9133 1635 1197390
4270 8952 2559
330 681 127367
4139 8039 2006479
1456 1044 714825
513 3791 1615373
362 2861 214604
5587 6418 1468612
6044 7907 114980
7091 8112 4994523
8258 1780 134332
4233 8486 257021
5342 7708 402058
4864 5748 1017196
2593 2029 1478
4073 8438 602524
6963 8807 116060
6004 924 1042977
7270 5259 1673189
565 7259 959111
3303 271 736867
9125 3301 280968
2080 2540 582729
5267 9834 2733729
3996 1712 532321
1916 8778 1309961
8425 3823 3004994
2576 7966 1196969
6477 1418 27581
1806 7702 75717
5441 7708 740539
8249 4017 166221
6798 5999 378796
1525 8234 964611
1730 994 112097
4609 1965 2431966
5922 6747 1836449
8595 1060 285985
5714 4368 397321
3653 4102 644329
9382 100 2499230
2814 3841 547858
2886 2593 1040962
1304 9023 2137088
3339 2669 5526087
2432 5113 343280
8121 7839 573705
3815 8076 121204
7921 2003 2771417
86 7966 1866682
3456 524 460081
7856 3538 1784474
4551 1998 1239091
1209 7753 381612
6603 818 1182928
3686 6375 283664
8823 5410 254535
1631 2 376072
7574 1900 1295021
9787 1289 37036
6026 3120 26974
8121 5785 261415
655 9128 1282916
8764 521 744424
8026 157 271264
35 1330 70793
3539 1978 1371868
1499 86 414023
7118 1633 1682215
134 8683 397656
2026 3929 347062
7441 2915 688873
4154 3633 2937484
3052 6058 2795060
6490 3366 345472
3941 2884 1504984
5999 4919 1578259
2693 694 2999311
1059 7152 2009855
3751 6504 19644
3273 7080 352166
7682 6160 328407
6683 5607 367345
5989 6374 186532
2281 1864 273959
4599 9104 1056335
2112 8151 702204
3023 5514 743306
8942 7046 1897264
3670 5022 1321191
