143
7426 3386 90273
4785 5241 1909901
6091 3021 166432
7820 8710 413324
265 9612 1843131
6424 7392 754956
2460 8232 510773
442 6505 152323
2703 6732 147387
7343 8714 424322
3646 164 2207704
2730 6722 484218
591 7630 613858
1796 2171 9919
1734 820 1612136
8041 2341 72464
8840 3542 270760
2166 3244 1298407
2825 6684 450418
5704 3338 476903
426 1279 933953
9920 4927 905103
8554 1077 147315
8399 1243 503178
7585 1438 451279
7110 6449 292191
8562 8758 59677
9277 1958 667766
3799 8712 148974
9338 8486 337170
8288 9327 258981
3733 9799 60176
549 793 119472
561 8439 766699
2833 4877 244314
9405 2303 871959
7785 866 21921
6893 7610 376010
6681 7004 443113
5154 8129 307231
824 7598 214408
9398 7343 278791
3977 7591 1480391
7640 4002 286743
9620 6763 143910
4243 8814 323804
5716 8600 675014
7861 4143 1331383
731 5149 515067
8791 101 266085
6507 1839 549228
3257 2587 893139
5328 4754 168427
5189 7140 1943391
1500 1638 720942
8780 6531 302721
6676 838 507967
6911 3322 227154
5730 8450 441425
5140 6481 41801
7548 803 706976
9630 4313 2004755
6305 4625 199948
9044 8309 506900
1993 929 85547
5363 7792 817989
213 582 1661654
3196 4786 171145
9574 2843 2584564
4733 9255 5250
7702 6153 971871
4734 2704 1047187
2325 1882 202816
8334 8852 1225300
4259 8983 537195
9582 7455 1650267
7899 987 1716350
3307 3115 1165853
4268 5914 96361
7952 3599 443814
1338 3196 3965685
7801 8251 184653
8783 4261 603661
7411 3224 1500451
5472 9138 1343004
7073 3063 242229
178 739 672482
9821 3351 282261
6311 7991 308692
7221 542 268061
5861 2248 285413
4039 8049 201440
9254 6744 303097
8936 9243 92399
7751 5602 28943
9890 8848 545318
1689 258 193388
2865 7084 67228
8439 1153 2724841
107 2618 2432603
855 3606 196622
4109 1581 1779343
256 5538 36502
6073 1519 1003737
3454 9977 1915016
3385 1831 656040
8592 3769 566417
1027 2519 365530
4323 9110 1625090
718 2485 452491
5851 1758 160769
6457 1599 1815134
5591 4282 129405
2211 153 893280
4281 2176 3953663
5665 8911 302474
945 865 522011
1879 743 1254034
3393 7852 542742
6280 2032 50334
7499 9788 483618
2340 7455 1172874
5105 7033 345273
8787 6474 173233
4981 1913 157484
6761 9724 281414
4624 5749 193715
8364 4462 147075
4087 8351 1171528
1718 5429 179146
1646 3582 1040911
8178 2641 3270617
9747 2303 268038
8991 7555 1655466
7866 5092 338536
1587 5659 965392
4766 938 386250
4223 693 100786
6714 7944 987961
5951 5660 464386
2342 5112 138911
8884 8098 146728
793 5641 524551
