65
6133 7147 2837859
4442 2108 811837
7045 1012 2772937
5471 9148 739317
3385 3216 1177407
2428 873 755070
3607 5808 611907
2186 249 69510
7909 3267 4686456
371 650 8641921
4624 2612 35634
3828 9942 72081
6175 7923 871466
4503 6662 186076
240 4845 1722931
3533 8048 2606943
9301 1737 920758
4646 3200 524971
9086 6487 4327085
511 8048 4451322
4822 551 2288209
7513 5688 1279296
6133 646 1368189
8252 6794 1578798
6604 3005 2156766
8048 1554 806865
8947 1085 2581981
3651 3906 579646
1749 9958 3172211
9370 3350 81017
379 8501 152372
4083 8990 1309097
6254 3800 4295407
1942 6537 6516669
9227 9553 3306241
2181 524 286219
3986 4820 717037
5452 2509 616581
5713 9433 3901826
1957 8516 2230086
7732 7517 766943
6396 5313 861634
2225 3648 1954017
3548 8662 1855020
4027 7764 2997247
9828 7571 1795642
1637 3984 1565461
316 2816 352327
2012 8669 137973
3619 3469 244207
2644 6583 483280
1085 2180 648655
6524 4470 692142
2693 6239 2040969
9883 7012 572459
2042 8777 36100
6662 973 502816
3261 1629 761297
9022 4806 763061
9452 8955 1673319
6519 5353 88244
6759 6618 487194
6958 6418 606731
2369 6265 18899
5819 6221 46362
