93
7371 7314 1792356
6718 6712 61659
9054 2899 1128718
8953 511 525728
8366 1543 213670
1240 5446 48010
9859 2392 391831
4884 5513 442886
9373 6791 186039
6208 4801 79295
8833 965 259064
9173 1610 171533
1036 7529 801222
2230 3728 2013236
9254 6961 3481545
2749 6015 1365965
5121 5785 533607
359 6449 2480964
114 9319 5085656
2273 9357 27487
1296 8514 756986
489 1778 184233
7528 719 647199
6999 9377 2633363
5946 8774 1831992
2546 7160 2682730
7171 1538 1349179
9364 6142 636604
9870 9253 952751
7324 7176 146313
6818 6663 1167946
3468 3565 1084257
2648 1238 3626380
4334 9365 69464
4948 3184 82954
4130 688 3126899
4028 662 1284845
4852 7199 1402844
7138 1792 519163
3116 3168 88865
3252 6972 988922
7054 1035 819902
8901 9065 61144
2393 964 993066
8123 1639 564697
7866 2852 3511297
713 4969 749608
4948 3884 938677
7211 1745 51748
1674 2419 952038
4198 6509 271810
890 4426 1338311
587 2407 215237
1118 9406 3578568
6462 8255 1302200
951 8944 124641
9553 2074 165239
5679 379 2174365
8249 876 3024456
8619 1252 301707
8488 8433 530519
7142 7075 494145
2761 2850 83478
4676 8456 523969
5228 681 1465457
8307 5537 1376406
9022 7921 793846
619 9489 1560212
9831 1051 237860
4919 1942 826666
3447 8447 1711360
5623 5068 2548094
1434 7589 924798
6637 9638 1444389
6095 374 875854
8124 7918 189969
6428 969 59331
2429 4840 2098258
803 9216 1283583
8421 8549 473713
9419 4862 1150908
706 5904 223032
9482 392 2009975
5077 8464 151635
1394 8311 173511
7833 2796 1236086
2847 1170 3920688
6285 2264 397756
5555 4282 80007
4711 8753 2045461
2057 4856 343230
5684 9237 304572
1512 5732 968161
