60
3482 8783 3627806
1197 363 3892038
2606 8020 343405
6843 1554 148229
9336 7888 1702705
396 5143 5725158
724 2141 2271874
7689 6817 338000
7447 5549 4994837
8864 782 4778220
7940 3792 683203
197 8545 1486405
1525 6784 372131
8603 4547 62486
5431 2679 45972
6239 4717 385514
7654 6118 896409
5315 4433 2271675
2985 4870 87555
8549 9041 229452
4867 2737 394739
797 8577 27638
894 3128 3851637
4979 306 457173
7109 4898 81821
6283 8255 785163
2916 2120 7667315
3339 3566 257787
9792 7840 486512
2059 7526 161760
5820 418 597819
2777 1628 1026136
2495 1663 1012044
5862 3916 1816537
2828 7125 1475914
229 9779 1480504
2292 8845 237200
295 5793 61377
9515 6836 8040204
2694 3860 984882
4994 1403 7148927
9094 3816 457284
6387 8660 1808238
8653 5734 79161
5286 2451 3356251
3529 2361 102506
5378 4715 3292314
8978 353 369795
7179 8144 4646489
7158 9314 688574
9662 6988 1643894
5577 450 1043303
1265 5166 588199
5744 8698 674208
120 9393 261831
3267 9102 4573074
3714 5159 2040170
4653 1182 713216
9965 6262 650719
131 569 614611
