91
450 863 992120
9002 3468 3768159
4752 9877 2176764
8443 2474 604032
9742 8232 2858203
8345 1487 1618755
3679 5928 230276
6428 3375 1027219
6530 4957 32516
5575 271 52652
8055 9584 517356
9830 1585 1082586
2512 8594 745219
4150 644 84737
1943 5303 828179
1490 7129 3331660
7553 1661 800400
3984 5239 508612
4179 5721 904136
3108 9937 612817
3812 9739 209269
6930 8631 147150
9872 9861 467547
5470 5948 1624159
5586 8068 3325974
3227 9459 1346205
9110 3266 451577
4543 4228 1236779
6744 5117 2237993
2235 3180 235954
2871 5038 1094328
2981 5359 3058346
9933 3842 1375095
9768 1308 884066
2396 1961 1413221
2599 9795 571120
883 989 2338859
9533 8906 36032
5205 4153 364970
4074 8331 2440839
7238 2765 335248
5660 3985 1651063
7870 3002 286177
6197 6178 1930
7343 1887 542747
6392 8683 284295
9276 7254 568768
1776 4069 509112
9352 829 573098
5827 4979 1104229
5042 2410 1514274
9590 4808 651844
7513 9326 1396542
6219 3124 691364
2595 3277 3376447
193 9064 1566981
6599 5560 991508
8963 9722 2525910
4727 828 1194317
3307 5209 662381
5071 1823 100679
8292 4901 578515
1441 2030 527849
3943 5072 1126951
4575 1664 3274252
4733 6744 120092
8745 5281 747931
5845 7944 622371
5785 6988 195538
6364 4273 300826
2264 7927 498524
2014 6633 1207238
2975 9107 324236
1235 5669 383164
6803 7348 2262838
4355 3455 1547579
1690 7480 626927
7930 1132 908350
2459 1445 2002670
9796 2310 551913
6281 7067 1476754
8845 886 207784
3130 823 374863
781 8331 753551
3177 5278 3094840
6360 6456 3452925
8018 2732 466107
8270 2623 201108
2610 2103 3283143
4822 259 251151
5189 6414 465215
