116
6268 4615 317953
5471 8637 1366959
183 276 1442136
3204 343 317815
6428 8409 117795
5114 1940 2045033
8211 2598 1018665
7434 5572 29772
6491 9315 1600297
1501 3726 1271757
919 549 1596229
6231 7348 728145
9100 4552 2175698
1165 2183 379587
882 930 222906
5979 3 202571
9071 5210 115913
4287 5319 633529
8761 4851 1525860
244 3203 1131023
6213 9351 642536
3664 3249 456322
4230 1414 613644
2693 4552 389987
9385 9818 1884237
1668 1824 637847
7300 7265 372500
1004 39 1045966
7431 8597 227300
5000 7524 98210
9214 4405 423184
6155 382 757033
3906 7225 119691
1363 481 201932
5763 5150 461752
5932 4100 1770468
7073 9101 39996
1140 2808 329832
4716 1758 66851
1699 8886 1469721
5104 7448 1213680
1040 3586 1755813
4438 1642 325893
4114 5282 110723
3808 1813 17506
7190 1971 83024
2330 9348 3265808
4862 1359 1323006
8556 9926 775126
7947 4104 1214740
7387 2911 1614650
7984 4441 245596
4660 6184 1433986
2495 5736 2942593
6329 6943 608832
6655 767 934967
609 8506 234670
155 9448 1969734
3248 6837 493575
2049 492 2032084
3051 9734 439765
1684 1369 346813
2412 6449 360929
1326 3606 403926
7087 5723 37651
16 9343 907401
1423 1635 2267438
2360 5896 1054136
8957 1331 218975
5414 9382 719177
4027 5084 376587
6546 4739 700562
987 4219 228552
2813 4608 261730
2824 806 907287
5183 3399 3450170
1106 8195 937819
4431 5863 2844013
6912 7064 135028
8673 5966 2735558
3133 7828 435310
844 3970 820493
4767 3996 1044517
7222 4019 7218
6129 4458 797492
3082 6414 464215
3587 6665 535586
8011 5339 419553
167 6256 1408150
3344 5755 413128
3851 3986 1214813
9195 4939 1470307
8640 7270 1408022
174 8398 367871
176 5909 290161
8117 1575 546282
2448 989 23254
4521 3940 680098
346 2457 1625863
5324 4681 382693
3623 4449 679027
2622 7741 639591
9355 1337 2040882
1722 5998 186468
2309 2780 805679
1947 7333 1021685
2100 9435 743456
5908 3920 45319
7582 7075 1100921
6575 496 792855
542 9167 492077
1123 3713 977722
8515 8190 190132
8024 1953 1592311
6028 693 806310
9669 7475 1352364
