162
4167 2767 631298
7087 9032 1577359
9722 7109 1437770
6339 4339 258190
1275 9869 99292
2396 9576 993225
351 1649 902537
4632 4264 861927
6149 5283 799161
8943 5863 853793
3722 7601 484705
7770 713 581760
8472 8188 691244
9209 8426 1632638
3184 9068 385695
1575 981 1373933
6203 7048 224145
8597 5735 44113
395 8721 234546
8096 5837 399687
554 949 408733
7407 2001 1180232
3365 901 8333
5726 7965 334057
4834 9533 1627142
161 3774 1343706
6386 8996 366426
1317 9841 465567
3390 7595 110176
1103 3206 26752
2055 5909 191375
7969 1200 203018
4691 762 24750
1040 8421 254522
2968 373 219909
4067 524 386883
6198 5973 310798
687 6430 1268684
4321 3683 702830
8246 2248 479095
2466 2369 796981
5561 9845 66547
3848 2791 2019428
3308 3877 186537
9141 6854 133646
8685 7630 320895
8913 1505 160286
9292 2821 202756
1153 6369 533444
4458 4212 425585
3553 1091 19565
873 9850 708700
5488 366 1950868
38 3547 220978
8371 9755 1871358
507 9248 751029
2846 1849 151453
2627 4757 361425
853 3539 278985
9242 4786 117228
7553 9848 367997
1880 2722 655177
5482 5303 256954
5938 6132 1111097
180 4539 378000
1903 2257 396557
8404 2086 377828
5587 6305 166398
2271 9822 1418775
6160 9180 1041298
7079 3881 2696724
7366 7916 32594
4450 4568 165672
8280 8841 4700298
3345 3765 217870
5830 2814 675990
5469 3244 1343172
1120 6803 66403
40 4262 186952
4856 164 449994
931 6320 866156
1497 563 226444
5867 1355 33780
4812 4434 605513
8580 8397 99300
3996 5284 351137
5769 7767 500995
6221 8425 319015
4050 2036 163197
2727 5 315547
9485 5586 2331958
9350 8748 282218
2890 6932 916601
7006 4922 1755312
8432 2636 33607
1455 1887 1048594
8417 9089 1304197
366 850 1436572
8094 6755 242964
6175 5152 1503179
9766 4297 1340359
2576 1012 119661
4810 5377 235813
768 4010 874854
3725 6268 244610
7722 5438 1167629
6853 420 84086
6813 2177 888602
6186 1512 608173
4523 437 401826
5385 3311 323362
7959 6073 920578
684 6550 516625
396 3350 613114
701 6549 19392
9028 6358 849106
6017 8571 17380
562 6422 98053
1316 1526 1422969
1706 425 615634
8989 5917 120789
3364 4422 417485
3399 6832 7338
2715 7287 225915
614 2062 1398734
8831 3868 147333
2317 553 219316
2969 7257 935616
522 8582 801218
3156 6955 33543
5144 6177 74943
4437 8316 434051
1866 444 285078
4243 6604 852430
3643 4033 1158543
618 5106 197878
8728 4494 472703
1064 4931 341059
5953 7370 335492
5887 4263 1337853
2202 2027 2545899
5884 1816 38076
5998 7447 289460
7851 6056 901427
6455 727 1855189
4992 612 289949
9533 9276 66778
5757 2816 242700
9486 2261 204769
6437 5482 207317
388 2657 100354
748 9751 11673
3775 6463 362507
4909 8670 1005744
7915 3554 22812
4694 8214 856022
8664 8658 342318
103 7397 707716
6682 4822 1061713
4751 7541 670214
7885 6097 348647
5717 5782 9837
