63
252 4217 1361941
3895 6203 731449
4355 1684 221238
9831 2556 1062197
2563 6684 1545748
1347 2996 4919217
6617 8934 375965
6994 7413 593082
2007 1315 195703
8183 9660 2863777
8247 470 1405121
5017 1249 892093
4045 863 3956400
8601 9648 2884799
7373 5024 692814
7866 9571 799818
4705 4112 357510
5942 6100 2057717
99 338 302896
6255 144 1014507
8705 2238 883890
1766 1944 458793
295 4657 2989286
1758 3960 132231
4069 2100 1450144
8313 5364 765629
6678 577 3488451
4517 7503 1479339
9472 521 327071
3066 2531 503443
5700 5289 794649
8217 1208 133223
1578 2344 2517152
7218 1051 762219
8812 6625 2096693
458 4114 6675455
6079 5555 483217
8185 8412 3004112
5526 8777 1142345
3385 4627 2665571
5760 3206 1708041
8142 5889 1122874
5355 1614 242408
1624 6347 1347025
870 2255 1839183
2041 9087 2482370
300 5706 381667
2907 9250 3867790
7188 8185 1006065
5285 7921 1533481
1009 318 2228698
7590 4525 86718
7908 8892 1842838
4261 4978 3228452
5686 2714 1386701
9068 2502 1235204
1041 5045 110585
3414 7004 338500
6249 508 1285361
2221 1909 464464
2156 4549 5468983
5846 353 4200977
2959 7764 1604710
