118
9714 6991 1253830
7548 8729 210606
9190 8866 2729695
2515 718 391564
7239 7637 336857
544 7267 55076
813 1069 1797491
7170 997 1044409
779 9947 138043
2569 9294 3350564
7120 7945 997845
6646 4295 1904000
8669 9796 778241
3964 8458 354445
9590 2555 589067
6611 564 100119
200 0 182174
6890 9868 2452881
6175 9369 343442
4269 458 1432439
6307 1180 82497
3969 6078 1206053
2913 1395 2086412
3952 8113 118880
8553 4559 151460
5127 2962 1230576
2300 6429 2134740
9859 1896 797214
4080 726 719870
6858 8816 2315255
3779 2708 1128279
7067 8034 1506640
1226 8963 744003
4458 5093 1629360
7862 5409 1110035
5726 8442 843222
9609 8529 107102
6929 9928 302263
623 4176 649335
1766 7306 562561
2157 3385 4070558
5981 3609 1096057
260 2224 1331443
4428 3930 957425
9616 7196 12893
808 9939 1731069
396 9225 312637
1253 7752 2096121
952 3638 396884
116 5803 88737
5612 424 426377
3997 72 927197
6254 8887 59576
4273 3934 15155
8834 7836 62112
5710 9364 339247
731 5467 585559
8041 4919 23314
5554 3198 934112
5902 5027 141040
5594 8058 107573
599 967 40504
8879 7600 1873243
3261 8682 970620
5267 174 274312
4433 3628 71502
2414 3770 28770
7309 2649 116168
5418 7473 32556
9598 9125 775179
4794 5409 308076
2991 5558 351350
9136 9045 1437755
5463 3604 1208845
5004 2437 783747
5155 1316 157496
2880 1653 168010
8941 5196 372349
3960 3365 184862
7625 3697 511555
6568 5971 448867
9425 2106 325854
1832 3257 1138741
1814 2073 2575183
3359 6107 1576973
8659 2261 4068232
5004 5779 189492
9090 6978 103412
4932 7205 547457
4826 3495 388625
6394 7068 238448
3585 2150 210304
9823 7855 109428
2041 1438 1938097
6570 8149 1455198
8050 1258 1160838
1473 5158 241960
1178 898 2847648
9289 6522 442677
1582 1150 785890
5020 4712 119491
6429 3361 475648
4696 9090 3470968
9711 2334 2953249
682 4263 409853
3071 5766 87184
1949 9666 790546
1489 4807 456114
1942 7303 258775
3890 2174 423112
698 1257 687113
2335 832 747972
5147 2293 207229
8735 5094 1074236
7824 5087 64704
7680 3180 737963
6189 3344 746835
3743 1681 245154
