60
9865 2230 3157611
8767 9225 2125612
5124 7276 1803736
5987 4366 5970684
4727 222 109063
6297 3613 839421
6032 589 3353929
1635 1017 2177008
8125 6611 3717052
907 5830 7823
7151 944 2183550
3932 3323 1345077
7785 1288 6090311
1069 3979 819213
1694 4441 816087
5692 5208 3248470
7474 3392 4526475
1424 9242 2752110
3047 5610 896129
4163 5749 1330347
6245 6360 4153075
3891 8330 4465869
2252 3518 976133
503 6700 1104359
417 2792 1497676
1651 6303 3572322
1967 7662 1937245
9550 948 127300
2164 8500 461195
4438 1627 825397
275 5444 169029
3846 3447 741445
580 3931 32828
9212 4194 374100
9473 1519 3122426
3671 256 886847
8976 6836 2200394
4383 406 423916
5214 4971 288087
6349 6300 827245
2182 1116 6185
8218 1875 821935
6765 6829 495759
2754 8735 2107979
5052 1107 293142
5629 1467 1918448
9662 5125 1524480
3014 9137 4007759
5239 6579 2691237
3070 7612 43031
6236 6094 1359508
8593 2550 2212864
7020 6079 922727
7841 3325 642949
8489 8775 284537
7322 9762 168088
750 2712 632310
196 7735 4174872
8301 3684 220904
996 7231 14690
