59
1708 2736 3040137
4408 2686 1164237
9332 2489 3462626
137 6605 1529499
5725 4111 225592
8028 8120 2923224
7406 4641 71333
2324 2124 310074
662 5349 3525623
1574 1336 1727267
1160 425 101256
1956 7866 174412
3554 6326 692887
9713 8001 1026791
1573 3828 1788186
7013 918 10866353
6609 1783 2016153
7454 3761 3064821
1877 9053 189817
2932 610 2552161
8417 1479 464664
7054 9248 3501407
623 1949 2549567
2073 2313 1576484
9902 7553 3006497
3885 1589 945887
631 2474 1333986
3201 5320 589608
7962 3984 1937935
852 5623 3524623
487 8721 970201
5910 8468 948499
8263 4613 1625530
2265 5376 471719
6682 5168 4078645
5557 5538 358721
5312 2724 2498132
6613 1781 936626
8684 4591 911736
4926 7317 180638
4332 8168 965672
2883 4436 988952
9541 8736 246417
6906 8069 1441806
4898 9997 774030
4862 205 818644
3224 977 968246
5652 3526 1514559
6081 3871 1823736
9214 8597 2001801
1128 4461 2032939
708 4314 232312
4148 8112 655361
9348 9652 4282387
7706 1481 1218986
1024 1030 481934
8168 6408 4414983
3836 1012 2146845
2872 6006 126836
