97
2716 9957 108095
6432 3 167545
3595 1184 697222
9666 3103 1019468
4339 5268 251113
6618 70 1068000
8931 7644 142094
6233 9395 4823
4713 3454 1253262
3953 7221 365832
1447 7898 521730
7904 5204 690696
8274 7392 448133
7469 3316 217820
5024 8102 399595
9996 1924 17469
6432 3665 3356176
9283 887 299315
1457 3668 1723401
3529 1026 762508
2619 2696 5874825
5535 5429 195555
7632 7531 10080
7102 5656 1063079
9297 9646 969680
7663 6038 707310
4545 3765 710562
8185 7720 420544
5771 6796 1802111
7010 740 1962253
5278 9461 1230144
7222 1945 1237148
546 3295 342935
1373 7169 1152490
8086 5876 312272
3283 6609 762888
8199 4931 126227
9108 5601 1075796
8557 5863 415006
9352 9036 192104
1849 3316 562479
3912 5363 1669452
6918 6776 800816
6213 1228 3345237
5772 2700 3065044
9946 5620 251371
8351 6405 347281
9703 8895 2072108
3995 7316 3476503
2320 9241 1792304
3312 4861 1809921
8858 8026 1203227
8780 2360 1897530
6685 5738 3100972
5769 4413 1044719
5588 6067 752899
9269 2649 91856
1212 9208 2223898
9451 4521 1420629
5873 5647 1001604
773 8455 597387
1541 2294 549546
8391 7305 677035
8376 5659 926900
132 1638 116389
2111 2967 1138435
2385 3234 1961660
5265 5997 621414
4394 7630 255589
2489 4945 1337690
193 7561 93944
864 7313 832494
7641 5062 2214513
4325 573 1512731
3067 23 294713
7786 6549 90354
6707 5493 60632
4709 8371 75001
3075 5189 1521977
7411 3058 895297
7634 5256 3828960
4969 6724 586051
8158 7984 2492098
4230 5389 4689899
618 5779 153163
7491 7897 386173
5611 5772 44645
9520 7632 49603
5774 6455 2163444
1762 8012 44620
684 9537 128507
1860 9680 787632
6091 513 260749
9214 411 268909
6033 1842 1395769
3409 130 563054
2830 6481 375867
