86
7894 743 351857
453 4901 3766146
4185 4938 1800974
6896 8087 2767381
5791 7921 324465
4716 8139 696588
8109 7631 3385027
9077 4238 495526
6349 1104 2946155
7876 619 313656
226 5507 3984215
3246 1992 841235
2060 7337 224832
9507 6687 3265051
9005 9961 1245424
3986 8921 771884
812 6755 699480
1482 1519 1002388
2442 1005 2054540
882 3120 611861
3141 4455 374810
1380 4276 480779
2800 4846 2517103
9096 4969 39172
1285 6836 13877
9666 3432 2095744
2391 5448 29483
9903 6197 820166
2271 8136 469135
5466 16 1705648
3921 3190 4472816
4097 926 4567944
4517 5478 782567
7900 4270 264678
8834 5722 817937
6833 968 2156127
7990 1767 832309
3055 6726 385628
5038 1601 367166
8574 945 156992
3519 6287 37107
1132 6061 999554
2871 336 6601167
8745 3826 455451
3746 4725 209877
2268 5173 3351347
6689 1669 3017137
919 3975 786197
344 5153 1459719
343 637 1580213
5885 5434 1110897
8106 1229 2158979
7344 6340 659513
7360 474 612459
3569 1095 60362
5377 9204 754720
5146 9783 1058181
2452 6088 338595
3153 7478 498038
648 7178 542449
6309 7871 21730
6913 7902 2023185
9193 9685 489721
1946 6312 299481
773 7852 513192
3953 9127 656802
9602 791 747032
2824 8268 1751004
5423 1307 240532
4136 5354 237864
9034 9109 235445
4764 9657 449062
3576 6385 587875
2802 550 1885078
3782 8981 146336
7096 5662 1205999
620 1994 1009155
5315 1266 246852
4786 6047 595708
3674 8975 60247
7276 6930 493902
1294 5194 38222
6327 2278 44582
21 7700 1305080
6871 6033 504685
5559 2372 3020501
