132
7272 1352 1098671
2084 3729 1061349
6813 2522 1255407
8122 1152 745500
9800 4787 1060949
6246 4254 1123990
5134 555 401692
575 8490 832472
5603 412 860996
8387 9072 1491411
8993 4380 601751
2036 926 536995
2921 9899 184681
6593 2687 2343192
7146 765 312051
7123 2121 305451
5475 7105 271893
6828 5342 984669
4499 9498 1090574
3112 6301 459157
7566 6885 714919
2664 9902 1701169
6359 3980 421350
1869 9074 1783860
7679 2203 761782
7357 79 174761
4718 6272 517008
1337 324 69816
1247 6951 1173834
9899 8529 1688215
7731 3729 93501
114 6731 454057
7239 9688 289376
8227 1088 478890
2849 8842 765557
4034 7064 697786
5433 1107 165202
169 928 1740952
8506 250 823804
5570 6087 85233
4689 3481 1100731
6749 1985 443163
6748 3129 1109518
989 9218 118538
2609 5483 855520
452 6254 12903
6958 8003 720290
8262 7278 725789
4599 8441 1172696
3382 4265 161986
2781 3223 222511
3063 2293 3145
3165 1530 1416658
9372 5350 1032493
3171 4741 248612
6357 9690 39008
372 7793 2723967
9108 7691 62777
3534 1083 137786
263 7501 335403
3303 4799 163822
2761 1073 1028271
6534 1599 691684
8229 9057 264018
4599 7797 924244
3049 3864 2862
1467 1644 423758
2658 166 100319
6282 5212 194927
8197 7558 1522695
6406 498 2110925
1474 5082 496870
1550 6300 326901
8339 6051 542525
5466 143 839826
5679 5463 460511
6755 131 2467268
8123 5653 488895
8401 1070 375058
2037 7666 106505
5080 8368 2552889
3954 8740 141595
2357 6555 587982
9811 85 627328
9837 6241 633480
4074 5168 106289
8480 4205 277988
6424 5437 793129
9773 5469 147785
6952 4307 35096
7985 7875 501458
4818 3110 82159
16 6811 1443616
5160 5058 149912
9983 2675 96689
6904 9383 2772101
9863 1458 718974
5688 5688 2190654
7681 9238 1026055
997 9962 3073959
1305 8330 1145836
3702 4224 1262575
8136 5959 975878
4005 3491 695056
9890 4624 1322768
2130 4281 812953
4178 5976 18293
1181 6465 356505
819 2363 953228
5335 9150 3204
20 8144 372768
5638 310 448224
3617 8470 179619
5110 5876 524254
8782 5942 180380
68 6062 653881
1081 1231 417729
7522 2170 197727
2782 2422 79693
1621 7093 1056333
5318 3254 787313
9205 9615 1092337
9198 3619 1583907
7341 9758 3305726
2983 7860 121089
8803 9342 1077424
8890 265 1939401
6919 60 218065
9258 3560 234087
4632 1449 905563
3399 1184 23492
1863 4860 1296253
