99
5190 3189 3411584
4674 5082 1685399
1565 6287 1838694
7252 2096 2068015
9975 6263 474125
4846 9060 865981
3237 7826 300206
1762 2224 1741152
327 2697 90530
5935 2112 649791
3801 3474 252927
628 8485 261394
3492 1351 366391
6749 4999 797631
7261 3867 433429
2083 7744 195690
7260 7788 2561759
348 674 248569
7790 6085 580011
3302 9973 251677
34 8984 149483
778 3859 108229
9261 7200 218116
4432 1423 768444
302 5957 414132
8167 8575 268717
3196 5849 472476
4266 6714 107730
1972 6382 530425
9972 181 1956332
203 6135 24013
1087 6285 1416601
4594 433 138022
4658 6597 651649
3317 8394 2666550
1029 1184 1519370
4691 7051 627784
1460 7560 487544
7614 9250 2487301
8147 3127 546269
8246 4959 379758
2048 5780 472239
2056 1279 198037
2219 3694 364002
3926 7734 303388
9924 7865 5247
4375 1991 805941
6985 3634 106194
1498 7092 589041
282 494 2069730
3069 6642 230941
6385 7836 4317627
4036 4751 275003
7753 8605 4002346
1107 123 935735
7670 4828 1209373
5595 4164 223617
4389 8587 1786583
4112 229 1374716
8959 2446 2183169
925 8316 71492
2582 9331 1020574
579 3508 252481
2065 4840 903337
4639 4463 2050942
9834 7941 145881
7275 4542 3759268
371 9483 1003431
9094 8320 2692322
7395 343 2245037
8498 7983 469672
4095 7695 108492
1769 313 229970
7736 9599 1435012
1675 5482 60731
8256 5897 204529
108 5813 392092
8776 4195 2116875
2355 4730 113707
7723 2113 1752285
3390 2764 179840
181 157 839267
8059 3417 2149615
1932 182 907358
9671 5349 344723
7203 5699 575534
1565 3869 1996021
3745 9811 288270
8398 7755 1306014
5202 7580 1239705
2370 2399 359570
2850 5038 2665452
8361 4401 292905
6538 5721 2082993
3439 935 1115146
8641 1300 1212741
8727 2885 549540
7682 5777 517968
6170 9063 3882379
