185
8303 4893 668924
2984 1574 22347
744 4772 251791
176 2467 719390
5263 7304 105237
8460 6523 202085
1349 7319 13755
3973 5774 200704
8650 6812 328277
4249 1989 412408
1529 2029 582282
9050 1592 108984
9415 3297 3342627
4747 8215 84170
1918 1214 27095
6188 2094 214219
7487 8587 705488
6966 7892 143431
757 9982 236836
6759 702 171652
3102 4468 429421
4682 9822 402018
22 7870 36086
2620 1076 781366
1862 8336 514715
8686 4877 778298
4133 3785 1515859
5800 7113 111239
6915 4393 231552
8045 1310 428045
3716 5735 806547
123 9658 98919
3908 9960 283809
8529 6989 781056
1650 2906 956903
6339 1023 2176043
5193 8290 156435
8615 4772 367548
9549 6962 660821
1289 9485 853255
7962 4995 892756
6555 377 132952
4512 1064 352313
5960 676 1478921
79 6493 65060
7516 5007 125645
4161 7792 163092
9796 9915 150485
6894 8475 844273
5326 5491 432564
6671 5691 75033
1617 5921 382734
9403 8922 390201
6504 1783 211089
180 9317 616797
2713 2297 280857
5595 650 559682
4305 1998 55474
5762 8646 129371
6544 2845 864768
2743 4763 140964
1619 510 473026
4278 9452 743111
6265 3135 567323
2854 9030 49961
8738 7263 8952
9913 9229 216711
8466 6038 1390965
3284 3355 458788
6085 3091 483123
8005 849 629496
2580 1045 227618
9462 6951 345405
4712 7483 2229227
9239 1141 933566
6724 4337 530363
602 4113 80665
3806 2330 588647
6824 556 787883
6391 8497 614591
8780 6508 1287697
2828 2137 1041677
4072 3689 1454560
6881 9558 428742
1718 111 334844
4771 9267 2600913
8006 1154 3908017
4684 1647 540270
7361 7208 118092
1601 2266 90226
6841 196 214083
2185 3533 282359
9504 5255 1331985
851 3519 40597
6225 6676 738728
6429 1488 1529394
5652 6520 415008
8137 6678 323768
3447 7297 175525
7850 7888 263854
2868 1052 190345
6041 6683 43737
5952 5010 1790890
9150 6112 1060527
4292 5743 291400
8346 1177 60350
7304 769 19205
3157 9773 2259117
733 628 115902
1881 2424 983184
2541 2482 54201
6807 6074 1001829
1082 9558 179020
8523 4200 849203
3898 9942 333052
5007 9828 815773
8328 786 1607299
6042 5450 552409
5351 60 583205
9909 7242 403209
3750 6352 1133992
5051 5062 895043
9641 4090 154067
1001 5738 283455
9312 6631 317259
8851 455 291147
4644 144 803185
9208 8765 146576
5118 251 969822
9904 2250 143116
1319 717 3217270
996 8936 60445
8783 7451 179303
1325 6095 211324
255 3382 49385
2247 9383 165873
9115 6813 471548
9423 2434 425002
1925 5146 57509
7393 4433 27122
1915 8166 479632
1637 3308 116326
5593 396 145274
7587 7910 99447
878 3078 1343449
5203 6041 93843
3857 9084 97028
5325 9091 401239
6144 2504 685671
2438 6120 89189
2580 9484 149861
709 6543 444806
2301 2433 354778
633 4381 684705
2430 6762 148098
2677 1655 360980
5581 9077 1235761
9608 4666 456500
7196 829 461103
8827 4073 306550
6079 1400 597843
3231 6444 48727
9133 9577 185900
4081 1386 718016
1084 412 908790
1163 525 625763
869 2544 441308
6293 2512 295639
1235 8719 135522
4160 8908 136374
5065 5414 1274928
2351 6975 533268
8811 3969 203542
98 8037 105048
4132 3262 44497
2115 5071 448792
2485 7723 281928
4042 5273 229548
5250 1187 99915
8075 7735 966591
9488 6515 959483
1746 838 594195
3032 5891 830911
9133 2551 166479
443 4613 80025
