54
2896 4078 10884079
807 9058 2307297
3649 3361 326157
9194 8555 125092
6100 8462 773353
7521 8902 1960501
4562 199 540809
634 8108 1353879
5437 8923 2460082
8275 6963 2776485
1397 6652 1184223
1447 3399 1899307
4664 1388 2925941
1469 1492 435421
5419 3347 1465375
9593 8535 2858432
9929 5704 1203485
4193 8626 869095
9160 9036 1831811
6262 3052 942651
4965 6726 5546
8434 8987 1957005
3708 8921 3313651
3149 8851 900129
6027 5675 2039002
9161 8527 1039772
5094 9866 2343393
2809 3921 106312
5176 7507 1705652
311 6655 2531970
3376 4539 166120
4592 1306 45896
6046 3919 1435485
69 3448 2407357
5395 2914 2778681
3907 4394 1178060
1369 7967 966344
9917 8457 3304019
5606 6542 625754
1811 1205 1506124
8389 5770 1127464
4736 5970 7230900
8773 2216 2521314
3450 1881 287292
2135 8920 1080776
4352 165 3861804
8201 9233 190954
430 1736 5898882
5869 5069 700895
54 1270 963103
7661 4117 3009085
7177 5275 543021
4756 3980 1752111
6769 9083 1352652
