65
3877 9618 2776027
3562 2629 210087
3843 967 4527873
8224 3046 1855200
635 1757 1164724
2982 8651 880363
8732 8197 1371075
8174 5467 520069
9217 2157 706596
6877 1979 567633
5324 5114 1363244
2509 5948 3327699
3981 960 1729288
3125 9049 465512
9135 5723 1749691
7545 6451 1344931
2089 1907 541845
519 2602 1364763
1016 5573 552861
1713 1702 234329
2667 4809 2249624
155 3787 29497
612 4918 1462216
4991 3083 1181564
5754 7055 4339993
5363 8629 2753731
9112 7788 1058315
6185 9403 48912
7951 6517 690977
339 5790 4143651
107 3962 2442548
5189 9421 3442992
2090 7647 2183305
5495 4366 462982
7033 6791 1044
5440 3736 19387
4439 4293 1125144
4020 7392 117113
4867 3379 581405
43 5922 1498013
6178 7994 1670564
791 410 1643687
9945 9650 2419111
2928 5522 761906
5882 5707 995532
8787 9576 2446359
677 4339 3511391
1203 3332 2689970
9951 4131 3246068
9919 5890 1639097
672 8384 362709
8750 9849 1427833
7221 202 3319929
8821 2603 119139
6996 4486 3141560
5159 3750 786641
5782 2420 3128185
2686 5805 465573
5818 4057 849202
6351 9813 901461
6144 3246 2949419
6302 1569 1122739
2365 476 44666
7998 9970 2717825
8898 9321 553211
