184
4492 8981 25300
2253 9278 67607
4286 3395 249323
8406 9831 102415
9604 1144 1144496
6057 7806 2677209
7813 7605 97578
6453 7669 169897
8427 12 594002
7747 5315 107871
3663 3305 291105
3428 1232 240303
254 1956 1109691
656 8986 1519977
7957 7351 850651
1601 9388 279054
4452 618 339561
583 4752 390826
540 7099 229464
2300 7009 22637
2446 2569 661097
3220 2055 151904
9290 3202 479290
5939 6718 47541
4119 4328 1607634
5492 7070 94725
6148 2161 379241
3425 7617 1261565
5922 1746 696321
1051 8834 86142
1123 701 430947
3041 7095 167059
5469 5952 27729
3021 2898 133840
6906 2681 7924
8644 1714 824726
1401 9259 112583
2535 2926 164200
6569 4465 1080164
8081 8172 644860
4312 7880 1271033
7926 7248 89669
9774 2849 307217
2326 6988 211451
5999 3612 44953
8339 9092 1778672
4799 2813 1466408
4563 4798 19761
6115 7194 463695
7456 1736 456948
2316 428 135266
7976 8400 199010
8792 5184 624452
8285 1315 92260
1005 821 21057
9243 7460 265309
7234 6988 848018
9272 280 132333
7625 5468 511160
4064 2702 146911
9979 4203 1347392
5218 4154 144080
5394 6532 1065301
8269 7479 1314635
6508 1612 306180
7041 9727 94775
6771 859 170190
6201 199 16934
2216 6685 458295
6804 9521 1140244
74 397 1605195
4129 9375 221481
3297 9152 83734
6948 9914 50119
538 9395 1462359
9536 2374 354548
5239 7983 411046
5541 4052 467960
554 4264 759032
9154 580 244936
4765 923 201602
2066 3545 119655
6309 4831 22878
823 2563 371001
3062 6848 78029
9977 8211 464813
2715 8705 201062
3239 3223 140289
8399 879 323697
8391 364 144623
4872 2565 752451
8425 3444 644359
3782 9568 1590292
7804 8257 1218762
4327 8737 512243
7720 4985 96822
8816 6531 246650
605 2419 492609
5916 3727 468990
5770 5967 220947
9778 9325 423495
3131 9 329863
4824 7631 1197607
9818 4320 821370
83 483 542285
7548 4247 85668
6928 854 1603728
9396 7979 23323
6073 3825 808531
6776 5549 213934
1375 2135 1107201
5522 2993 137220
2800 9375 16281
8360 6330 578392
5534 7820 872565
1495 2860 77034
6874 1911 408705
8568 8511 1126783
8078 1408 390811
3736 356 89965
7124 9526 908034
1336 4091 233071
6787 6902 47557
2851 969 434894
4776 3507 416912
10 6229 509569
9558 7550 897548
2966 655 404273
1806 2282 249858
5469 1204 1300711
7218 8657 299418
1431 5797 1692231
6823 6100 42984
6247 1628 153943
8147 7960 285536
4606 9136 44426
8471 1894 1104723
9577 1781 2530747
6254 6329 349912
3570 2162 201102
3777 9357 42853
1337 8419 362874
5581 1440 446028
3223 1860 640804
2952 4112 59993
6755 2720 245238
1855 3503 527743
9081 4194 67156
2459 7094 506968
2211 5522 196133
9432 742 1096819
6188 6728 166519
9777 4482 118352
284 6762 1272551
2121 351 669865
1930 9651 1633437
9121 3575 1073556
7512 3672 242790
3506 2432 1493872
26 7210 59382
9481 1156 357124
1396 4197 314314
9291 1415 1002042
1481 9020 3336160
3 1223 589709
9393 2776 930710
1 5723 633659
3427 1795 199082
4973 598 228521
7441 4978 288115
7285 8079 1909930
5451 893 613335
510 6178 946948
3337 4083 1108743
8315 495 327365
62 7968 1050426
4885 99 62531
9714 9307 463491
2884 2183 638600
9328 1935 744499
7952 6772 345715
3296 9972 664094
4050 8746 54134
9384 6306 621358
