63
2369 6971 1233969
9013 3475 1170544
6270 2032 2000587
3299 132 720687
5940 2431 356291
5394 1288 624892
7145 3419 222324
1038 77 315717
7730 7099 136574
2481 9291 25015
4074 969 3565538
2892 6734 1724103
3964 8269 1423736
8666 9369 1886537
5354 757 646399
1809 8875 165451
2373 4015 7273972
4097 6008 1831315
7261 3223 576627
2025 2329 3716929
1228 2804 5377323
8287 5316 772199
1716 4803 548406
3857 9668 3790413
4618 1484 1429500
1570 4108 6076605
1492 4296 507893
8644 471 3868412
8078 993 3520610
4488 3806 1342991
5060 4334 403177
4601 98 276297
78 2956 6778698
4486 4198 553837
4606 206 205615
285 8290 1976471
9102 7235 2885159
3110 7171 541127
8684 7548 2783518
3048 9201 1261225
6693 7850 3410383
8374 9747 876194
2822 6522 1651705
8663 2203 975240
5032 3250 2066915
8871 473 1257669
5334 1408 501806
5973 7110 1123759
9519 1032 9362
3634 7805 853103
2216 9374 1762733
8757 8456 165368
2929 3038 2684059
502 1218 710270
4566 2528 499272
5955 4982 1962778
2318 2768 870436
8223 552 971572
169 1100 26944
8355 166 196058
1056 6090 1086339
2319 2409 1094995
299 8750 726357
