55
8634 8172 3454271
4602 8061 1230985
5722 6613 851467
5778 8097 8119236
7979 8993 406308
281 4617 1046276
6899 5309 759094
5878 6957 2121448
7005 794 672527
2518 380 3734106
381 2911 3709857
7350 9814 328018
3633 4109 3877209
8686 6423 4016133
5367 4091 647755
333 2840 667459
8541 2828 578140
8295 7461 957279
7617 9411 463857
1512 9838 1384757
6210 5253 2504871
9915 9970 805022
6711 5022 7811741
5807 7092 282608
59 5387 334659
7305 8746 1002090
7912 803 556177
4659 4784 1969174
2999 8750 1022212
3635 4792 3650
7821 1421 4097179
6465 44 642604
7935 9368 1030559
1636 6551 4135920
1446 7062 199787
8599 283 817079
766 737 939870
4281 1081 4005
4195 4064 37132
3666 1436 450436
3717 2710 4523976
6637 4953 4178490
3679 8582 2447613
4094 4028 534311
9955 5622 3212354
6347 7420 1841823
3649 5824 424356
3565 7637 1816245
3941 1981 773699
3477 6632 1839926
9495 7302 1008130
4587 3079 1226684
5330 6421 1354051
6721 2892 6151747
6245 8745 993638
