138
4314 2446 574558
9523 5659 79396
9703 3864 457593
6540 5550 210223
6977 9235 732222
8239 477 325587
4641 5514 1505213
6168 3908 56572
9126 5229 2289055
5614 4353 1743375
9198 9469 302437
3926 1532 806543
9590 8885 76702
5919 5874 697730
2526 4094 313430
8626 3443 263775
7412 8146 487287
2930 2900 145728
2840 1097 165783
2989 3331 740476
9513 8016 379438
4383 8894 499633
2355 4699 1301113
2215 95 1262337
859 3172 58942
2397 1872 924194
7062 6579 837650
9886 2826 424231
2544 7119 831159
2828 3216 484804
357 3234 239440
2672 2790 167397
8644 1871 482848
2650 1185 822430
4883 3365 488118
5809 9565 461094
859 5444 106003
9943 2549 858735
9340 2939 497523
3282 5145 106326
6981 9912 297678
4905 4329 177236
7581 5346 27458
566 1543 1120698
6499 2478 258064
4753 4863 337309
6564 938 621162
2864 476 775109
1576 5796 2883214
7597 4058 248590
5740 8591 57716
3238 4090 1744281
7596 7355 2312818
6224 3553 894191
7291 2107 460376
7523 3641 134915
4553 5605 2147199
3374 8928 659554
4837 9941 968064
2469 1410 246759
8571 9034 106250
2031 4069 482978
1105 410 175500
9200 7610 96409
2928 9196 579110
5515 8088 434627
8126 6943 52308
374 5299 1843605
7022 6064 136535
4219 1276 401336
4384 225 1962429
7315 2651 212429
5324 7308 1470362
5107 6777 1757767
6202 3901 929326
558 8747 576263
5629 9747 58141
3264 4199 306562
5859 557 109307
109 2986 298488
9541 6463 1313071
2007 8837 117266
2520 3987 877831
7475 8498 1069112
7932 9060 1313973
6294 8045 52524
1846 3906 109116
6933 1451 1216053
6699 269 563383
8435 4405 621295
7496 5365 1246259
6374 9998 960681
616 8494 2617703
215 4413 144403
5008 1708 1681964
6402 3263 53587
7077 1540 12817
3544 9293 10099
4040 4723 360408
716 8798 1962689
6309 3492 2001139
443 8468 78264
6645 786 913965
3496 3495 452707
4556 9313 276519
6828 7238 1804826
9952 3477 425103
170 4217 708718
5122 3961 25937
9839 186 430962
5012 2107 2651761
1866 1058 921855
4150 1746 1400486
8585 3231 744065
5945 2028 537287
4848 6517 1907173
817 8768 411505
3405 2553 1515787
1007 8484 1512080
259 1146 64123
4400 2247 803121
2371 8899 281174
9175 5632 25851
2411 7409 871491
6171 9970 7198
1789 7926 1479993
2928 6680 195015
9799 4817 1247333
8523 9532 135042
4182 2269 1172384
8989 2933 834366
9061 8975 760026
7644 2607 285475
6910 2692 700476
6807 7235 2117685
1592 4830 1238369
2247 5593 1135870
2971 7463 51412
