191
8500 6362 220260
8623 1708 1054784
7349 9132 786186
5872 4024 946721
3096 9693 167721
3479 3849 198060
1898 9283 30554
2128 2640 35859
1174 2590 328621
9992 5386 42474
4048 878 375820
6580 1550 349512
7845 3298 48317
9222 382 254491
6894 3579 469498
264 1049 1184962
883 4337 276112
1713 6377 90034
797 7254 87496
336 9033 569530
2680 5338 401238
3859 6463 1178757
9198 8457 2926016
4220 5455 545618
2501 3750 934304
7339 9352 900215
5260 4456 634969
5944 1622 50816
8367 5935 43001
4485 4026 188437
1851 4989 13333
1393 3992 1589237
8736 6811 55506
1041 9187 281101
3157 9364 303455
6067 4096 315431
9753 3536 52057
6677 5148 83080
8515 4692 745566
2998 9171 224860
2979 5882 811379
8409 1544 1502173
368 5992 684014
4145 9666 116446
5151 8761 197939
7426 3504 326398
3595 6524 1578023
7442 1005 2657
7834 241 84212
9822 3939 339784
9789 8034 1241818
8563 4869 424442
2082 7154 70504
725 4055 110232
5672 1607 400964
613 2258 219997
6146 6932 772110
2559 904 216782
3321 3214 1561121
6480 8478 271177
4488 6223 691142
8285 5009 541322
2888 5371 442853
7639 4965 486302
5806 2201 1481469
6608 9815 1094693
7244 6416 2734872
9562 8433 463833
5690 3412 259317
9085 4883 289667
3604 5464 614588
2901 8899 285724
4664 2353 119565
6787 7472 376719
7831 5935 584206
4482 9425 1321130
8883 9968 610490
1793 8918 175666
6543 5996 1107060
2882 7898 322688
1971 3361 958097
2338 4205 832606
7835 4951 483231
6873 9737 312441
9994 8185 82788
9338 4582 64549
1498 3671 323484
4866 2982 110561
8833 5026 14505
972 2390 921625
4005 4371 149907
5243 5979 186511
2314 5030 802569
4997 8085 435215
6081 1970 144657
6106 9007 1380547
9073 3285 858817
4518 6626 732560
3431 7733 196135
3126 3607 82104
2633 3466 340815
8697 3329 104308
4312 7078 468290
2202 5944 1365166
8311 507 909311
8261 1319 466286
9848 4081 117478
9721 8281 330823
7977 2170 234775
7920 5578 571109
7141 8639 316585
469 8399 746710
232 5903 188715
9075 2119 38647
3868 7021 82960
8118 6759 1748652
3994 3443 210582
3009 422 628180
2481 9172 297354
1077 1603 413750
5949 2876 92559
1700 6949 1024265
1920 4545 318374
4184 3114 1095748
8360 1145 77692
5139 7570 36074
5904 6775 200132
3874 525 78571
6390 6943 628835
9442 3584 522821
1789 7011 1311132
2787 9165 472537
8984 9483 930642
8838 4511 492062
9714 2255 352091
4228 3897 134923
3583 2863 784606
7518 942 363378
4882 3264 320604
597 1694 262284
5509 3431 404360
5442 4707 180980
7270 6905 506670
9286 993 56314
6555 2964 100832
8035 5923 16311
8960 5339 502713
9015 2311 515849
7242 4974 684854
3054 7360 345511
619 54 278073
424 2288 158072
8413 1301 222659
2137 3295 78117
5825 352 159227
7283 1078 2265366
3109 5278 59094
427 3150 534380
5638 2714 188879
6669 2295 2183367
9842 2037 614606
9456 6998 280672
6077 5046 480542
9731 5696 1344684
4720 5873 236551
5060 487 298414
9916 1924 197051
9627 193 386758
4131 9591 383153
1092 8819 449739
1581 9932 186042
4763 3313 1307911
7912 2987 178918
6585 9681 359076
5017 9401 1099647
4143 4627 871289
9176 4544 1036450
1418 805 2522259
1920 3954 336563
8988 2363 252006
9584 4608 282303
9323 7166 282752
5789 4995 313056
7596 6555 139083
6221 3163 265430
2579 5040 104112
2308 4978 1023554
4301 5194 364683
4262 8081 871023
8263 8626 1788276
1137 3272 229547
