71
1217 1785 2876784
8717 4846 72547
7874 6861 1037799
9093 5724 3026178
8526 2563 3418972
335 2281 544426
1082 140 451651
3013 8639 1726405
6076 2963 274888
5654 3627 836599
9284 7826 360785
4831 6101 3365842
879 8333 2057612
3764 8006 2976252
202 4392 3649
5579 7892 2069344
4139 2390 737714
3114 9986 611528
9425 2255 848331
6889 8631 507880
7543 3661 250795
2045 9190 2348349
1195 9607 1241310
4239 9433 1287297
1278 8536 2492364
9427 4014 2524213
9142 8336 2195804
1827 655 2296165
3785 2493 844997
1343 6812 583480
7136 2055 1283738
2105 4407 2906214
2854 7316 299276
7712 5840 2942103
7830 4283 372729
3667 3326 868600
1528 8252 60157
5141 7815 752559
7019 8028 1511985
4362 424 584918
3383 2700 332306
3691 5243 156976
2679 5115 685490
8210 9898 735239
3973 6510 125962
2782 8091 1660818
9927 1724 547285
1806 8446 613649
1226 6247 1777288
3237 6358 211144
1432 9954 1447185
1778 9477 620022
8126 6760 1132591
1839 7870 1731657
7412 5640 1983835
2907 2847 3677371
6037 6747 916654
4056 6124 626145
3774 2338 1384819
4917 7205 75486
7120 3462 1594687
2005 7614 32094
3938 985 3827334
5244 2400 627798
3593 8475 4079046
1595 3534 6168076
8901 664 1595489
9846 5651 1113163
9591 3487 2777858
9154 8784 2024512
8454 8178 265782
