59
756 9624 302690
3537 4099 2964273
5202 5207 908384
829 7885 44066
1831 8555 700970
6906 5751 957870
6426 3096 3066829
8752 9183 1184965
440 2390 1084601
1398 6155 2110409
5637 6236 559547
848 7884 1052112
326 7777 484697
2593 5302 2034587
7442 2912 1377488
787 7579 708327
3042 8522 9786862
2050 3365 4036222
3207 2722 309591
664 6894 755177
6229 4187 55776
6642 6482 2108890
6563 2224 51528
7325 1745 5627283
3510 4536 3018752
8457 3439 2308217
90 1812 21895
415 6294 4159070
5295 7055 2092931
2460 2069 2089591
5163 6489 511846
7755 4976 514684
7157 2395 145662
3214 9226 673548
1278 3427 1168394
9212 9038 322560
6297 5563 2516745
4922 2385 2832154
6486 4369 924552
9938 9161 111550
5166 5060 2804780
9205 636 2815467
2116 449 1010113
9886 2000 8162418
6574 5767 95411
9252 8100 820893
7074 8541 2334777
5219 5722 364395
4216 530 307231
9889 1238 2693194
8445 1552 185017
4940 7691 570335
5420 5318 323775
3232 2196 5333252
9113 9286 2341008
7409 3063 737335
731 9185 3108863
7644 1052 301189
7907 3094 5252
