104
3903 5162 410964
9403 6325 365161
240 3522 902775
228 4177 1465139
7158 6899 316263
9988 1291 1003290
6887 3657 1067804
2208 8506 550441
6514 8783 163794
5748 9822 360257
5669 7379 405100
8569 3240 1466094
1956 7649 2466887
6424 3843 280014
9287 3987 2657493
4841 7163 970806
6751 3721 881808
2021 3910 830511
543 9731 2722578
8465 1334 385105
7293 7342 1170097
8454 1201 4367531
4884 8919 1040288
7344 9758 1371968
7025 7918 1543548
817 601 878285
8590 597 408680
6070 8569 1418412
7945 4165 871307
7752 9094 556021
5257 5504 659797
8320 2259 259273
8283 5968 2567984
138 7509 684004
3629 8876 392706
4113 1499 1006573
5769 2679 406260
5329 2901 23970
7725 9835 369367
3984 3128 394724
1690 7113 1121084
2876 6412 1532168
2002 2287 7631
8483 6354 138832
7315 6471 1696103
8854 9551 3151522
1491 7858 790994
7334 9021 451644
7019 3887 635395
2319 9280 2605743
7146 9279 494490
9173 5015 1182291
7905 7559 2442090
4354 1501 1565730
6515 6855 431814
2660 9669 2610957
8836 9809 1355258
4160 9085 1010596
9052 8501 1240684
3232 7999 166868
7050 9964 607896
7005 9489 988881
6402 5653 162898
4436 7063 398707
7228 1772 83815
8854 1355 1484530
2628 5900 703715
688 7855 1669097
2962 7712 911956
3179 7530 98484
2762 6331 131042
8695 5047 1048892
1412 6501 1213633
7240 9017 2305141
8222 4298 689649
4944 6353 440422
8802 6009 570879
8952 9360 68471
6172 3736 3447100
1166 3335 177433
3008 8916 98973
4359 3425 1478254
5112 7373 1217846
5698 4484 445514
8610 9333 378727
7556 9605 341664
6255 4991 628959
8850 7137 1460222
1801 3781 1482549
919 14 9188
6585 8238 409789
4850 8945 335558
3796 1832 66885
9771 4219 1414717
5683 9262 722179
8872 5008 503821
9863 9142 415422
9632 7212 741311
6078 1659 130463
5138 3389 598722
9796 8530 1971747
6649 2204 995030
7965 2227 84127
8655 2313 2170719
