74
6064 9905 1761007
2750 6993 128544
3688 854 859219
5493 6077 1904836
3347 4774 307094
3472 7082 27020
3046 2588 29185
9355 9807 1526543
6628 8011 958905
5343 5125 5525979
5465 762 749748
2020 4350 1498023
5773 9068 1267766
8465 5680 620327
382 6353 902285
5684 3808 2479397
6858 1975 4596830
9820 7618 1160902
7732 8729 3142665
9227 7137 973758
5798 6266 772303
7539 7284 665598
905 8007 373087
5392 8636 294150
3550 2449 237504
1734 5354 508678
3057 2574 1478576
7943 7497 501741
8147 6653 4242312
3171 7984 931135
5665 5242 391813
7160 47 275151
3305 2534 2121521
7364 7777 77717
1813 8826 993303
2076 3477 324598
3820 3045 2442877
8115 9021 205495
6176 8224 2732908
1188 2966 106670
1947 1887 548759
7565 4604 1600822
6382 1709 2100263
1643 2518 160064
6428 518 2777676
7257 2363 2114201
1984 2448 618539
1124 9487 724469
7030 6657 81547
7887 1922 75015
6049 2582 1266916
2030 1240 961120
8282 4975 102147
740 4585 162053
6206 8297 4992829
8553 7878 455144
6738 5088 3949011
1379 6430 1152869
9253 6170 5178216
4699 1201 1954183
2574 5465 2587107
2976 3306 528036
6967 7771 29886
7179 4704 2235869
6192 2344 1398942
2687 6545 290030
2797 2841 2372137
8800 8447 1047078
1105 81 1279053
3527 4926 3040038
7815 1910 109657
3392 2020 3571629
3081 965 82655
5055 2158 354870
