50
3252 1893 643147
9725 5467 1210813
9685 6257 3110717
804 7059 1611687
2954 9632 6216472
6073 613 2802521
9801 576 1979987
4128 6412 1515693
8932 1549 163973
994 4277 180264
9797 1447 640689
8528 4761 2819012
7681 2706 1103160
8108 9482 1824081
7755 8566 607850
6685 1466 8380943
179 8897 2373738
7549 608 3142539
3538 942 189829
783 7386 1242548
5931 8716 723426
5770 3041 640702
8665 2157 832363
8185 8784 587788
5017 9296 1733689
9219 4401 2726585
6905 7013 3040667
5474 5820 2763053
2803 945 1999811
9494 1736 130818
4976 1276 514470
9534 5904 2439721
685 3643 6698314
9339 5803 3293761
9310 3559 3152089
6017 6127 1530
4388 610 410479
6641 7602 1167164
2774 2979 1993501
803 3828 359460
2940 7987 37002
1483 2747 29431
4920 3776 6281275
9395 6056 730294
1733 9347 2395442
3370 6261 6047202
2431 1360 276375
6587 3149 2857663
7932 2661 1959816
1533 9368 2416446
