145
5903 6153 137629
9016 3283 748132
7024 6697 420199
7068 5191 1230922
4346 5658 2526820
2085 4266 995481
2820 884 1190445
9349 187 891599
8298 392 146665
6646 8482 794005
1424 6513 618040
5085 7548 1385131
3679 3616 113300
3029 9528 1994434
2698 5310 2035245
9392 764 633026
5763 4727 2191079
8932 3051 148867
3856 1181 472313
6299 6878 1667408
2729 6386 402496
4898 8957 1078672
1151 4816 379884
2638 8624 24304
8372 5236 1166771
6083 8174 105926
4384 9187 95088
320 1738 429625
5325 6349 617346
8885 8950 517177
9213 8696 218475
1923 8727 152751
1318 4658 174232
3360 9161 382339
5841 2392 947647
9464 5832 140417
5059 9658 1031172
963 755 105100
6926 8606 1329535
9241 7392 285687
4196 1323 339977
7387 7974 1404387
7333 8427 1099924
3529 196 781361
5678 1553 267012
6352 7698 1714290
1499 1309 1648276
7013 5519 29279
9155 1188 289591
3057 1262 690463
7539 9779 1303869
6469 7853 147213
6880 4940 1007021
1400 3200 227025
8488 3426 404348
3917 6406 938688
8526 5674 585457
2830 1960 1313275
1235 1992 560818
6392 6180 585401
3011 7078 905355
6509 4735 38297
7824 2329 273747
5902 5253 336707
4375 9507 32170
6943 9959 58664
9016 5985 275379
7593 4846 1161
4085 900 289900
1900 1471 44372
8257 7789 57759
6845 4036 151090
7600 6072 505936
7079 1539 212174
9814 5111 986075
2156 8491 34861
8007 6472 744919
9743 9608 702748
4022 2473 523409
7843 2069 892677
4387 8563 1163970
1045 2143 631913
5951 945 832921
896 3683 408291
9223 6848 123528
5234 8071 167519
8041 2318 958542
6075 9713 500814
4383 8529 650511
6952 2220 601669
9293 811 571713
6599 4376 481220
3593 7887 134225
5416 2719 653557
1266 736 385253
0 1945 16182
1387 4560 769657
421 8951 2858767
65 708 427620
5553 9560 183259
6525 9912 736020
1662 1238 95746
7777 233 1197159
1721 4740 345170
7029 2972 643680
6020 7405 37077
9220 8542 977073
9960 361 1570693
3438 1417 340609
9421 7045 494857
2108 5180 262844
9898 3356 368735
7537 7698 1406664
8465 6399 695087
9181 1920 493347
2693 8665 369432
626 9320 307441
7599 4756 1195325
6176 6902 529736
761 56 1512577
9733 7333 651250
9649 7535 1241788
9460 2346 67444
140 6069 550033
8150 6720 3746064
3879 5173 1375909
5247 1145 385710
1027 2235 823199
8816 8858 237965
3593 6273 682133
9016 584 1034690
5616 4640 322913
6880 2245 1083274
4069 4123 824775
5711 9239 1475807
3989 9100 433314
180 1230 631746
3320 7851 759905
5659 2238 434863
6510 3653 385795
4457 3084 1690452
1724 4620 1038492
6683 6532 822578
2880 8162 478245
3242 2447 390794
