104
6952 252 503420
7722 7095 254101
3182 8957 590946
9991 7209 408730
7421 5596 919812
4826 1303 307991
193 8680 529028
2544 1526 614100
9151 8732 662760
2443 2956 552047
7176 977 1360402
810 1491 625422
4017 1207 731785
2707 1312 4293330
7678 9862 53244
6940 9450 1159977
8943 7864 719089
8584 5861 215510
6129 1972 316909
538 8955 1141921
4850 4224 214226
9831 4015 176270
7165 9768 1259202
7264 5238 1075546
6033 9535 1204415
4361 8519 1164116
907 3289 3047159
8662 8136 1167775
6414 3644 404643
9457 9352 37933
5151 111 286770
6573 7023 98168
5975 7627 167759
8687 5368 134950
4626 8470 264280
5429 1790 739953
2122 8809 2895501
5106 8739 40144
3841 1218 601086
8217 5893 863639
8636 7574 4044128
1611 3911 97517
5458 823 1465391
3830 6194 1997426
4127 2958 889093
5826 6616 218464
3076 1928 488127
8455 6841 2157855
1557 2822 1532369
3886 8871 1180385
70 6445 2201359
7826 1433 2230323
8637 8877 577584
4836 7209 1666901
8928 3508 129675
6957 6490 1446767
8573 5407 4243765
6137 6734 1231681
4069 3183 319204
8614 4073 47815
8832 8162 236939
3885 8447 2248065
9399 5376 63150
478 5089 490346
4499 7919 1477021
18 3703 1542396
5808 7610 268569
7898 5378 846907
144 5081 784808
2488 5840 2336485
8590 5287 863353
724 8059 928385
5064 1157 113179
6807 9406 746486
546 9977 252288
7113 2291 30316
4582 6860 174824
625 5819 306866
6736 3487 1025409
8082 4255 130980
5790 5997 552447
2656 8532 817280
748 2583 2155841
2950 6331 581861
6687 4426 707175
9905 8652 1479604
4766 412 242235
1720 8788 1177355
4653 9809 1345242
2152 3180 1284500
5140 533 1520351
7418 4901 976387
7620 2564 823988
4117 8823 393390
67 1930 298109
9482 6219 1126675
4023 2876 2172897
6182 388 4157809
3219 4905 28489
7090 3205 1150815
8690 7966 782517
57 4907 147474
2016 6840 772728
3491 9179 468171
