111
8171 1424 95912
4675 4452 716819
1754 67 1282622
1443 3334 1003108
886 7001 233083
9332 1201 1399279
3693 794 929545
1885 5414 1206529
7603 8021 3307649
1156 1457 72667
6972 5866 848284
5644 6360 150443
8237 5835 1459723
7329 1567 974566
4527 3043 488004
5491 2619 261905
5734 9000 247119
3340 2594 844021
5505 8585 929584
3246 8060 329812
573 7590 1529033
1917 7446 269293
5391 5418 228773
3763 9869 3059847
4781 542 1129388
9165 5387 1261611
2011 6115 1003408
4971 3185 955650
9018 9186 794954
6116 8764 141918
3168 169 1404886
4932 4542 651715
5756 561 1476595
9266 9490 1205613
3187 5720 229153
2819 4476 1019558
9900 6010 3638312
8663 3808 276892
3440 3855 1057622
2137 9840 69228
1278 6052 762553
5703 6605 243281
3799 2252 156149
7009 5630 93716
7976 7079 772951
1649 2883 1195501
1918 9869 190150
601 8010 1130056
3141 7447 7920
2737 6894 4582803
2310 9505 518921
1639 1692 1181239
2095 2713 1481825
7428 395 99515
4596 7387 1289342
9518 4107 1179300
1192 8960 791048
8884 6575 48363
6036 318 197717
8853 2983 1036362
6666 822 2856994
1501 4399 203157
2472 1185 151170
925 3342 1608809
6815 9066 892551
1755 7274 392874
6518 7059 94055
4078 1089 802400
6438 4549 676223
8805 2729 492549
1205 1407 821267
3194 9325 486708
6531 4934 112021
8138 2015 724103
3832 3689 1294295
6981 6840 459889
2954 8909 1111655
7477 7631 1199526
9919 6946 671256
5415 7876 1462248
7786 7811 903600
771 1068 1234695
1944 5362 534577
4979 4214 2945570
6232 4326 28373
8933 4685 2576
2372 7872 587212
8866 4567 565158
6756 9027 1517634
2403 7778 1041689
680 8745 43502
285 1611 1851932
4650 9915 460007
2744 2567 1070557
6025 5902 286804
9762 9533 178256
8108 7656 40234
7645 7331 626744
9369 5592 1675494
3093 8558 213341
108 5193 46645
8313 6746 153231
2199 6040 199159
2409 4305 1454216
246 8092 845135
961 2013 215567
6840 6684 776394
4076 9047 56664
8353 7113 200254
1856 1773 1866793
1548 6656 6721402
