123
4934 4998 1250450
7027 5405 218201
1226 4334 423444
3397 446 116121
3299 8673 481971
9252 805 911396
9841 2589 527493
161 7456 563771
1359 4926 625766
656 9226 1161740
4731 3314 148011
8166 1573 168373
634 2137 3275772
9638 7370 140540
3371 9567 1972834
7629 1243 1192675
3524 9305 1055885
9285 1237 90158
6998 1964 1392424
5481 6751 524202
4559 3037 1581547
5353 7368 55226
5298 7270 649507
1362 4443 382693
3569 2037 559588
6195 2031 309726
527 3304 126422
317 3592 1414527
491 669 13766
7915 965 1191015
7708 3257 602069
8555 487 63719
8649 1352 1234609
7445 7762 903719
4659 4834 35228
5546 8989 837373
6017 3992 576530
5599 6531 146087
9994 7479 576379
8021 6362 156702
8776 4871 1404075
1423 6343 671938
2670 6537 814631
741 1394 11864
9447 7054 2887516
9823 8984 632039
8144 6 37766
7600 2711 835110
2484 9064 74826
1946 4233 1892225
9223 1657 95806
3367 598 2758575
6306 2322 71652
357 8058 784489
7980 4017 450680
7423 2579 328602
5364 713 546381
4426 8016 2219420
2443 1084 154410
7911 2843 1191575
2730 8910 182170
3230 1254 1387014
1647 5531 179737
1714 8353 232985
6908 1047 176522
69 2264 493397
2303 9540 93592
9617 2331 435175
1690 7165 494895
990 3258 493353
5669 33 368349
1422 528 397997
23 8690 273079
5027 8023 2456148
8708 374 97740
8617 437 1188506
330 4268 1318037
7474 3357 406226
7953 5862 40654
8986 6850 1697828
1317 4214 1751375
604 3427 12305
7167 5963 52878
6311 720 3408131
3759 9117 85246
4448 7520 115003
2243 5450 1391301
4171 2081 202745
120 8374 1708169
6894 8221 29497
1977 7895 175844
16 4518 915089
6447 6434 1831106
9115 6377 548277
8626 1448 121967
9895 8669 3222408
7547 1504 3429717
4030 7524 303137
3579 4515 2309473
686 3219 1217691
5361 5546 675540
338 9816 493723
1012 766 1760384
7659 5045 542735
6264 437 188090
7662 3737 270543
7794 1184 378302
9890 3720 466127
5641 3938 1311985
3200 3818 840065
6318 8884 54067
7945 1362 1886204
5790 5477 8431
6845 16 1373315
2507 4059 734900
4349 4381 2439123
5640 2654 1727278
6597 4764 611997
7887 4870 305345
9691 7275 759627
3413 1921 615190
2613 3741 626159
4761 8917 1164868
