63
8323 9690 315026
4282 3554 2152995
5547 971 2068302
7781 8419 192996
6289 2124 511241
199 5972 2658247
7689 6887 2391601
7107 2523 1089666
979 5258 799986
4374 128 2984816
8059 2156 87232
7550 7550 118009
2500 7025 3388694
8235 6651 2516966
339 593 1906489
2578 2558 497003
1718 6663 872364
7869 3513 1505361
1759 1680 1626177
8953 2901 1338286
1590 3988 330056
6880 9369 1295033
2046 5910 1589046
4195 4607 526502
3745 1652 1577462
7262 4289 51246
4942 160 2689968
2520 2602 2093910
9655 1737 794272
6520 4539 1547321
7785 2327 2044401
3163 5071 3707457
6474 6220 84104
3090 4522 418065
9539 3099 1768419
4558 7763 219209
5782 2442 4307295
9642 1948 669538
4566 5138 1859060
7694 1215 1282878
4671 5236 9575
9462 2125 3466387
8626 7860 2085144
5854 5375 2343499
2447 9522 451124
4009 1610 1111918
6938 6742 2949486
8487 1949 3512538
4235 468 724179
1187 8337 175653
995 2284 5838562
6456 631 149482
2796 6052 1432147
7044 2459 1622532
7848 8867 3255580
9602 3470 332202
8657 7263 366169
3854 9906 990706
769 9504 3884113
9159 953 394020
3867 9768 2483096
1871 6789 4520733
3453 6277 24456
