91
830 6776 1105009
3701 5822 619402
8900 3356 1114232
2927 4346 998394
9434 2412 541859
8572 6254 382292
730 2920 809163
6629 6882 1653107
7648 9224 4756228
3758 8219 384489
1148 3395 926220
7311 7984 904900
3784 4458 58333
1629 2270 24920
8537 3843 975241
2278 9058 1529386
9827 6437 1581468
2916 6719 973286
2029 1875 864352
3826 6396 635704
4463 1935 233299
3833 2764 1687324
3118 4790 293361
2985 652 2879632
1038 662 411107
1987 3639 570846
9925 8153 761156
7269 3869 3100553
346 2868 159034
3579 7714 676597
2495 529 806497
5614 1085 275194
6467 9347 584419
5896 8644 55372
6498 2301 1798967
3048 6231 1436950
6906 2284 273968
7722 5222 1846231
4190 1538 1104317
8659 5085 1828268
1499 1427 919852
8369 3149 18580
6447 986 393966
5710 8377 212018
5681 6902 760713
8955 796 606099
8306 3435 408262
3924 2682 23971
4499 8287 1110306
2157 1584 598010
5590 2505 1405983
4720 1150 2112635
2065 6668 290347
751 7294 1771666
543 5110 520663
6824 2122 2840253
6344 6444 256452
8339 6106 147728
7778 8812 1097896
9266 1420 170946
2190 1013 2938381
423 3409 3280277
544 2802 1977230
9836 8379 1288535
717 28 1870410
4133 2867 111803
7518 1982 856500
5016 4564 694811
9123 2258 6198168
3707 5921 767062
7183 3066 1859297
2703 1335 355959
3274 8013 459905
3896 9555 141571
2391 4177 2120093
2621 232 219339
9535 2676 13234
5596 7163 892796
3874 6193 366725
1781 1287 557695
9061 9919 1383308
6428 3357 1002710
869 6128 1237925
2327 3215 4965667
2269 8408 2133297
6273 8288 199307
7310 3070 1388350
6560 2785 170436
3161 4255 1227774
2447 4431 774232
3332 5076 1259780
