200
5744 3662 54104
500 2881 53166
9773 991 905346
733 6797 694869
3631 7310 1040788
4497 3841 332230
1997 5338 59530
2895 5248 146303
437 5049 1510312
9313 2393 164127
53 5351 445257
9841 9174 106701
1613 3628 172180
5513 1159 251994
2174 2831 391396
4149 673 184909
4089 7752 121360
3197 3490 62258
6097 1922 442410
4045 6592 194912
3403 8498 282161
8190 4062 1696269
84 5018 2243286
7840 8433 1051617
6894 4738 361658
7607 7771 87
5030 6530 209088
7674 6113 321747
9100 463 819329
9352 8112 142709
6727 7912 172006
5085 727 309395
596 1998 407467
7863 2557 423449
5739 1680 2255044
812 6087 19985
9508 2949 699856
6701 390 63588
7645 8200 222663
7476 746 22172
8525 4733 341116
9046 8514 2218979
2411 8714 785048
7521 2389 224141
2609 5927 1995615
2098 2262 669343
6280 2660 69328
5890 3443 762483
1195 1913 427480
8268 8725 339934
1786 6667 5367
5597 767 1423132
6355 5892 115619
9307 6499 104087
5055 3822 87692
7611 2864 651780
127 6003 606335
2158 2010 712765
2258 9438 148760
7603 8138 508698
498 9966 423827
8209 9301 111470
5872 7601 96820
5192 3057 234948
2962 9719 719122
2466 9829 588361
9207 4083 884167
315 4634 672902
495 5547 91067
8619 4790 952319
2822 7052 1833455
4123 9290 835052
4968 4210 235915
8881 1387 319156
1892 1911 189936
4240 5648 13422
1276 2441 1250393
3978 3541 2343254
3853 7404 508475
7774 6038 343800
5539 3591 638620
1324 5624 479740
2341 8737 136784
3590 5840 72875
9955 8037 273279
6816 9477 113325
99 9884 60347
654 6797 38247
9902 8929 1104033
7668 5255 253705
1895 6345 289719
7160 9141 1084329
770 2621 1661433
4358 6171 190758
3058 7372 246705
3356 8654 418333
9351 240 829136
9102 4790 244905
7090 8039 284193
6930 698 774198
4392 8134 91120
1878 4107 1431534
9810 7663 450353
2879 5075 1087302
8482 5207 2535
1992 3305 248510
8507 2153 394628
4663 3319 92842
9055 2842 648952
2448 743 64865
7066 4693 171458
4539 1480 1731345
7001 1030 164243
8578 7312 326481
8003 2433 648690
9241 7320 82352
4774 6499 246772
7885 5858 8108
327 4677 919738
5416 8774 229155
3003 8748 202988
6971 6555 23020
1487 2451 389010
4114 3528 201037
1749 6876 836222
615 3514 161697
3933 1174 1171649
8850 2575 697602
3346 9567 353692
5106 134 578867
4811 4680 712177
221 6202 134411
6642 8903 531085
9061 5076 933744
9237 9903 600706
5564 447 358722
1400 4769 418443
6009 1624 253346
4074 5618 12261
8614 9415 335970
6755 9788 508289
4771 7213 133832
5956 4572 1468938
2804 6475 169496
9412 1568 182856
5303 8330 224128
9030 5748 219424
5902 6475 489007
8327 3828 536451
5646 9618 2210873
6254 64 75188
9034 817 297560
2141 9893 19797
2431 4050 264820
8547 4609 923330
3216 6911 1206296
6808 7202 127964
4890 4183 1221660
4156 7426 337329
3852 1449 313297
6552 4144 65564
9195 9105 20962
4582 5243 114479
4598 7850 267840
3890 1685 497674
1745 3920 499483
5926 6975 497688
6572 5600 651509
5052 5998 1196474
1249 5298 650297
1370 3319 578107
6732 6242 461369
7708 875 76249
5174 3986 530212
3666 1518 1579
3586 8196 56046
1212 840 65243
7720 1674 155265
7096 6266 633201
4584 698 112717
783 8015 682326
4189 901 960008
1073 9673 1848913
1492 1522 182401
4618 515 1173216
2343 8512 169901
3943 392 1104069
3128 4752 263456
5102 1294 107157
2902 7123 456156
2437 3482 14814
5949 9108 1150
1781 8424 670130
2126 538 239035
7402 5175 309593
3884 7302 1314539
1562 8361 292919
2972 7774 757603
7403 6524 62736
1988 1969 281798
