196
9136 8273 817472
8560 6492 851214
7292 575 192580
1914 3641 52893
7158 9431 1043346
6046 2531 245447
1126 5964 15922
678 8498 954299
1079 478 554114
9119 1175 351837
8381 8442 374243
7072 8187 43358
1837 9765 148381
9192 1173 645538
866 6369 503475
7406 2759 678129
9160 9634 594369
3946 4332 300421
2085 9471 138271
5786 1365 194886
5610 664 99173
1765 5172 99471
2390 8166 1298404
6830 2245 130773
6601 1368 118453
3393 2293 244222
5147 2755 112515
1630 4673 966011
4876 7478 914300
1633 8269 870312
6066 752 463483
7934 9461 88525
3654 9043 88138
3340 9206 6202
8754 5058 2663
1613 4431 922482
4461 6638 535496
1727 7667 327149
3716 1567 1806553
5842 4770 652359
6093 5126 84888
6151 8734 29474
7189 4558 411121
8325 5396 613756
8638 2619 167520
8483 3212 289822
3569 7723 881784
3774 273 738441
9016 2921 952959
8995 7412 106997
3288 7871 369444
8140 7570 17895
3477 9931 3364173
4871 2774 50112
9363 8760 603
6072 8895 186237
1170 7075 445024
9546 5853 264900
8694 3160 55684
723 1913 177076
9002 9474 376191
1206 6584 1251496
7148 2938 68595
7607 2742 163194
6054 785 321547
1128 1900 755122
4803 5918 58211
1249 16 235897
740 6583 571901
4712 4440 124214
7878 2158 363565
9393 8725 1817206
8253 2108 1030978
2386 2563 1530128
5914 8130 37880
2736 3785 97270
200 425 731073
1559 3370 4031217
5300 2455 1245581
7383 9800 81146
8570 6608 256135
5378 8672 447705
2958 5523 336183
6919 8278 391424
7651 5977 622302
9820 5178 598904
9562 2953 1627354
2561 9951 23166
3524 9261 39431
9092 1015 143134
3307 6965 501962
6524 4196 2293
484 1345 194922
4553 5517 9347
5744 2193 38965
2659 5839 159516
7786 9768 271375
6159 3348 1564749
8762 2548 204720
1726 1460 141364
6240 7012 57133
3051 1874 1084993
2805 7861 7542
6523 6087 1419296
3127 9153 52153
3757 9779 15906
1259 9156 509951
9899 2065 99943
6526 3033 387733
6902 66 1097344
35 1545 137657
7308 672 800588
4771 7986 26298
1259 267 841100
7059 1776 763607
9195 5872 350059
5297 8589 201586
6926 1725 1263514
4346 4944 112297
4544 6795 302810
7237 5156 446964
8539 7610 23921
8228 9525 389839
655 5584 291927
6564 9635 371753
8341 5806 448732
324 6135 418903
5497 6959 194641
8446 3 94776
8335 4107 96212
1462 538 129161
1600 2552 200907
350 8072 30929
5042 5776 148679
3918 7808 1321122
8831 745 156925
807 3186 341198
45 5784 1483601
188 4341 257981
6192 1892 772
4469 4546 64725
2400 1793 100671
7506 5006 366322
3885 3939 129049
9199 5581 34400
2549 8054 824104
3218 7751 37796
1402 7659 185885
2354 3199 580615
3922 720 477303
3474 8411 140349
4574 5639 597526
1626 2885 1059567
2802 5618 1422239
5704 840 760835
6497 7252 384094
3293 6299 269358
3358 9837 745420
9505 9221 689004
1325 8159 276224
4297 5361 55624
137 4546 809588
319 4851 83851
9277 7338 509059
2777 3712 303700
9147 2261 207316
8340 9162 766954
9069 7272 951244
7290 0 221421
2133 3314 348098
5459 8201 1317953
6027 3598 76819
1559 5631 1590974
1030 6432 782493
3442 4661 673641
4084 8699 508599
5667 7599 652593
1347 645 167984
9171 257 769517
8446 8458 732967
9596 2158 401479
1083 3837 283016
1180 431 824080
2683 5257 359113
3034 6736 2420470
7885 1169 1384919
8240 6054 596532
5636 217 971616
4291 6007 1050968
6157 4525 1652107
4985 696 449461
5413 6234 540449
7308 7893 338334
1606 8972 460350
8641 6585 146390
1934 3987 942230
