121
2745 8504 277011
1538 5041 489554
4884 1931 1808579
9222 1978 82430
6455 6093 42980
7066 5546 1365638
6208 7566 237862
9395 2087 417124
8086 6034 438957
9464 2093 244018
735 3840 4270754
202 8782 635743
1282 6719 461509
3266 8428 134433
1075 9049 222888
5420 2170 3525983
4578 8342 449354
5730 2217 62857
7505 9781 1591200
7097 2837 14791
2284 7716 230353
4153 6604 1879861
4194 8589 848729
9422 9960 715165
1615 4902 317615
1307 3175 950666
6336 5602 588024
1027 4608 449421
2200 5525 1561372
3392 1751 726530
5991 7836 70933
800 1308 67337
2483 1701 7141
1744 8285 163525
5095 1243 23800
5744 2739 255404
6746 7529 339742
5522 2794 1167227
9717 1266 1531065
4819 2342 928963
4768 3645 2896026
9746 8757 742381
4746 2198 43257
4061 5815 451403
8184 1730 423780
5194 5203 614740
8178 4158 113517
5792 6890 2464178
4004 7884 448719
24 2262 1073684
6468 1567 1441493
665 509 145074
468 785 307585
563 9125 155749
4189 5687 819685
4860 6582 398015
2743 5683 598702
413 3992 1345090
7150 2687 347283
3908 9715 2304132
9503 1811 2049830
9287 5857 102673
5959 1368 101351
1529 2454 928703
4345 9749 652649
7963 4739 4814137
5618 7916 19802
5570 1734 2754056
8127 1162 636536
3151 9545 2004167
2247 1330 839287
7992 6714 20313
1610 3382 1503427
7392 2204 988450
4572 2819 165425
1377 4178 420538
950 7059 683846
6546 8089 1665157
3535 5955 525946
357 9259 239330
1519 3337 766371
7735 3794 150180
7746 8809 860409
6273 8996 419174
1080 7788 137286
920 6504 670251
4903 3185 389858
2384 2852 337224
831 6525 1960336
5597 2586 525821
6272 7687 267936
6214 7353 1356926
6956 6334 904056
8369 6982 133041
2464 6642 584097
2621 379 1344144
5682 3335 1090709
2319 3052 646380
7519 7770 306896
1139 7505 57868
2090 8633 417780
753 3183 65007
7312 139 724235
4439 6282 2192696
1127 3124 1390704
6905 3204 1114910
2012 8882 303799
1278 8058 1058446
3443 1172 1550149
7028 9647 267501
3808 1132 1016636
6218 2151 2663684
4334 1942 1880900
1500 3214 376520
423 9033 103456
139 4874 1949195
3789 1365 21135
5635 6090 745562
5340 1615 217339
5127 7428 36587
8822 2823 1148142
