70
870 4203 1435460
8653 1471 73693
9074 140 40659
4168 6176 708233
2245 2503 106526
8558 4556 821231
991 3024 2667534
4220 1374 1600862
9058 1597 1109303
7837 4492 2821510
6320 6009 26779
513 3042 1126696
8100 8890 188313
1249 9121 3168270
2441 267 415339
8067 2898 1884371
5768 3700 3038439
7940 7823 514992
4876 3785 68332
6530 4009 225446
3903 9549 330918
2724 8877 1160576
5043 7556 1525942
8820 3657 259794
9164 1466 1765950
5615 8759 3600343
8804 5837 612417
2108 7536 24012
1522 8179 125825
4 8637 1433254
3300 8989 5363189
5247 5193 6663790
4535 3945 1153930
37 5167 4580926
2549 962 2024727
3302 6436 2111560
8257 8297 789142
4156 3680 311157
9072 9888 1238093
5954 8820 724617
5654 8781 1076041
804 8796 456220
3216 8261 5390714
5413 1347 1490700
2865 1939 1240857
1556 8503 439979
7553 7730 4638112
967 184 265549
3338 3527 1485894
6852 2513 1111303
2478 4475 1614957
1821 2772 1642273
3254 1146 1901076
2665 2068 344504
7101 133 187618
1907 4738 429027
4335 6391 50715
1080 8706 1849883
6174 4943 2056669
3790 2114 3704054
1387 3751 3457899
1752 4276 977084
5049 7027 433250
3617 3893 396688
666 7175 1444757
5812 7964 1229670
434 6675 464730
3835 9888 1427410
2721 3378 766014
5701 5419 184203
