75
854 8781 1277480
5724 9718 3821809
2546 2189 3067306
4480 8987 1766238
5936 3242 2387297
3537 3490 609770
9290 2636 444506
9813 3727 2736351
3305 5485 564741
5135 2288 595116
5149 7971 64031
4209 5050 849579
5669 3406 301718
8419 7622 2903883
2863 590 1145887
2649 52 1263827
5441 1854 1289588
7279 9749 50955
6536 70 2502165
6861 2084 1507795
5223 6232 595048
9050 7578 571689
9227 3580 249882
7380 7398 701874
7144 203 1821110
5722 4840 838465
7986 611 1397050
495 5284 388764
8428 3969 867604
3391 8963 496670
6567 2648 4595721
1848 9151 475074
1577 552 2822522
3718 7854 2260099
3667 7105 3215884
9027 2616 673174
4048 4751 1134717
9172 8490 2478643
2666 7030 867605
9928 3433 1402055
8742 9345 1481437
2437 7032 196462
2575 3859 464006
3220 6837 162317
9792 891 963407
1617 8348 133963
3359 4918 175792
8257 8906 4262801
2017 3325 966677
3232 805 1828253
2627 2548 684511
2891 4550 1276869
6684 2340 3842459
4288 1201 1194581
4104 4853 491795
5442 5555 252007
3125 6176 809836
5642 2016 1181883
7199 1033 26340
4346 3600 2079254
3559 3271 23734
794 9295 354122
602 2928 431313
9216 3922 2045587
6255 9325 2066671
6575 2003 156775
7732 7446 359601
1428 520 401530
8737 9392 1455439
107 4858 727096
507 1893 2346868
6834 3351 1389379
1041 8647 4233787
9736 7902 4024176
5958 3108 505580
