72
1800 7548 84143
6714 7657 915288
3875 7409 3169170
4263 2542 1558801
8798 2576 793675
6211 4692 950318
7923 2933 2275030
2870 945 815536
3182 6258 408180
3537 4311 144326
1526 4645 351906
431 7282 521116
8089 7137 541814
7798 5174 88334
4747 2015 140074
4847 1700 398980
2493 6735 1795734
9613 8666 3100987
6614 5034 1563394
5908 5117 340160
130 4267 2034182
4337 8722 4488571
4487 7318 3275959
8240 2309 619343
3294 6075 485031
5943 1770 862784
6318 6668 20859
5335 5500 1028084
3671 7000 54149
9533 8411 278961
2553 652 2041436
686 5535 384317
5296 6512 1009629
3948 768 1514203
9909 2965 2315053
1662 1094 200071
7978 1298 321628
7990 650 2509827
276 3881 2587679
9049 4610 2269405
2000 1984 1080283
469 2858 425992
4654 3551 500550
7207 2964 1533490
4844 4695 3636912
1967 4733 1138629
4675 6067 744954
454 7310 151022
3651 8703 117197
394 9774 476012
8128 2869 1515256
6588 3070 1153331
468 3208 1217081
7650 8378 7672902
2350 2725 553431
2772 9105 1082591
5712 1150 3656723
2573 6722 249057
3851 8899 1560163
1753 4082 1929590
5184 3373 4032807
1107 1235 2749417
9719 9591 768626
6115 5263 1241136
4247 1993 868945
8614 4814 232941
1640 6458 1862018
4826 4664 1926848
5717 9322 2140333
9967 9249 925761
6429 5523 753002
4953 5521 3844863
