55
6671 458 523233
6400 881 652245
146 9430 203419
4820 2690 454192
9234 8488 2739794
6516 7298 1428998
2436 7994 3076096
4326 1648 286923
7102 9131 4167319
7833 8599 6894745
6715 6686 3266629
5322 9381 2139729
7058 8416 1706401
458 1091 1028924
3611 3549 507452
9195 5660 3907891
1534 9629 273789
5698 8964 12060
3966 6083 388809
1024 6217 3842165
5355 7442 1795717
457 6657 636769
1843 4227 2241091
2419 1498 2019402
9950 2094 994620
5144 2192 3409265
5332 6855 1735893
6802 4380 180332
3791 4350 578657
6022 8894 815362
5480 5739 2576769
3587 7756 2245355
9579 1721 2259352
7698 6440 2971524
6575 9784 1774385
5138 3722 464002
8561 6052 3329489
3711 1757 520248
5439 867 650475
8550 2521 529281
8199 7946 283242
2162 9730 5177438
4793 7962 887724
3770 2779 413978
7581 3910 1376170
7188 4507 1069829
9445 3980 92497
5364 2282 1371832
7006 8443 4597664
2750 2484 1871602
4981 4615 480509
767 702 476355
4961 8801 2871836
4039 7795 536235
5880 8658 9264288
