162
67 2007 509117
100 475 281559
67 7428 55342
5771 1249 197004
2353 8267 566044
3364 6718 585117
6029 9746 661402
1731 1754 434032
4759 6539 224868
782 3761 146680
3092 7539 178570
7111 6721 106277
2166 6570 42282
9247 3513 176281
3035 4873 151942
367 4462 423568
1203 5698 1147273
5662 4574 153605
805 64 1822003
68 7574 632103
8679 6335 64409
8559 3004 74028
2374 5981 231014
6230 8058 51610
7240 3657 573529
3575 8720 118174
3443 4064 58064
3356 8400 24489
4574 8996 338786
7091 6171 46577
2091 6639 463960
5556 1234 1902811
7860 3054 561336
8414 2721 379203
9339 7024 1003137
181 960 182593
1071 6525 577302
6245 5719 482627
5814 1156 2713
2942 7747 2653868
5871 9523 1725042
7964 6036 593467
4957 2035 149146
1268 5060 1376653
5766 8013 95109
7991 4640 671451
4884 1481 349602
2460 8444 527474
6280 8498 243632
2740 9064 51567
7429 9386 633374
4446 4505 184012
8458 7933 1500994
5999 6757 108158
6005 2209 565938
5223 7144 96417
4155 1715 930005
8036 191 597448
989 9617 91880
9807 4487 335033
1344 850 481899
9734 9858 1458289
2268 8440 348079
4163 658 674844
1101 658 625655
1650 8642 444623
3712 2789 491479
6004 8880 542401
6097 6350 375881
4595 6991 187932
9856 2874 936572
7879 334 738858
1108 1063 78113
7760 5097 39596
2718 398 773213
8249 2053 105032
7596 3621 202431
4818 6344 34656
9266 293 131688
441 9351 1918373
5904 3368 1080971
8630 3654 410876
6607 2983 1178949
4298 4959 625497
1854 2255 331811
3159 8081 702885
1781 5795 599726
1197 4922 1698996
3763 3170 535789
3881 5696 26776
6545 4404 248101
2027 1897 125576
6765 7753 204991
1540 1939 25257
2688 4015 1019568
4978 1993 1075770
9353 3241 138393
3156 3157 478376
3101 2412 541059
6756 3220 100224
4202 1371 555098
6581 2130 61474
8437 2157 1105923
1252 4221 29693
3352 1852 1119461
9281 8846 396738
8821 1454 871678
6379 7654 548200
869 453 1254471
3606 4247 275964
8566 6507 532343
561 1359 1124147
6961 9785 391315
9976 2657 464507
9927 5485 200007
3653 7872 1742953
3789 5326 304941
8270 2066 1179377
8595 9203 77574
5793 2453 729435
4833 4140 364674
5925 675 622902
7180 6191 453870
2134 5642 788454
2723 4044 1049653
994 138 2532698
5240 444 98963
5974 875 1919705
3420 2396 3640066
9232 307 582744
1846 7398 1846741
5225 8899 1256614
867 8363 328970
8188 5494 764393
9074 5446 496842
9655 334 2747986
9015 3002 1206335
7783 9569 1257699
8739 1983 280092
1768 4320 1066647
3132 8452 59112
3003 2141 130609
539 2874 466720
9632 6556 73775
5312 5393 449553
6485 9867 434757
7196 2553 341950
4403 1475 954698
3790 7293 815383
4593 3533 870143
398 5475 580285
3067 7512 736915
1122 5564 2602190
5484 9861 157799
8503 8986 995035
1598 5191 1423691
1223 7307 104043
4303 9198 268906
4015 9599 70843
6783 3592 8391
2000 153 1305647
5225 379 27302
