146
9915 908 1922135
1497 5894 1927482
3124 2342 717247
1528 1931 683305
7408 2731 40689
1501 1741 23707
6826 9968 601609
2694 1004 311700
2406 6985 807102
8348 519 332871
2550 5527 2620551
5993 4014 252589
1637 5391 1797978
6643 5853 14524
7358 9966 43706
5300 1166 181481
8003 7589 558032
8650 2655 1016611
3328 6013 913560
7010 3081 697542
5610 465 135452
3752 3787 175210
6500 2351 1307762
4736 658 315461
7026 7081 123662
9857 7936 472799
1576 2477 1009282
5337 7713 4299989
2489 8846 395137
951 2296 761898
647 5831 176136
8164 4224 483594
5989 8619 65694
6756 1686 876422
1138 1062 1095836
5758 2111 119331
9847 7038 211620
7505 137 700074
6576 5737 148810
3162 1393 438718
104 935 808945
1417 8147 120298
6692 2542 336206
3215 9610 988919
1710 5287 757972
1971 72 1201394
9004 1432 300274
5457 9740 1618755
3256 6453 8904
19 1017 9869
1545 3806 343190
5310 9327 822125
1947 4323 200776
4653 2629 1443047
3995 6367 850829
4484 1821 10958
8277 9684 1798995
2535 2309 302872
5080 2876 82981
8311 3520 507719
8890 4941 345828
8103 1426 791591
154 9279 967244
2985 9148 732076
2890 9178 314154
2379 9936 241504
5614 4591 156560
445 8118 479571
1541 6425 506426
3098 5074 896337
1220 3657 2970304
1459 1845 180949
259 4571 1172906
2922 3209 711746
1048 2135 944791
8911 2355 573130
301 5085 1206822
6133 3674 356121
5543 1236 296190
5958 492 396158
1153 1050 102990
6620 3161 1138851
9071 8754 660557
7604 1717 1433678
4771 3348 390265
507 2434 620647
3167 5899 196779
5991 4541 714666
1518 2131 672774
7076 435 1250876
5400 4177 355304
2987 7803 1327878
5008 97 391298
7335 6662 1257196
1620 8596 1037319
4779 7686 41446
6217 3857 752801
5284 1802 208678
9376 6626 1491405
8062 6089 1773404
2186 4895 462717
1848 9947 1829518
488 3810 106876
4071 9562 533566
5636 103 313878
5579 6826 95798
8175 6407 313859
6858 312 1022869
6869 682 1142160
9890 7910 93279
9801 2309 770666
2541 4176 257135
5808 6764 1532583
5784 7826 1030139
9149 7929 74355
6864 726 941388
3745 3540 1043062
1279 3631 199215
4200 8292 113090
5690 8483 164889
7163 171 797837
9519 7033 513090
728 4903 230919
3583 2640 587337
9937 3639 53292
6412 4076 401987
8345 5063 681218
7020 7965 653367
5502 3847 24229
7659 8897 422908
3234 4648 124432
3163 8233 1906555
2092 5676 1340432
6147 4884 552282
9744 7518 519903
2529 9290 628331
6967 2273 16714
4073 354 33029
6220 2175 1011453
6782 7329 79178
5612 4140 163627
7559 744 2418964
8106 1083 318784
5534 4569 1424657
2973 1486 47628
7126 3312 1655249
