184
9347 1997 1293393
7963 8312 1303256
6053 8181 1355126
5817 3766 52669
559 6272 700970
5753 1354 315299
5394 5351 675988
6122 9563 1801161
4143 2773 1071631
4526 5935 384528
3775 4877 211274
3904 4776 907263
7755 4738 64297
4576 2264 209796
5778 8511 657009
1885 892 12302
8973 9090 1765109
4830 6370 298114
2045 6295 451713
2667 8237 205656
2586 5176 371018
7339 7595 5815
4444 6971 555892
7743 7134 153248
6056 6555 865252
8569 6302 33104
9640 8575 303453
7942 6047 69174
8271 4161 7411
3630 8208 663127
7339 5368 929891
8153 366 964411
4170 4180 400257
6293 1712 1855696
7354 1388 98135
7988 1629 12051
330 76 1098514
4445 7873 299451
2252 1726 27583
7525 5189 430251
3622 8945 71148
1355 8246 71246
3048 7358 259837
4430 9607 497418
5112 3681 627357
9342 5476 7282
9594 8423 31067
1177 6278 1032555
4914 5301 41718
4136 8853 985848
9864 3192 969933
7326 9307 8
8474 8018 133591
7366 6961 33540
5429 7509 532668
7784 1338 1076821
4149 4318 496814
6687 7442 1379253
7201 2580 324243
3096 8968 1400518
9013 2643 535000
9611 3662 26402
7327 5613 233138
8926 3239 668227
7341 4283 778846
6437 9082 639203
3087 1672 1794213
8488 780 413339
621 5857 1874956
7093 3551 507238
6048 1868 787137
2309 5994 1002694
4952 8306 646142
3040 4221 79943
3807 9564 208189
520 7291 103513
3870 2562 27009
1001 2400 381258
3269 1047 120892
7487 6756 424074
1076 6052 448895
2003 8620 261760
4820 1764 345118
4305 5639 187941
8633 7520 620783
9874 2251 203402
1683 6203 168756
7505 9046 450191
2284 7958 27628
9482 2512 1391087
7917 9806 183907
6829 9460 33978
9897 2197 120036
1551 2174 452760
4410 3235 79837
5841 7205 577409
7357 9923 328854
2214 3838 39991
6143 395 459824
8791 5531 1702651
8895 9628 692468
6880 8500 353803
4747 5942 135462
5960 3842 1800857
3223 5238 1036102
6122 4094 61879
1188 4657 592942
1841 3557 708151
2009 2053 39894
7425 9178 24205
9631 7520 857287
9170 2247 265105
645 3276 207450
4415 9774 837014
1367 1477 215174
2569 4216 1114505
1957 8611 245906
9109 4738 1625345
1190 6164 833935
3446 9869 179867
1499 3860 2197091
6241 9339 653427
6339 7942 910922
1567 6921 883639
9009 6454 372778
87 4385 607503
3514 700 166168
8942 7879 524801
9453 5199 69622
1775 8759 215095
248 7352 12993
5558 3289 276514
7633 8232 607847
9769 6916 1647498
5994 8003 40901
7576 567 1446033
3539 9132 603606
2546 4194 213481
9974 8455 4244
3030 1387 388982
5626 6960 50961
3226 5618 101905
8946 2747 35997
8135 2040 505699
2856 8962 347297
3933 7265 279247
7502 4686 169913
2164 3796 595030
2818 9710 14169
2541 9819 196041
3804 2638 549238
7071 1281 204308
507 4595 574719
1750 2220 736032
5827 2493 1993571
5630 3032 102744
8202 4465 454694
9305 3669 243320
182 6085 60268
7711 4042 795085
8491 2087 871537
3922 6445 205932
3780 8696 432567
4314 7690 377836
7876 5862 507208
7096 4912 730177
1269 6300 282789
1849 3244 2462698
6302 6607 1670489
7822 7041 1046695
7989 5268 1051848
2339 6596 260621
3312 774 158146
1637 5789 469979
906 1631 128843
6703 6590 700875
854 844 843612
8274 7177 163332
5166 4679 412763
5908 4729 239613
8788 5411 575105
8941 4922 1785325
1181 7333 68017
5576 6922 683885
