137
2657 3577 934704
2146 3362 1370551
3255 7615 1458061
9852 7314 158895
5271 7717 435718
8575 1385 316303
279 5842 611591
1549 88 275641
8511 8935 2689582
8728 8327 2365102
160 3628 106973
4927 8239 624526
5557 7226 595337
4241 224 76530
7736 7045 576559
1414 4048 130033
1184 8449 794302
7614 8512 25785
9147 1569 1241673
2724 4358 592821
138 9709 404987
5881 7498 1788187
9434 3345 1048113
1458 7616 687480
5684 4334 1811497
8494 6547 119721
463 9808 751636
3088 7765 2385432
1714 9291 385594
6654 3034 501463
715 3673 585895
8610 2362 122854
5202 6140 1534330
3339 664 730835
8457 7726 150512
9236 305 1373178
3066 7725 44211
4643 8475 313070
8029 9814 246251
9696 6384 2358126
4059 887 169638
6090 597 1097782
6337 3861 404706
4225 1437 851776
3858 4662 153649
7871 2413 614242
1167 4181 688106
6797 93 136021
2759 6273 2101494
8558 2370 364946
9324 6279 317144
7578 1576 22558
9734 5386 124137
508 5922 224280
2290 4138 2231343
6015 9936 386980
7949 8905 14918
4814 9085 219221
223 2092 2931205
7440 9756 200798
4333 8895 72465
7088 5643 408910
3265 2843 843981
8970 9670 1054045
5922 4079 61376
9267 8428 236714
7985 551 1084707
3193 8339 592913
2496 5214 2320394
9071 3519 51644
223 5609 112383
1935 1113 803781
5092 8418 573950
7738 2289 365293
2370 4291 174515
1338 227 1259159
7035 6577 272163
5196 9021 407984
725 7636 347561
8379 6934 6092
4034 5512 440669
1049 451 937247
5594 5914 133192
9730 7549 741492
1024 3928 41150
3025 5135 144235
6167 9237 321922
9427 1636 206933
5839 1273 771571
865 328 344981
2904 1553 325993
5068 6825 734006
1127 8264 969722
7191 1453 1709749
15 8749 455283
1756 5933 2018820
2801 8264 1074072
2040 6091 425443
6918 3389 338489
9059 7294 1689571
2391 1099 418947
7911 4000 2845301
2960 1056 1310721
4951 2445 892838
2128 7410 3188424
3848 7006 298100
2730 4329 1081369
8960 9906 1446981
6244 5437 608385
5598 114 160622
9685 2974 21182
940 9128 400677
4771 9674 1185372
8574 9738 2475419
4330 6740 125455
676 1500 687696
226 3992 1043967
6640 7466 993692
5112 2830 64032
4809 8608 342889
8686 9155 904468
5450 1537 362657
2193 3077 29872
3852 4192 407381
8214 8707 1101786
6778 8024 132175
7614 4988 487191
7231 3611 160552
8407 4121 416658
2459 554 133785
515 4395 692168
3256 9593 235936
2407 729 1846899
8762 8716 459812
9030 3328 309759
3691 9218 1067473
375 8177 805786
