133
3720 4347 356680
1622 1063 765368
9140 675 242493
2689 456 699621
7154 4569 361312
9572 2785 893169
2266 2742 451131
366 9855 601062
2050 3518 755585
8261 2649 458939
2110 3490 1069394
5693 472 435675
7827 2832 290922
7709 6392 537618
9387 1234 85904
9267 7549 847397
1036 5826 665371
7271 8013 32119
3963 5530 264373
1464 8455 504599
1819 2885 808834
579 6944 639994
6284 1668 235815
2936 4973 47099
8372 3690 190084
1881 9480 1355852
8071 2868 1764615
6901 410 597174
1171 4619 58771
1784 2274 88852
6833 6108 2103328
1513 8251 1384350
9381 8362 873448
2921 4279 2213556
4982 2998 9752
1276 4885 1488982
1928 3880 368482
1379 8998 800171
3865 657 1698229
7698 8868 881569
7093 4141 124938
5714 2402 1421193
6903 5021 511311
8189 9667 514794
599 5999 535183
7828 9779 1056471
743 4508 104644
9590 748 3980299
8349 6833 1128590
3889 1420 575191
9551 5881 181467
3405 8242 386151
4423 3425 384198
5568 6033 917479
8700 8913 1012072
4885 4856 659501
8201 5706 2055136
8560 7871 625831
7340 6565 1007287
9564 9192 1123576
3991 9002 102292
4295 796 945349
9934 795 1147879
6126 4862 1058236
8116 6537 985933
9341 9649 937508
7725 1787 931461
2812 2343 451262
9216 6417 2346410
5378 2750 644376
8584 8720 7459
4837 4731 591408
6361 2533 74251
6669 514 842793
9769 3935 120490
6286 1502 197246
872 4834 665329
2929 1678 187638
3695 1408 872479
1561 3673 1145359
6974 9070 435416
4406 2286 2013857
2871 4169 2591808
5713 223 5791099
360 5185 2360203
7846 222 190524
2353 2038 107699
174 1346 614109
3049 2148 1106571
8795 3297 486633
694 2297 260834
7884 688 65996
7214 9009 735087
3796 3372 51215
2271 3806 317483
2235 1948 173798
4795 4433 735553
3488 7414 1036006
867 7090 347201
2128 4303 871679
3563 2125 279213
8815 5440 57205
9266 2146 341712
7858 2922 1030449
5915 7939 60660
2382 7386 71187
8850 5804 1417241
3451 130 107600
2490 6540 271669
1388 8178 1454255
9471 1550 1603678
5238 2122 367228
5212 8520 1407346
8271 7578 12184
2672 4618 402763
6868 967 280604
8749 5264 194022
6806 4107 2219624
4231 9372 333194
4980 7285 302660
8165 4824 773860
6057 4463 1811685
5494 955 313348
8943 9661 879173
8404 8702 33
5184 5974 587400
8474 1018 318410
176 1267 445679
5468 5992 173298
1956 9666 89043
3824 7124 990825
6838 8650 532576
2424 173 89246
