87
7987 9767 498465
5513 9674 136289
200 2549 326200
7374 4340 1416276
1162 2281 3518130
6092 6490 2314241
1594 2100 667670
565 7550 287790
6985 9234 1888438
3087 6735 2252137
9264 6736 1801447
3848 5177 624784
3258 6487 1278752
804 7627 1253211
9554 7972 407788
6704 2128 2591
3124 1684 1828767
8837 8638 390305
900 6747 659214
1962 7402 617132
6965 5849 767344
2980 1824 1032710
3824 2337 946970
3371 8203 157790
805 2504 975325
4089 2649 343
1695 3076 1532718
1174 5271 2095523
1612 6618 2336393
4069 8240 1719741
964 4316 1894356
7572 957 733557
5370 3497 748254
2003 8151 1581257
8256 5596 501674
145 8529 405370
2203 8846 3554306
1217 9157 326725
7703 2648 2000885
8676 7954 1545267
9539 4086 89435
8287 6583 368307
6085 1261 663472
6460 8064 827529
1346 3693 1112095
7800 889 1687668
2978 7760 497816
7860 8314 1110264
4420 4259 182132
2737 5090 117129
8819 6679 78051
5910 362 1054128
9203 1294 363178
1655 2179 333330
4485 2506 670260
8397 3552 1675203
2677 8775 1435504
4239 7687 652945
969 1656 2387805
9867 1746 1498928
5734 8623 2062801
7761 2290 928774
9053 6160 553751
2121 3272 2327948
7997 1743 663669
188 4699 285794
2960 1907 44627
2780 4489 139030
5443 1678 8040965
2883 21 1365821
728 9652 476633
1155 1998 1196960
519 8124 3231932
6561 6669 963679
1498 9070 285229
62 4380 536951
6981 9429 818121
3107 5587 1566300
2663 3899 345078
5595 7824 137207
3320 1594 4007694
689 1809 1099006
8699 8209 1306766
4407 8105 1573883
6801 651 926135
8377 9774 783237
9419 5596 500695
