133
2627 6661 230050
6288 9772 78695
4860 7435 310679
3136 8388 2696391
968 3153 1898407
7862 6481 119621
352 9335 170044
9097 3093 470852
6815 1234 788723
8931 9934 568412
52 6918 421295
7331 7735 2264716
2140 4484 145463
7007 6138 374725
7540 5699 696027
6486 9011 183518
3304 2190 158043
5703 4632 867004
9256 4654 1067320
8494 7301 193799
8407 2642 203297
188 5988 593634
1075 8156 1805499
5981 3135 1501
7429 9797 1597028
3740 385 80107
2769 5141 59119
9025 8419 2864764
1432 7847 209117
7580 9845 101516
3423 7284 1401060
2863 261 3034512
2058 9385 773656
32 4059 870812
7342 2438 153168
1744 770 1137879
5997 3178 235124
590 9101 879956
9589 6934 925639
939 3378 300230
1782 5767 3390743
2837 8865 830606
2351 2783 294287
9535 6739 107211
9600 9420 477344
1242 2531 468226
5867 5326 116281
6882 7742 197428
3295 5408 324624
6524 1499 613368
7459 5696 1362199
8931 2385 204400
1744 4152 117772
911 4598 1956658
4169 9643 2627746
4319 5941 505425
4980 6802 847095
4352 6292 270151
590 6349 683162
7055 3896 47023
6321 9388 75298
817 224 454121
3573 544 154926
2521 9761 260151
2289 381 57084
1855 1120 412458
5439 2483 913032
3113 8394 94433
9511 9168 261999
8429 4371 1055413
2072 7290 237737
2082 6597 317165
503 8221 456642
1803 9140 98951
6249 6376 699782
4677 7042 3679328
927 9709 1126305
6081 5325 297476
6479 5265 253017
8957 1661 93201
7170 5852 3848184
5490 6718 939295
974 4832 2112701
5684 2708 29516
9023 6679 4263
1847 3230 1476627
3621 4866 500759
6389 6482 422239
2714 6629 205163
8268 1084 141043
2534 9825 617568
5730 2802 943271
1456 8892 25072
867 7249 348056
6162 8886 1567252
856 6534 156643
9806 2788 96173
7794 4315 1098996
2322 3583 73737
6447 9165 251845
6657 9199 421137
6395 8209 473630
3706 896 1513786
929 2285 624381
5656 8294 1550489
9919 3524 631380
2441 6564 278508
7683 8933 815436
9129 3644 2559860
6466 8391 2411703
4170 257 30197
7258 3945 207878
5424 7012 845672
3495 5214 2259130
3719 7157 1614594
3683 1379 709253
4942 4893 608119
9431 5589 1745175
9728 1478 110193
1471 3003 22096
5763 2175 291038
2635 4057 802294
8502 8680 1088254
4030 9108 1459351
4759 3053 31057
8148 8861 59239
4745 1483 75384
5886 5307 325127
7201 9791 489871
2269 4411 69979
8371 8049 1300644
1345 2948 1647429
8185 9827 697643
