194
7577 8836 929479
4704 9935 274713
9864 266 29567
1417 9726 1005352
1632 485 747401
5593 5773 94103
6743 7319 9233
1418 4766 912389
5852 6375 161298
2637 5083 25008
6084 7272 469640
6546 2530 190847
2581 1534 98737
821 5098 948724
4388 8928 475152
1205 3466 16776
5871 1390 331178
3071 2740 1473883
1563 7652 242626
2621 1741 1598535
8608 5193 470674
8164 606 336419
1759 6881 11964
2200 9308 579400
5865 4849 357258
2702 2190 140010
5572 2057 102183
9153 811 268632
4387 1238 1780861
5361 518 553345
9498 9062 1215125
8699 5342 318286
9842 362 258145
1810 9673 390236
9599 211 641039
4603 908 545461
1352 194 115542
1508 4956 2701619
9128 5290 749007
5456 4016 1264791
8633 5633 1481218
6276 8678 16918
2412 4992 529362
3229 7459 969367
3015 8628 369219
4195 8290 8317
9824 4860 154780
5104 1070 29715
5530 3956 115700
9224 5157 159970
4362 7345 809286
8928 6429 429483
2540 1857 194063
6090 6932 277080
9362 3901 1462358
6789 3787 782546
7587 5167 307055
1959 1156 63466
8606 9152 326924
7897 3601 490662
1765 4838 108488
7947 7611 89982
9225 9761 466878
3551 6523 233108
4734 5918 1654740
5690 4692 167512
6426 3117 539547
4870 163 284768
6134 4908 638717
5045 612 1589803
9660 2179 345431
8329 3856 481795
8886 8771 77328
6234 4551 121718
147 3549 1461679
2593 2278 1632215
9189 6005 116915
3338 9331 691303
8849 5738 516295
3850 5053 464716
7248 8176 384645
7802 6691 442466
5602 4018 3315957
8353 6493 27308
9742 3961 144611
8003 9995 70060
166 7882 573885
9682 780 100315
8840 4571 75878
3592 4995 158568
3498 3882 1233968
839 6906 139279
5458 7930 631404
42 1112 75802
1600 2701 246982
3150 1115 321756
8874 9576 52010
4857 1980 219233
4151 9070 855362
4798 657 451152
2220 3052 187075
5822 7073 787726
4894 7256 81323
2580 4793 1227051
5691 9038 467926
6912 2860 225100
3773 7065 1036410
1161 2822 5739
8864 879 700850
6532 9127 350989
3988 1870 673933
6985 6756 284182
3200 1939 193914
2351 7789 1041431
6420 2467 114720
5345 3852 986105
3047 3301 428233
7017 7633 346019
8909 303 1038139
8786 5797 27448
1283 8399 305804
2750 4027 435192
4182 8753 94077
4984 8710 5865
1460 6980 28457
5400 7332 322255
9633 3381 566106
6059 5045 144189
9175 9214 356239
5412 852 60210
9287 8781 423584
2313 2530 213039
4543 4674 146156
9615 7591 73263
9074 4265 289077
2040 7417 1026696
8138 8007 373449
2137 7329 703354
901 8613 625276
9571 4297 741880
8139 5973 198405
7353 1681 212575
9791 6178 506713
7955 4334 390757
1630 8991 1042292
1220 2566 164847
548 1673 60998
7903 8557 378814
3398 9025 746903
9088 3096 941896
6831 6286 81896
7678 3442 62544
3698 9047 146007
2292 952 306207
2135 6038 170248
43 6810 1290867
3139 9238 17852
4234 9551 172754
1866 5023 914098
7211 2480 577469
8975 6422 152263
385 9581 134716
421 9463 240803
7948 5647 559612
1156 6577 403015
8322 5491 295679
2660 821 332533
8209 7241 86619
6514 5391 388571
6971 3800 279891
5855 4061 1020179
8053 1657 794345
7280 8456 737869
2635 1491 4662019
2098 1520 323683
1997 2068 666778
6397 894 181152
7783 9521 1348968
6300 2298 1860620
1573 4115 758025
2090 516 804084
9612 8554 34576
7768 5960 210789
8388 999 434924
8839 3348 261440
2294 1015 174544
9645 8889 323339
7428 1284 288402
642 9999 1491832
8239 5441 553487
310 1626 127376
6897 6410 683534
2446 2687 344946
871 5689 501058
