122
7147 2828 1365697
8495 7307 355875
5177 309 372146
336 801 46886
3888 7532 283084
374 3519 436424
6760 3887 3657990
1530 2086 650119
2699 5560 13965
9062 7831 369858
4048 7818 97038
4319 7478 792156
6139 212 823896
170 4798 584403
1697 8311 44491
1969 4063 1091212
3557 5701 346316
8169 8317 365513
9717 7269 995562
1180 4547 396501
6331 559 1808584
7889 2582 1058909
1163 1681 69342
7320 8846 921899
421 8540 354937
5142 3738 827357
6556 5380 1380149
5311 7498 402865
75 4811 433237
137 1039 776359
1037 5472 1231759
2139 6947 695458
2602 8698 1642851
2672 7590 2759032
7649 5577 517540
5777 5498 1387815
1542 2080 477677
4202 7423 686121
4581 7908 703128
4077 6337 563135
7250 9331 857033
6352 3265 2784902
5613 6470 830060
8547 1278 1172125
258 4312 997440
7243 1398 554495
2070 4314 331715
1964 9835 1456816
488 9090 647639
9991 5546 705382
9000 8945 610043
6163 2919 165535
7327 4609 221909
4203 8407 123674
398 9955 261190
5209 10 2451170
837 7473 1035857
2252 6136 338799
6814 5570 602993
9997 9934 577673
3395 3755 825948
9527 4079 19780
3945 2677 309354
9229 7874 1260363
4693 9975 423074
3231 2550 141159
2127 2417 1984853
5700 4002 1732950
6224 7462 327997
1415 3190 121328
271 4796 342594
1877 1839 581482
4198 4006 1152042
4663 9397 370088
1120 1903 58854
8018 4924 1356474
728 2611 399257
3660 924 239890
6417 3645 826245
1262 4636 515636
9752 7384 993138
1922 7087 290976
7351 9375 246762
6280 6057 1093125
5380 2164 75673
3152 1622 502305
8028 7194 81992
3934 828 314960
9713 1382 287644
118 4795 787710
1044 9644 424215
1368 7637 1108742
1260 6311 416714
3510 3700 309393
5293 153 567694
9631 6774 3251482
6935 4441 324367
5170 9595 2501042
9025 8733 55194
1362 1769 4519369
5960 9578 267968
8096 2738 4754664
2325 7404 115441
7173 9208 433518
1504 8434 441146
8142 122 448505
9604 140 347104
7537 6913 863044
4406 7875 627574
9563 9085 1913203
2983 3696 1675930
3641 6646 2525021
6044 2526 275242
4797 873 112857
7441 5197 268641
6164 5664 71220
4114 1387 737097
8216 6745 2332893
3396 246 188716
7883 9840 283890
5919 2567 1603802
6779 1027 56923
