129
8390 7461 1452317
1067 3967 1458213
5082 8813 88291
4787 7863 572905
9480 4401 1756927
6199 4645 128990
4943 1473 67121
9512 7643 154270
5533 7732 1963757
9698 4753 854551
608 2442 50024
3366 1342 587631
1192 8511 228424
7540 3598 1769922
8723 6422 1136760
8832 1660 1105216
4507 2786 3327802
6388 8057 493111
1361 3861 2773323
8467 3269 861870
9385 1881 499325
8268 2732 1594304
9086 7376 9591
9575 9414 235575
2859 9118 1582064
489 636 1597501
5127 8627 895170
1223 9738 77209
183 3879 1059417
8390 6383 834558
1269 7048 11661
1640 8759 618077
97 564 826873
4266 8939 1066547
2110 8778 787072
8867 4093 31865
4488 9755 1152477
5100 6549 914961
6131 1927 19648
9972 2319 84918
7193 1576 541352
882 7759 218016
6268 3413 264323
9104 8837 167064
866 8850 1865076
8436 5952 2706791
1212 4852 652139
9016 569 1667059
7492 5387 395276
3567 4962 1104206
6214 7217 1036553
2133 888 188277
37 6652 215182
2378 2198 1035350
5087 9721 141611
5251 6174 1279279
6985 6204 2018239
1582 5568 10884
5171 1827 1739858
9658 9758 131375
7628 494 536119
3937 4659 54040
7644 548 983051
5945 814 1519513
3041 3318 1309637
3550 5873 327301
5747 654 443424
3513 982 297785
5577 7574 376876
4225 8597 787506
8314 3157 429779
4191 1527 296028
1900 7147 3131182
6624 499 302610
8963 2349 726780
1663 5435 1833036
8523 7817 1241403
9918 5741 104711
2522 8990 261257
8008 9676 19143
2800 176 1102748
6 8069 441118
2074 9549 12681
6008 8135 239355
2042 7675 359261
3916 5507 353394
5779 7180 730234
1214 743 1230023
2556 3419 173732
8994 1233 250794
4320 18 735411
1063 8739 626539
6485 3695 54127
3539 544 12422
3261 1873 307632
8002 6386 547803
823 2448 2061885
668 7471 55882
6563 6916 238816
7116 8719 622544
6159 1700 284757
4914 7967 1617092
5141 8385 2487496
1838 1751 612306
5800 4270 486129
2180 5009 1869440
2847 7609 469010
215 8159 651116
3607 2425 766231
922 2235 356692
7924 5046 1390201
280 5021 600303
1123 8346 85520
6395 2587 716637
9308 3556 452095
8289 4120 684929
6526 2977 292971
1995 8596 1014313
5239 6290 323305
6271 8530 167030
926 5777 1541152
8460 4460 533248
1301 7827 1122630
2165 9119 1194935
4975 3988 278437
2097 9701 352516
6614 1554 1050305
8601 8849 1275139
8310 9330 78335
