143
117 1242 427445
5518 2882 824840
993 933 1194358
7125 4395 352
768 3826 686702
3769 7885 980234
9859 6000 1209918
7033 4778 671395
587 1107 49154
1008 8368 1552170
5602 6504 363688
2910 8208 1426967
9621 1271 398716
4605 3549 328199
2488 220 424741
363 4631 303604
9445 8050 538505
5357 509 301933
1721 7995 203387
1645 1718 623488
7714 1987 1068109
2607 7391 1278759
4449 6107 2818857
958 8354 314518
7881 9951 2810869
5991 5132 3488639
5710 131 1444288
2875 3523 557466
8632 1632 239617
8174 4177 303816
8116 8213 403094
3116 5606 1501692
7961 20 1966736
974 6523 774997
3112 4648 1046444
7659 4556 67844
1785 3475 70869
1208 1645 815615
7130 6984 1449951
6050 8913 676987
5820 6822 475955
718 7543 1639760
3457 7878 180393
9388 9229 1101
4234 1074 609179
657 9861 1719333
6073 1002 717517
1357 7127 541107
5385 4271 1835251
310 1927 714928
8214 4494 784303
9556 6887 246935
526 9516 39720
5952 7800 645744
2256 5515 208800
8294 8221 222259
8794 3719 288766
6339 1426 85842
7695 3102 440022
986 2407 348727
6687 9119 58007
1811 9430 586566
1116 9133 353278
6023 37 1941553
9370 7246 587246
3477 5085 32527
6440 3330 601972
6888 9335 211271
8137 7386 430478
441 9436 345205
8408 5641 713587
7741 8016 141511
8086 8709 421111
9790 9474 967003
8159 1933 17821
265 9597 648830
7388 1227 279277
2672 3173 442903
8336 2900 1271642
9675 3026 1912332
1582 9858 841422
6344 1461 119573
5649 863 702888
4702 6026 215275
3903 8364 2578723
421 7987 96441
8375 7884 718717
4004 6157 1020040
5502 4825 96741
5642 1223 353596
7852 6187 764345
6852 5886 145033
9837 7129 1011421
3489 2509 211526
2799 9814 1061807
4227 580 128037
919 6771 130885
3927 1380 173487
6854 5099 291121
4249 2900 510793
4424 9508 592982
4356 7125 1428589
9572 2587 610960
3332 5787 344024
2430 2302 1081108
5490 926 4708
907 8754 138472
7603 4051 300680
5211 9838 1113752
6068 7668 409912
3372 3989 939318
5936 4351 130797
5852 7537 242226
1816 7426 533400
3964 7961 401004
6294 5890 996809
3077 6663 603592
1598 7632 757659
5138 7138 444473
7651 7061 717900
5859 3699 1880994
8372 8007 102087
2074 9721 627799
2836 6123 707429
4803 1400 648102
6917 1728 364114
8948 3466 14887
1825 7334 514186
7588 3834 422397
6791 1235 1220243
2372 3160 646409
2815 2717 1327380
4217 1846 437394
5378 8903 64561
9422 4840 618694
4032 2141 207138
725 1657 996842
28 6962 249870
7207 5593 83792
5852 8974 1326938
9815 7710 707918
8500 4577 447337
3155 6610 4100528
