155
3741 2392 588740
1477 7500 285546
4188 5692 76862
7526 8885 631629
7649 2733 527967
972 756 359711
2775 1584 1292553
1788 3115 843985
8883 2230 1409240
7691 415 955737
9799 1636 417826
1317 3646 1428846
5894 1335 109810
5722 3795 189031
9704 3025 1109989
5155 6791 330888
3811 3557 749240
2570 5062 399450
2101 9909 518079
6716 3598 673523
513 8465 554889
8228 3657 130192
553 469 275963
4682 5004 854368
2728 2967 1570047
8729 9979 555099
2659 1185 497242
6882 3160 1659663
2491 4295 1675614
9008 9970 401914
5611 2042 62362
2336 944 583685
8579 9037 16177
1197 2670 94716
5320 3073 1518180
8826 9017 198836
4545 8935 380321
9241 1592 36491
7532 5719 741083
6202 3206 2658285
3915 4917 1110939
1956 2057 79969
3584 484 227777
7643 3979 1528970
735 4213 1179562
3343 3701 201021
6464 7224 737630
6305 2333 293990
8288 6794 286523
8934 7500 1911280
9450 1674 1506570
4904 8570 372322
8123 2587 174119
4664 2964 2763435
4606 4416 1488594
4381 4504 4317936
9006 6168 139916
5795 7294 1949627
1181 336 1073072
2507 2163 32310
5971 7656 598556
5820 2856 1061780
2348 5950 28399
1849 2559 201953
4200 1487 518357
6152 7450 884649
9292 2149 2147266
4182 8251 1123154
8575 6613 308342
8124 8295 735299
6377 6224 191440
5191 6764 659082
768 660 1099382
7693 3478 78011
412 7694 702539
4071 3375 628230
4187 6412 180169
3368 325 303208
5776 138 47124
3680 4110 696060
7253 1817 335966
7347 3855 868267
3589 1267 1038063
6202 827 387397
4843 481 257246
5910 6518 254205
5741 7585 104574
3866 7462 1600211
4479 3886 513000
7722 1786 434902
7606 9381 560131
6679 3679 503479
4032 1157 222892
1903 576 2669763
3610 1247 197992
9018 2070 838940
5629 8568 200020
9039 69 1354978
8091 8247 260457
3832 8863 61656
2144 7447 104863
8161 5260 464330
8208 2454 394576
84 6621 476060
9107 9385 764623
9017 8515 797884
327 9842 285152
2373 9528 214683
7918 2744 160116
3445 3501 350833
2430 2005 444783
4433 2204 152037
7875 7869 137374
3450 1647 1491145
8950 2796 146725
5797 839 129784
1257 140 786561
6352 4742 1312919
8795 6051 1009155
1593 6830 216359
4115 2625 24009
5477 1639 117529
3581 7523 584092
9229 9398 529039
1843 7580 20582
707 4956 10587
5541 2910 90760
5207 3571 85816
142 6269 604178
7846 3161 100628
7307 2136 23719
7802 2561 354176
367 7596 215224
1820 905 7114
2899 8851 375021
4116 878 39005
6621 4536 610330
284 3103 160140
4503 1233 152792
4067 9987 2845354
3659 9074 783212
8422 9052 7856
9332 7808 757394
4543 9377 1372553
2113 8067 58970
6117 3153 31494
2739 4080 549895
1970 2909 513091
8867 7343 855876
6549 1596 205021
9180 9063 3299047
1109 7832 691133
1202 9878 171867
4458 8700 230187
7107 3374 85867
