58
2861 977 1296410
5845 9293 1613939
9234 985 267900
8898 1464 658914
692 3615 735158
9210 4245 530654
3829 8648 1291728
8185 8375 865481
7538 1656 4181729
7658 5714 1059400
2356 5646 261131
2557 3751 737584
4202 6836 1802468
4874 6159 1302252
9023 9924 775570
4797 90 3442342
8706 7488 135310
1667 1019 567008
8767 931 2676027
9129 650 1128651
4077 5544 1245584
7303 4147 8190472
6423 7966 1307231
8629 5861 2493613
3521 5438 436984
6919 7788 1844784
1653 736 84722
2568 8227 2869599
4456 8960 3344934
9 3472 3084203
8768 4295 1014472
1450 8304 363225
3195 2664 1035585
4300 5955 2107166
2534 4795 1194408
6577 9328 984233
6721 3958 5312169
4771 4537 1008094
6115 3973 825857
1105 2453 2256899
8900 4780 274475
8816 3828 5196274
1684 4666 6237215
1620 3565 767255
7507 501 2516053
530 8996 857120
4193 8860 162544
9048 5671 118548
6141 7917 307357
6154 9125 2604073
1790 2738 2003979
4974 9176 2004201
4580 8371 1215204
6109 3552 3074512
2467 9026 1767533
4180 8638 66470
3123 7449 4160607
814 1027 332690
