119
3956 7191 159105
7520 1792 760491
2769 5604 1697306
9597 6269 572461
5263 3040 821687
6352 6961 204074
9123 2444 331814
963 1205 1786888
372 7392 2169405
3014 6042 297267
683 1771 438733
701 3266 736373
558 3129 1189992
1063 3764 571963
576 546 417208
8467 375 1120697
999 7692 168019
7422 7740 786847
7515 2931 481096
4848 8172 1252798
8959 2488 158237
6002 888 1734031
396 5160 1406618
6619 6910 633028
3859 1189 462484
5515 9163 1602790
3284 6621 990898
9863 6489 52574
2614 4371 1953075
6748 7367 735235
6688 2991 784062
3860 2112 1536070
7015 8609 101969
6110 7400 3798441
2881 3571 180420
9853 3224 1955603
3335 3791 1699373
6733 4006 36329
239 8812 226423
9330 6554 280573
5132 3301 536234
6750 7203 247012
1384 4773 530163
679 1499 296516
9732 5521 309857
2742 8046 318490
6600 2469 82911
6595 978 753575
2295 7638 695902
5107 8008 269537
5754 9970 1933109
1082 2336 2207197
978 334 352506
4789 9514 485612
6181 5883 551499
1944 6521 962600
4825 8868 143322
4846 9008 1886083
2191 1371 811157
1475 5477 902321
611 5208 683292
4695 5382 967711
525 5668 1567914
1884 7166 248066
4406 6266 2162161
4363 5752 2003670
6616 5334 1184191
5559 3353 1262199
3197 8436 863307
1874 9775 1999723
243 2407 1292523
4952 4481 1990017
7518 943 2563984
9916 6056 1335574
9564 1326 162071
5576 1532 4355610
2758 6949 606771
158 1651 1346229
8244 174 256959
5950 4831 169435
740 1429 1283407
2021 6702 180662
1946 97 642032
2700 2606 60090
1093 5553 176285
7849 6490 667015
8861 7902 337887
3447 8848 214225
2615 6072 215758
7909 585 107271
1331 6149 194064
0 1963 269566
4708 2778 697626
8254 5364 478219
5684 4067 420064
9744 7031 320533
4646 5248 1025360
1913 6277 675113
456 8671 1658761
7907 6766 878587
512 2863 562370
1349 3771 617376
5259 6534 1660146
3261 5364 1582799
8311 7164 1287005
6540 760 19703
8308 4199 44349
5457 1183 587176
7713 2035 97458
2620 9203 1125179
7815 7661 116662
4302 8612 207225
4219 8533 967555
7938 4926 43488
2889 3886 416901
7600 8367 553756
8873 5276 679043
9586 4675 1028565
5869 1290 311252
