82
982 8453 626723
625 5441 109564
3975 4645 931350
6725 7480 1299433
3955 4820 514279
6119 5927 992817
4076 1953 765924
1078 5123 139852
2280 7901 325108
9901 5773 1740
2869 850 1216286
7850 779 466468
6285 9517 80880
731 8711 876935
6733 9745 34664
2281 9231 2078626
6477 2630 1933848
7318 4373 6840123
4856 2549 945852
5151 9962 299082
569 7102 1562714
5185 437 572050
7267 5829 4550428
9592 6382 1709214
2763 1365 259129
5535 5639 954587
9329 7111 968529
5391 5561 1943522
6471 4070 2872316
2802 4215 163906
1794 5134 1491653
3306 7245 111157
2725 8202 1779114
7002 931 290532
9809 38 1328949
6470 6394 2293235
825 5436 1303229
9856 7242 185054
7682 6361 768523
134 7619 729502
3744 2159 554687
3198 7317 140376
5409 2155 3016028
2666 2943 3043467
7067 2555 1734706
3703 6730 538768
176 4207 137910
4854 754 2645233
6486 1853 1728522
5210 6692 2237153
3946 8011 346304
8221 3398 96365
9052 9396 542064
7438 2612 2884110
2893 8181 491117
8062 8800 2485677
6435 5569 727981
8158 1499 1854210
4359 1031 1908549
959 6078 1657287
3913 1123 34212
9517 7888 347052
3060 191 433164
4565 9005 497326
494 6178 606259
9821 841 281746
8955 7617 2000821
6640 7179 984519
3560 2035 27619
707 9872 1072070
9366 2048 929761
7268 5849 1237244
2542 2446 451883
4956 7412 1663428
7918 9882 2357757
6453 7627 405212
3396 3761 4810704
9121 8792 1148095
9054 5185 401745
5542 2580 2283995
3285 9709 1978523
7263 2893 959454
