94
5565 3778 2169070
5535 5753 317550
6315 1694 946278
6181 1595 1469846
5628 7863 1208135
9453 682 1237151
3479 3109 2849215
5824 6975 47224
326 8896 722019
6207 8378 2907514
2826 3540 1199343
9233 5173 84355
4251 8896 236007
6110 6149 767373
3191 7234 492384
6542 5020 1179529
5182 5584 1543599
7358 8286 934940
9037 1579 3178266
7973 6098 436575
7444 532 956569
1525 8251 113866
5315 7657 2797479
5397 8491 3893860
5946 9497 460598
5502 2278 319725
6162 7332 186628
2854 5917 2863384
8165 5421 1661085
8382 5614 793934
4471 8515 978221
4930 6438 398541
3594 7565 1080813
6354 3828 276000
9977 7442 233508
2161 9279 241533
8784 2893 1949648
3204 6765 234430
9285 3190 1508585
7170 9359 1480239
1364 5927 1377392
5137 1010 1526933
8410 15 279076
5187 9805 579068
3035 8264 444283
8822 1956 1142737
4704 1950 337608
8672 7662 596460
3097 329 4716475
2523 6970 2175215
9545 2871 2785169
1658 8191 107346
2306 2102 1511157
9239 7518 54121
8716 6827 573643
7880 951 929363
1827 6528 425266
6103 8247 1291168
2185 4140 118926
6321 7866 8007
4004 975 326371
6401 5827 284810
7672 992 468247
1741 6149 118742
993 8805 407311
5790 7280 2364822
1485 962 215632
2189 2835 595713
4807 2307 394361
3444 4969 62423
1701 5581 268340
3561 4412 119683
5664 8164 750611
4522 1983 2651388
2210 56 68323
7128 8378 1058816
5345 6161 650096
6474 5235 37759
722 1357 657110
8997 8243 669753
5593 9262 2263007
1639 4254 2176782
6966 972 4290135
4275 3765 133082
4467 6674 560176
9492 3743 1023716
4575 4876 1304075
763 8227 1275864
8082 1280 2425844
4017 4322 638337
6855 3974 2837828
9017 746 60478
1952 3899 190089
1890 3872 1315844
