140
7920 9612 325234
629 7972 1268784
3377 4302 1342065
2915 2687 358411
6302 4278 1584705
576 6596 240279
2644 9977 141291
7676 5188 266803
3884 9500 1493657
1260 1431 280979
2035 7242 495413
4989 3819 1054203
2666 6375 1015592
7425 9709 298494
6690 6972 1790383
5343 9944 1192988
7138 8455 361724
7506 4385 659374
5922 7577 472418
6218 2167 1851229
0 9063 615720
3993 9397 469549
6727 5168 2443973
8692 8123 1066297
4498 7132 300421
5341 2616 2125
5066 7582 234856
6309 5620 2124359
4465 3659 707545
3439 2662 395718
6395 4288 252331
1263 9253 247603
9153 2339 870798
5018 4738 1613146
7130 9462 38436
4541 5870 207187
5758 7748 875174
3251 5086 1561819
1576 2855 1705087
8622 8603 817219
4098 2447 46981
4918 8340 197899
6819 7312 1507363
8692 5308 1043348
2884 4045 109493
3196 8739 693259
1887 873 1052695
4605 1676 781904
9754 8752 81389
1898 7329 364017
6043 8531 1424851
5257 3657 28014
2282 3816 143553
998 2439 971046
2312 4924 955863
7880 5438 16408
1597 103 167265
5621 3292 2369874
8461 147 490932
6709 9701 158298
9209 7594 94241
4027 4068 77206
9706 3990 1222000
2058 4465 1891259
314 55 425035
3881 3377 1149203
5994 8228 1571686
3483 164 1046098
1107 3422 1509404
9026 1608 201086
4065 5014 178605
468 9087 598985
4351 4401 591759
9395 4896 168336
7395 5853 148501
8997 5142 396680
2741 3392 88911
1406 2199 984546
2730 5616 546711
2561 6545 96377
5887 9637 290392
8960 9542 429190
8265 4746 217626
8959 8872 1517723
1355 4257 21577
3886 5445 2104873
4130 4890 935855
5777 3433 1181856
2395 5638 1378418
7763 7746 316968
3036 6575 729845
13 3342 368121
6525 7509 295127
1139 5617 100058
9407 6421 653261
431 2858 13513
3351 8461 1226153
3437 5713 2083314
3061 6283 339191
1645 807 296236
7998 3086 369795
977 22 68223
9991 3924 9327
8658 5423 10090
4117 2671 144236
6079 3839 1189173
4866 3566 710428
2737 1170 2404337
2417 8551 46037
1282 514 241560
7152 2027 1272989
135 2779 104786
8719 2683 993770
7151 560 492801
1684 8317 470591
126 3577 78628
5642 1563 1343527
447 8371 1625797
4594 9371 717995
9019 2392 81645
3274 6985 575771
2495 6184 503969
6407 9506 61647
6771 6710 1418896
3264 9711 35840
2697 3246 420654
7961 1285 22080
5354 6795 115953
5874 1482 1475601
5347 2243 767589
7590 6276 547094
2519 3183 329535
882 4054 633217
9843 5365 3573693
4386 2089 995726
337 1850 1077349
4379 6637 65026
1976 6901 257496
740 9681 178580
8851 8671 1434782
