181
1169 6740 60336
1186 1134 372453
8135 5957 182772
8776 9404 487495
6256 2983 474577
4699 718 727938
2077 4181 940226
4313 1984 477799
9123 7507 186915
192 3411 14992
8857 154 1634437
4148 4758 1323681
4689 9053 1485263
8880 1632 125162
3634 747 171166
2625 8576 173293
2957 8134 373250
152 8262 1521454
4763 2614 606327
3733 4207 126528
6702 1532 50114
1726 9647 965692
3500 4937 9611
5204 287 771324
9309 5019 699992
699 2727 1073896
4322 9845 162918
8433 461 868089
1160 3516 400220
8122 6874 1139995
5745 3289 1127115
1535 2589 383189
9713 525 42094
3986 3526 1343923
9089 3648 548735
6454 3244 337036
7899 1279 1180946
6643 5882 371878
9269 2910 850576
4341 5730 235475
3500 734 1046530
4499 6517 632792
4216 9989 1216750
8004 954 160631
6981 1757 149826
3660 2202 834537
7492 8027 479231
9795 9559 70305
5402 8466 23217
9290 2799 642783
2637 9443 320650
788 6110 853853
3223 7930 694140
4255 5279 310390
8540 8655 81042
1635 176 359117
9949 3565 286871
1750 4649 1813056
2371 194 805394
3929 3559 1054288
5280 7206 1627528
8202 8785 570683
1874 6315 1682743
646 5153 1274135
2882 457 229530
6159 4625 71937
9757 2272 304137
2504 9371 411148
460 6766 96655
1126 3465 235574
1912 661 172940
8191 6759 153404
7185 7750 352896
2620 9187 462549
8311 6032 680475
5718 579 833274
2847 5711 1404205
1515 5816 283798
3812 8712 31729
8756 1238 479
5278 7788 186659
3106 9412 182203
6890 5522 220424
7518 5499 234242
3966 2468 25412
7976 3162 175379
1395 5859 37115
6419 5283 1757867
7257 7348 272497
234 9444 48533
2653 1289 679200
9555 4733 9546
9150 8969 130106
7452 4251 153002
4346 2031 818396
2874 9815 84112
9245 2971 1357283
655 1198 750953
1299 1924 330620
9578 6192 1496667
7649 677 553030
5856 3663 235661
7710 1286 328006
9327 5148 456340
802 8649 142689
4290 688 382031
6055 8169 323354
8720 4239 484443
1576 2206 6884
6191 8422 2203001
1339 2182 879389
732 983 220469
6375 3999 680794
223 1098 188861
877 3730 17625
1465 6875 12675
4579 9431 41915
3145 9556 737100
7235 6251 148887
6888 7028 1496691
3570 727 2007560
5287 229 312659
2184 3569 1604599
6207 6411 147283
8901 4671 295904
4685 8044 302872
6930 6137 286599
1710 9917 1369281
625 1310 44173
889 2946 1245137
6068 71 284436
8669 1802 881152
1682 1489 676573
2445 2155 447940
426 5536 1169397
8242 594 192499
1609 5416 1625715
5922 7788 128396
7056 1691 85546
5789 6597 353061
437 9705 1036412
3648 8273 804213
3856 9130 40715
7620 644 735021
5463 9988 54938
1536 9430 277931
6369 1087 846106
2120 3926 1202918
6103 4221 61121
2419 4229 96266
7547 7763 1145339
1433 6864 959466
7905 89 44897
5470 2101 332912
9666 8856 503707
6779 6319 5442
8034 5773 406387
5525 7412 477283
9441 6255 309045
8109 5034 396606
918 8243 268765
6303 654 1582382
3359 7573 91656
7860 2231 248626
5940 7360 1359473
2104 3432 93774
8678 9469 175644
7979 2213 121513
2670 384 135860
2411 2383 454923
1402 4235 1208262
8126 5827 372457
7692 7238 8900
5201 6998 1450140
4345 6202 80077
7517 1614 324656
6445 3988 13293
7912 1951 169007
7907 5912 1948775
8720 7499 437484
8978 2024 1022661
