74
3791 4221 1959371
3550 6757 879169
3587 4069 1434614
7098 1938 43395
6239 1148 2469197
5576 9117 1266720
2533 8109 724533
3285 4458 217722
8384 4228 1542576
7746 7092 1079455
6213 6889 751601
5513 7009 1040050
2467 3786 1254197
8111 5987 2613901
1047 2280 816718
2282 6232 2655353
1880 5859 5293027
3541 1296 1281788
6346 4843 3297192
9264 3904 3382117
1492 7757 319413
6815 6242 1986042
4996 1208 269398
4204 9704 900883
2030 617 1085604
6433 8031 4661068
4587 3318 512056
9589 1798 262542
2836 5607 359131
3307 8139 1440545
92 6748 1550978
1599 9699 961824
3274 1932 475359
8154 2163 285274
8327 5863 1032160
9766 1634 865485
7721 9492 1236524
7438 3587 885691
4617 7431 948798
1369 9580 571148
7387 1597 649087
8577 9640 1747955
8334 2857 4995342
4530 1219 511957
4295 3259 913972
6 3578 717991
9537 4645 117329
2390 948 1335385
5883 8324 1416129
676 2012 94312
4735 7862 821893
5167 2026 259658
7205 1536 2304896
1702 8417 386926
5361 6203 1830486
1619 9488 411409
9897 2313 2429393
7340 2297 1804420
2867 2390 52935
1438 7119 2437455
4092 900 1183165
1530 8488 597007
489 8248 1151439
9926 7464 1167677
6646 5766 59768
605 1339 386575
663 4732 2263841
240 6430 2204106
4354 7030 1480363
1798 8681 1435114
8105 4049 725152
2813 6399 2115182
9557 9229 3206127
6101 6804 2172935
