111
3410 2423 1524677
3705 4161 551050
5191 6012 244971
9350 5478 1313994
556 6053 1677180
7490 1709 1072568
1777 4061 287536
3232 8638 368835
4527 1569 2565870
8400 1534 3031264
4290 1477 533749
9371 1383 2096328
2757 8389 1698507
146 7265 223961
3037 374 1971994
7063 4601 1496431
6029 2279 1277810
9612 9504 306514
5113 568 297893
3128 5327 74129
7878 2844 714319
6692 2136 2655080
9668 5618 215683
9136 8413 497143
4901 9499 106232
3569 3937 2565309
6917 598 856042
1969 8331 2494262
7456 2342 339415
1711 9317 418646
5153 5646 133565
3855 1411 1094639
7509 1769 758940
2924 8504 6286292
7509 5068 464998
2529 2963 625656
8524 4299 151098
4718 5045 1869420
3495 4365 438858
2981 351 28495
8743 2241 95628
9178 9581 704430
5130 1619 341039
8349 3912 31657
9834 3988 452748
35 5168 936689
5140 5229 1141923
7077 7564 2019697
4354 7339 1850150
7288 7957 85027
7826 3009 962071
6450 8849 288424
5163 2798 378914
77 4401 1531496
3831 6781 623411
9942 9169 1273831
9880 6670 287663
7142 6299 270654
3662 5539 675083
4779 9332 1018340
1095 5877 644719
9867 5084 1147231
42 4727 969057
6999 6298 1201389
330 4705 1211865
9451 386 792864
9680 3106 637663
8179 2036 2964131
2558 9664 837149
2372 1669 428644
3730 1910 964228
9989 6966 789502
8727 5795 367976
1038 9369 490089
1537 5266 33282
1852 3925 230612
2300 5144 1652782
8845 7568 246119
8003 4417 148156
6451 1434 72815
1493 6637 1121481
3568 9250 234096
6131 8987 347873
2368 2469 381816
2405 8383 74433
9648 5085 194977
6910 8635 1576011
6824 5175 564575
1568 4309 141290
9526 5622 1761702
1170 9809 679746
1629 7316 196148
900 6410 3587383
3717 488 740697
5302 8916 1214981
4821 5672 511840
6868 622 948861
5460 492 153111
2013 5944 721775
3007 2021 618058
1141 4938 1378993
504 766 274940
7777 9662 155173
5428 592 218587
7181 2366 2054622
5435 1539 193054
4097 5622 1249455
1886 566 490506
9278 137 377782
8733 9055 619114
3028 6756 1088419
