54
3371 9698 1480519
4134 2534 479075
3883 7249 2948664
3824 4811 2756672
9897 6236 624256
7562 1325 348061
7093 7250 1422024
327 6204 1966358
464 7638 995680
7384 7371 1711344
4648 4561 788651
3665 4193 1976843
6325 5308 4035868
7697 1778 1589223
5857 7111 7220
7399 2619 286347
4557 4152 1861193
3562 4110 650973
6085 8871 373963
4113 2949 2254264
8014 2752 692343
5828 9364 3076875
3522 5466 3576138
6750 2788 7223701
6330 6033 2301391
7673 6170 1624523
5525 7131 5390642
8459 265 2913747
3542 7461 4794487
6128 881 2265148
1886 7479 552660
5393 2403 1343451
9035 6266 2263078
4058 4217 1267432
2758 1023 377437
2295 8987 640767
1169 2385 4349234
587 3128 4118982
5506 284 2552673
3282 2148 1240531
4646 9320 2138831
6777 1612 265788
2809 4746 1029314
1316 1640 123183
2349 6690 557346
5040 3164 1659620
1334 6594 1503422
9931 4638 348288
9055 1404 4773141
5851 5677 1734427
612 5155 1656800
6421 340 2022309
5938 3793 867474
8208 9563 197619
