97
9280 9584 248190
4594 7236 195078
509 4352 513278
6304 8412 2612352
9912 5008 540292
8509 7529 701722
7344 7117 150707
8851 13 410312
5803 6429 350085
7532 4663 3114671
534 3423 512894
1144 1092 7976
2572 2187 321196
2573 5324 2360264
1709 7721 976783
7221 3098 4568765
9362 5383 414018
6991 4045 760119
9192 8573 4584155
8115 7369 123404
8754 2263 561102
9927 1209 1093277
8380 2221 214777
7660 3720 1466205
3218 2504 1091058
5362 1391 2962196
8289 1061 2729043
4569 963 2417207
5592 7748 419239
3510 3798 46620
8620 5713 1077687
5587 5706 774472
5019 8321 304966
7973 7965 920746
6074 2279 637269
4602 192 496992
6535 6992 1939582
7902 8948 188444
4856 9369 118420
5156 9850 658344
7508 1451 1036367
4046 1662 420646
8844 391 1299422
929 4456 947307
1272 3075 115906
5943 4163 340263
9202 1675 2021209
7392 3397 948878
9921 5876 539398
8444 4201 1564188
6771 6247 313490
7008 1774 1699773
7453 2921 175048
1208 4655 823364
4022 81 192878
2492 7371 1450749
5343 530 399247
6404 8830 409430
4016 4070 554786
8838 5363 199241
9448 5272 359973
3446 8864 925977
4464 9203 1914827
4351 3475 3660394
9505 7483 864955
2259 3169 105741
8244 2619 344531
232 5361 406733
9021 4450 3117051
502 4134 1268237
7135 1889 1841965
2117 1017 889489
5184 2569 1614
522 713 608589
546 472 159165
2337 9512 916275
5336 2442 3899654
8255 3195 523027
8235 5446 144920
9474 41 232589
5570 8404 1860899
4111 4125 416800
4048 6623 1143518
7445 60 64841
3616 678 147521
7505 7217 356646
5732 5439 1017246
6105 7860 770243
7050 7460 2039287
6246 4843 1847822
126 2279 4056811
2984 9621 2000469
1570 9046 279552
5865 0 121855
6102 202 1417738
8891 2282 146125
5180 7272 1091424
