107
2103 6213 50470
3021 3074 67006
2491 8338 175117
2112 3982 117312
1745 2414 1238982
9933 1334 45460
2807 7786 826152
3377 7176 263552
1624 9 305033
4396 4125 675208
6215 3365 3377324
853 6290 1295527
6950 6021 595397
7654 8695 2198048
4828 2198 170187
7951 1976 768307
4772 3461 1316321
3946 6461 2031115
2084 9019 1047669
6607 7924 2267770
4472 6524 240087
9536 7022 130059
2008 7821 1027510
6361 2951 2346900
4396 7784 863859
2811 6248 1928034
3627 4355 1353410
2034 7331 869208
4990 327 778274
2023 5664 823176
3893 9663 1249977
6653 2899 336610
4694 3331 606601
1306 7144 165372
5431 2078 1212340
5481 1229 1698791
9234 9069 612402
9083 6183 502718
5172 1988 447029
8355 1238 1044712
5819 8466 581046
1125 5927 22939
3238 9903 1147360
6735 8787 853975
4503 2938 1214800
3628 9258 1298950
3828 7080 1069554
580 2102 579152
4805 7167 1196698
4219 579 1152857
6699 7544 446886
2098 906 450791
333 6842 64818
1477 1274 1090751
9750 3442 1527052
7883 8517 524553
6098 5776 1050951
3486 5865 818696
2576 5810 1589010
4051 1719 1160645
6421 1617 224665
7855 4873 408296
4826 2192 7172
5568 3285 2465196
2902 1065 1640822
9654 1331 828199
6327 8543 2120192
9425 9949 309353
5120 5429 2015997
4184 8402 571535
9278 5187 3177328
4535 1570 978955
2808 3142 39141
2123 3430 523440
728 9484 2348698
2810 7061 1223070
9052 5991 811349
3575 5332 1954993
5919 6715 1395037
9721 2025 1863653
8351 7124 2597318
8899 3388 644285
4214 5262 1173568
6427 5648 369046
9102 57 283600
6148 3076 1542
9037 1875 176023
6904 4673 1332720
8036 2849 844869
2004 8808 52867
1054 1627 34774
7689 1752 270108
2262 3388 537590
5495 3997 469210
8218 4333 983333
7066 4922 2043639
6160 156 932591
2596 6025 624578
3625 8716 22841
9673 1726 2046004
8299 963 401617
5605 3999 114345
4109 9766 1924981
8229 2987 800958
4879 1217 185016
2553 6922 183590
4270 619 1131386
