87
7714 3576 200170
4245 6614 20980
1107 3576 2272954
4964 5210 269124
5275 311 346876
4730 1509 587735
6116 956 1070310
643 6975 357153
2752 8963 1961005
2743 5044 456494
2115 1778 351917
2637 8027 1872227
9809 7737 116294
4424 910 351699
7532 7595 422235
2637 785 685864
6788 2582 2871215
8216 9421 1581453
7407 3664 4565217
7690 363 425772
2816 5879 1177107
1657 6371 3104116
9027 2114 604244
4462 5576 1976412
8485 1899 2789032
1318 1497 1016419
7087 377 440775
8239 8789 1208331
7074 1908 931394
4081 1189 2359661
6914 6043 16843
6659 7378 509403
7014 9067 231333
176 2347 2139670
4533 5650 663577
3913 2427 1356656
2635 4206 45602
7941 635 2411051
1450 7045 283654
4406 2604 239421
7243 1861 1660475
120 3099 2030
9493 5230 536631
2098 1695 688393
9699 390 2495050
6015 6275 420618
8743 2796 167007
99 4285 523503
2493 1171 2858459
3134 9196 553732
9846 6156 1668593
1145 5831 1345574
9254 1878 117002
5432 5336 4532052
9991 4609 4007166
1207 7405 113099
5509 563 339543
5668 6274 894994
2384 5449 1784840
2327 3515 236893
5294 8181 550914
5202 7471 729351
494 7039 257106
8298 2208 3276839
897 2591 470838
5454 9102 763678
4684 8237 795864
589 8919 699121
3257 868 322152
9182 9153 2262595
2858 3484 2072686
2673 3900 2018270
1112 9715 604083
428 4090 411848
5639 3688 817916
7517 8368 39535
9835 7250 1907089
6832 1364 2053012
4948 2889 353471
3796 3759 2451498
3365 6570 801854
319 2384 598232
7725 8761 2709644
9445 1199 866771
6200 5331 1437881
3645 3170 509866
4407 8079 980837
