79
9482 9274 343489
8863 4789 776336
3993 3862 103871
7975 4061 203941
6971 5189 860655
4618 7560 1037672
4365 5691 3054253
4508 6088 193779
4399 1885 568602
338 712 3665163
7166 8749 110463
1698 8366 650199
5467 3329 1697549
920 2383 1830710
4209 7417 415899
579 1485 639426
8328 2828 1233592
8778 9118 1127743
5720 3510 844584
7036 8409 1043861
7704 9447 3341856
2616 5034 144559
2452 9485 1949567
2198 8159 424577
1042 554 9403
6747 9766 3434085
760 1792 527315
6331 4388 1184762
3460 7549 194198
8407 3250 1694206
6845 3687 217500
1734 593 342959
4218 1670 3015154
6323 4763 1910424
3857 7470 315547
1771 729 112140
3882 141 500398
4358 1614 735979
59 485 4072101
5087 4731 543774
215 4174 1542272
2709 3799 487543
2154 9954 321981
2462 8482 1753611
1640 4021 683452
8860 1680 78544
8704 675 1503216
8901 3500 476317
6881 6507 571494
4396 281 786190
9359 9947 799436
4214 4277 273285
7930 9027 1297899
1244 9086 5878
9502 9677 3337512
2588 9913 990691
2261 8143 974529
8748 7452 370152
8441 5021 158996
6441 8923 3338823
2934 1888 1177478
4123 4209 3463908
4971 8547 1635794
9343 2752 885142
5440 2460 2840621
7018 1789 1746583
1215 2555 4701233
6010 5998 4445397
8391 22 457897
5643 8958 319438
2281 2972 1360799
7092 3148 2454919
300 4314 1082373
7600 5761 1613264
1058 3241 924571
9954 6022 1990977
1108 5444 2208848
9822 3130 1355264
108 1209 511382
