143
7620 5286 1859515
2356 5046 34413
4865 8346 2919158
5126 9334 217118
7662 8229 521176
8854 9321 1549580
4715 4148 243114
9774 8433 14897
7677 2162 572625
8756 3563 2026224
45 3638 1729241
1768 7603 1353881
2664 9066 1911152
1145 3835 1066776
5371 3106 425106
715 8101 297219
9163 4426 24405
1190 5156 1622862
3640 5248 21246
5010 8634 58868
3051 9534 1460534
8665 1537 1153491
4468 121 54085
2705 944 562314
8129 2863 658774
9911 2977 31379
1744 7649 866455
9875 7999 231933
8582 6112 10905
8523 7605 1128958
5091 1336 1186074
1670 3217 1209557
9165 3201 233568
4713 429 85999
526 8454 882657
4496 3365 1945349
6955 9650 873805
5371 2826 2454781
7403 7392 240576
9224 6146 670920
8533 2534 427214
3831 6643 297742
7970 2840 69966
759 4205 2461493
5901 7390 44478
9203 3974 3191237
1864 1079 2304340
9646 8953 292684
7707 49 870244
3825 850 198700
365 2953 2655628
7296 7367 882120
6127 7134 573157
1646 3365 206303
3447 2919 373087
1832 1163 114611
8731 747 581115
7448 4756 999839
4854 566 725905
9930 6011 724179
517 7756 743574
1345 7055 1278576
3184 475 522857
9318 2678 483025
2645 2931 601980
140 1470 1448048
4209 3510 1217837
8564 3031 849789
4381 6548 675643
4684 7690 838826
7927 6219 494291
1918 2962 722831
7748 3990 49946
8671 6785 32727
8271 8715 1822605
2367 8997 226483
8411 746 194175
618 2193 262809
6323 2317 388813
5196 177 642659
2521 4349 490732
3918 929 962695
134 1709 383138
3022 5209 54963
3871 1900 1056495
6154 7927 718417
9581 9761 914809
8673 8170 2462829
7559 3058 66475
1616 9836 629556
809 579 594481
5086 4534 57255
268 4968 682425
8423 2705 911069
180 6939 82724
1566 2274 467919
5712 5738 202654
9332 1781 143219
138 819 76299
9155 2960 1062374
168 7580 146598
5283 8699 772597
8630 2597 424444
4087 1843 585356
4836 342 49513
3639 7340 29124
7188 995 732348
6532 1425 467581
4368 8889 228016
169 7438 692032
2263 8018 201910
8645 5462 273847
5555 2995 675898
9734 6391 34037
8158 5553 2022627
9979 3128 42327
7749 661 1065145
3155 6712 150655
5535 7194 1168268
6225 6965 176469
9377 4972 19008
5906 4809 29804
8711 4541 1539735
3061 9431 39971
5275 9818 1144486
7162 8234 105182
8378 3165 2186941
1575 9469 4532
3313 5937 1586707
959 2359 232857
7044 4627 1420459
1420 957 6431
4083 7738 203754
5477 149 1188693
1226 6315 203490
5403 2020 232231
1632 8321 100557
5571 7892 245896
9638 3906 36473
6177 1486 228462
3961 5744 214618
4838 5366 371313
4148 470 796854
