94
2910 6849 3462353
2607 7949 545649
5286 4681 161808
3699 2781 690167
2736 5034 1851152
1509 5364 63507
686 2300 1985627
3678 734 2911220
8802 5753 832820
5497 82 500673
9933 5179 1520172
8892 1413 903069
2736 5258 819262
8094 9762 153776
8655 6939 629007
2715 2996 608144
3722 5610 1026410
4847 7315 295496
7692 4428 312817
2782 6197 547915
2554 7005 1423325
8408 2252 1132917
3881 4663 287731
627 5084 29486
3437 7716 776480
5213 9950 860084
4609 3289 247541
4661 9992 551756
4020 6476 1651028
5953 3582 40040
5626 1766 629568
4623 660 35482
7628 4050 406927
1193 8050 2113290
241 5173 1140094
7188 5068 3975171
8286 3884 233345
962 6537 388429
3326 2636 496226
37 4452 120483
2582 1680 1609174
5399 5039 726039
7342 2812 965603
7739 2549 1412765
107 3454 143790
1344 8840 710090
1801 8960 118294
3452 8681 1773153
4055 6144 650397
7901 3142 2163879
1310 9679 1215521
9498 1951 524155
716 6815 665517
5139 2458 999025
8718 6735 2818709
6814 264 915964
1362 8591 1664597
6078 7920 1980045
9806 7845 541086
5228 2764 869699
5531 6189 88273
2792 6373 820242
1020 1068 3061930
1242 3415 87593
8617 5146 1828801
6302 1944 1363369
9845 2696 247594
1141 2759 277899
6059 3992 1024327
3651 4258 1048356
4806 9340 1819133
6371 312 126662
3986 4739 4008976
7346 394 2426014
1397 6462 619006
7863 1420 136670
425 9486 1543878
2982 5463 3762114
3257 1604 1157086
2210 3036 1576189
5535 6845 507785
4031 9128 1299726
6826 8871 261980
5852 4936 4894775
5623 8487 240018
5473 887 1425531
9582 6843 1772397
5522 3838 1029571
1993 9078 565004
2395 437 752056
2205 4000 199208
2538 6126 245276
892 1365 475767
3061 8778 478845
