116
6851 2900 147004
1299 1138 102231
633 6154 1069909
4706 474 1773605
2589 4355 70281
1059 4821 393099
3000 4520 916248
6476 4905 891829
828 9269 300373
1211 4687 234943
7153 7575 973430
5879 4408 2825315
2316 6402 428266
6532 6325 1410185
4549 4594 558974
585 8722 63096
4333 2375 30896
3540 1099 389160
5028 6826 1422462
4212 6319 241501
7169 9974 719163
3764 4517 498071
2291 2986 6993
4045 3167 158592
5715 9153 466777
7675 5068 2273487
8841 8816 626511
9321 8684 465054
3656 2322 215700
9600 9330 852532
8331 1029 467214
5006 7028 1433057
5394 5765 1286774
6829 3249 406097
5067 4224 578696
3745 3894 359203
6273 9260 977928
4288 3186 267836
2964 5602 706815
8788 1260 884748
3498 4245 406167
5944 2540 1677124
6420 2793 1061101
1102 6316 301124
5617 4798 148976
4850 8191 319777
3906 4744 282836
9444 5038 391899
8344 1877 117290
9670 5889 646853
3531 4718 475988
9557 4248 61495
2569 2352 530204
8330 2415 326621
4718 3486 229804
995 282 58573
1915 1122 806150
5942 9110 591037
3195 1831 731268
1706 1608 506472
4024 9074 1273574
739 1878 1597351
9513 2813 1684489
2688 64 1769227
3659 1486 648623
5168 584 2213994
2621 3030 90581
6097 3764 178974
7829 619 151740
5634 2967 71904
6181 7550 437348
3122 8376 3006686
7481 244 922726
3393 5648 67104
9871 1968 1426001
8508 1645 53877
5580 4259 501833
1168 387 54766
780 451 537865
7553 1645 2824517
4157 201 648559
3024 3416 3746009
3489 1032 379810
1747 6451 60298
8744 4248 391585
4739 571 1877105
3210 7219 2207741
9785 4301 1852272
9115 6777 2386076
1643 8022 1036290
8088 9449 874770
33 8394 341458
4908 4254 1526554
2123 379 675031
3368 7965 1106918
658 979 1576098
8090 446 474450
1099 2056 65665
8883 1700 462627
4728 7921 366155
4606 2599 2295331
211 537 981623
6737 7723 481172
3235 2576 151995
3805 987 765103
3851 8101 580580
9821 5769 323915
8135 2073 2979251
2943 8712 1628928
2316 9686 2849129
5191 5891 205971
2768 7138 5348163
7980 3176 941926
1304 9334 739031
1126 8085 205518
285 5022 388899
