188
7351 5921 6525
9778 5100 342346
5176 8456 557044
1088 5547 148500
7297 16 460466
8205 5874 196624
620 4031 160601
6894 9111 2073636
6748 891 2005800
3251 1181 347156
2777 1285 69328
7609 5486 50907
8197 3271 618723
1958 3210 1047748
4007 7009 371440
9325 109 868672
6288 7914 101625
6952 5601 49809
6197 1890 577791
8104 8335 163524
3824 8624 1669151
134 928 295466
4805 4095 741678
8426 4914 2123821
7578 4561 362463
191 165 194256
257 1819 387380
6281 513 25770
1615 7444 134152
4759 3924 281771
2410 2241 907363
8793 5520 15050
9485 7003 632476
5441 287 672559
6908 6317 22199
2832 296 45377
358 379 227857
5412 1515 146175
1501 9609 654516
3421 1545 863031
2397 2561 232659
634 3810 220850
1932 4202 397481
9431 8347 370897
6853 2910 279795
8594 2223 398249
7320 3003 208991
7304 6543 318584
168 2169 426476
4475 7791 2193048
4263 8805 563830
5800 7603 1312469
7893 6794 155656
7688 8754 203298
2307 6550 484393
700 7054 170103
670 6142 192066
7246 5268 504263
8352 6950 244959
6530 7774 669725
8163 5463 660792
9573 3526 17426
979 4775 154990
2468 1550 722184
6603 7690 119919
9333 8612 243078
2653 9085 1055310
8873 6653 46951
4724 2751 123352
4156 5084 1092754
7663 7546 353996
2425 3552 94067
5280 8786 212124
7649 3793 56973
605 6236 87276
6950 778 712455
4910 2193 47671
2145 6720 737271
6001 7993 259741
9362 8676 451599
3351 5607 1439578
6053 4354 287007
3717 4467 273336
3030 1997 3978
668 884 954115
6098 7510 968580
1727 4524 595106
5805 9594 45012
669 3536 594801
6690 3620 1459473
5777 8472 119458
8064 781 570365
2747 6583 7609
4938 3443 355424
8760 2928 150116
5945 549 473438
5748 2264 1027306
6887 5341 11587
2810 6750 377926
8694 5135 488881
7897 5358 336363
750 5380 602323
9442 8958 2361874
9291 5045 594275
8591 1269 663625
4836 7709 987236
9325 7211 1503100
9261 8500 378304
8383 8813 89314
1175 6590 862905
9925 4166 1399546
2831 5587 732919
1350 563 473116
3097 3463 1244105
61 2684 338743
803 8692 496923
3262 6447 654699
3405 4096 457616
5280 6489 756068
7580 3048 86283
5374 662 12272
9980 517 841363
7090 3600 23392
4237 3136 507206
2180 3190 419401
1581 4554 188824
8733 7119 171752
8426 5426 2428423
2070 4471 693766
9942 3666 363989
4318 6142 1047339
4082 5643 941080
5872 2822 202676
4010 8767 345680
7959 318 1324701
9886 6488 237503
5686 4529 764133
764 2144 347795
4284 2738 1281087
7816 5109 2070345
3354 1482 218106
1036 2995 425676
6470 3298 575801
1824 1630 1043174
2573 2729 981
7205 5220 614363
565 2098 17004
4250 1560 1512530
1592 783 10296
3619 8233 179834
8160 5582 776720
8998 1355 275081
6201 2784 1358047
6500 7811 110344
192 1306 162362
1689 6168 498676
9326 2515 307466
1053 9857 393698
3187 8985 27839
3461 1980 373320
7126 3676 250081
3844 536 152045
4824 3167 223203
7191 8269 312419
5261 5978 283261
7212 5382 634810
1026 7802 1211166
8434 5760 231173
6890 6022 489704
6090 9741 665259
2445 2209 515894
9692 8536 1089327
7767 4347 371717
8473 1839 1299020
7906 8790 934269
6603 1479 570598
5255 9551 448644
2115 8554 25199
7045 2990 275452
3981 655 1069971
1601 6092 308087
9388 8763 439387
8581 8462 180668
4963 345 750292
5053 1431 973549
8895 8744 137212
9101 442 64651
8059 3226 357967
