190
6823 4730 244149
5986 8793 2377928
288 417 120704
6452 5097 300172
4876 4942 116777
9245 5274 905523
9849 5800 33717
2361 473 2069984
5136 5411 914987
8909 1113 704560
582 7083 558250
5437 6148 51411
3879 4970 767077
5731 9928 180278
3278 6899 319123
5668 2785 1311822
339 9830 1048307
162 9543 10399
4977 4429 274175
546 8838 711284
9457 7252 868753
9703 9155 426898
4510 4731 353344
2285 179 242019
1343 4826 17573
6140 6862 598958
8313 2192 357331
3348 8742 75336
2013 1593 48354
8901 8093 246913
5874 4793 374211
4331 8811 239622
8841 9930 2172103
3667 5192 194662
2770 2459 382683
1865 5573 647045
1361 9873 26432
1247 4660 679693
2082 2020 1040758
4018 6595 54532
9087 1191 63753
7767 4870 1430855
5565 8666 120691
4819 2536 1332010
8548 9038 160745
7519 8659 1214076
3568 1020 167582
1330 4423 1083438
3490 4720 1275172
2740 4495 767336
846 6122 419615
2391 1194 1650440
1510 4769 511864
2077 7907 591448
8494 9888 575891
7308 5626 406097
1202 7678 70877
5013 882 8699
85 5115 977587
4920 8213 942741
2306 7202 90208
2011 2206 340109
172 7255 1047659
5621 284 9544
140 2274 1892757
6640 3395 309138
2266 480 23776
9403 9495 535414
3426 9140 188910
7278 4478 338432
7865 1598 324086
6751 896 11964
3592 2815 1004893
1412 804 789519
3509 9903 68784
2013 1178 614956
5781 8846 292855
1146 7042 304183
4397 2618 121060
9415 6659 429476
5043 1634 2353748
9908 5922 923529
8705 3723 44881
6858 2158 329498
1380 3197 747477
1670 4173 225821
3962 86 505162
2444 6668 34215
3704 8050 135769
4610 7778 449227
115 8926 106149
8185 3609 459113
7999 1537 165628
1407 5238 466077
8525 8853 86568
5587 8547 572456
8205 9085 145490
8488 4869 449668
6116 6237 475490
6659 2976 491363
8093 8985 1028785
738 898 902593
7842 8662 68768
1102 4842 1718300
4218 5220 79369
8125 2968 1249883
3748 2970 734483
7082 2846 644415
7584 3252 859618
204 7 300859
442 9235 40717
2814 3133 328971
9170 98 76941
4603 5628 378027
6061 7670 20633
730 6164 1179603
9214 442 234547
5079 3776 133977
9090 6569 295864
1409 6687 435870
3185 565 1542726
1770 8856 623693
5365 8487 542031
8996 3677 84458
4786 409 867059
2431 4906 165541
4339 1280 298554
2831 6260 753253
4294 7663 251570
9231 1771 631546
7737 7903 750897
4526 3234 1089034
4275 9956 386618
6308 2212 480907
5594 9168 1150
4113 5726 475498
3426 9912 885898
9046 360 52156
2626 3285 953684
252 3463 38539
4006 3703 647025
5746 6866 30860
1346 8977 228738
4535 5549 755736
5878 1996 244091
3207 2568 515392
3623 5810 1570897
5946 4316 472411
2538 4738 236035
20 3883 82092
6515 221 773887
4648 2004 1758644
8112 5934 1041880
902 9286 794550
9553 5052 134672
553 6754 184561
8466 1933 1322415
6465 3414 23503
7139 5975 1117190
6986 2239 391845
3388 1321 155037
8884 5501 145036
4227 8375 141578
2749 464 124256
2016 6110 496143
6531 5142 65816
6080 2770 715004
2696 2675 77488
7314 5755 369617
5090 8925 443492
852 7588 6224
288 4531 233393
6529 5396 53128
9626 4288 1052181
1746 2151 203278
6883 431 67718
6942 5088 580575
8497 4953 117721
6031 194 1021670
6157 3470 568631
1801 9573 1517893
3135 1771 465133
3382 9460 140433
7732 6881 150638
3802 7253 540551
3185 5288 198095
4898 7033 339763
2875 3133 1131412
5179 7648 472565
4845 6851 748256
