66
8513 9498 2344397
1066 9604 601924
4756 383 568304
9876 8254 3126172
3586 8490 4385358
7108 2316 983912
3478 2404 161804
5688 1181 2968919
2933 8303 1188462
719 5139 508102
7612 5367 703197
6707 3155 329115
9599 9282 1126239
3978 320 1331709
2440 8553 588088
5095 3622 925903
5786 929 414288
389 3910 1060405
9396 7450 7480809
2922 703 807174
9520 9592 1689805
1023 9776 635837
4136 3097 246986
8496 1586 1301881
3199 4633 482580
1919 5836 164778
1431 8749 398069
8765 957 1723088
7136 3639 1331427
6912 7958 181204
1031 2945 1926634
8771 281 222988
5572 994 1935970
6606 902 252373
4991 43 3604066
8736 8519 2319853
8663 7875 994119
5666 1896 294523
4723 3060 875571
5571 5952 146997
8549 3971 2702043
501 5905 4534209
2438 3753 498720
8245 3246 1865474
4667 4970 227129
5320 755 2271989
4076 3428 377153
215 6313 312981
6442 8338 5531623
7562 8148 504636
915 2485 814929
2780 1573 742183
4843 5665 1986310
4340 1313 939530
1280 8190 1531116
3399 5534 2431747
9820 340 2268137
7827 8310 1441301
8725 25 3468586
6231 9715 46522
6275 8426 2503587
4485 7764 582023
5314 5970 3465530
9239 9923 450554
1488 3030 2877001
5602 5313 3291957
