55
793 3113 2329564
4834 6115 1631098
4355 1613 40085
8049 1195 661552
9761 7100 71808
7497 6415 4055581
4497 8793 2692060
4921 7046 2003297
8843 6908 1668217
8099 5160 313887
4781 4317 1932032
4448 7572 1395831
3407 5061 4811148
5574 8625 1265025
620 7172 1622431
2026 9203 2021723
2535 3566 2007638
6067 9188 6607380
3541 7440 1038485
4269 6053 1650536
9745 3108 2985715
4064 7497 1463507
9824 7960 14646
7682 6048 1106439
2543 5276 1328369
9992 9255 863406
3155 3575 1080139
3156 6728 5803527
3104 1391 1856999
4342 3903 730493
1915 9228 696725
9507 6290 416683
8284 7480 750745
7659 6194 1113721
3260 7220 1052198
6793 3671 1896083
3231 6688 5019666
5315 8500 46307
5000 942 1215188
9895 9021 2373659
9548 6615 2312681
7374 9245 972566
379 9315 620487
1871 2898 1424571
8593 3642 746249
5058 3760 2542362
7094 1750 2322709
7627 400 2243893
5212 9659 3808277
3883 2671 3025808
6286 2189 118010
2844 9062 4623581
9785 5908 954582
1232 4545 1674794
2756 7836 975837
