79
2178 6229 94518
8708 5896 394654
5687 7932 1263319
2628 6920 1263189
5152 5765 175555
6217 249 498631
1245 1359 1276958
2907 4882 2741944
6990 5736 1996651
2880 5858 1167017
7533 5211 452641
8872 5971 1198092
773 1388 3905
7874 8239 206021
6745 740 857982
3227 6478 1122721
3869 4127 1473103
275 9158 200207
4569 28 1399591
6081 3457 1516047
6341 2994 2008706
6008 773 143516
6226 7247 1195792
9954 8127 135986
4441 6574 4150014
7147 7660 899124
2327 635 2458747
6832 8270 2176876
9405 8665 5269446
8107 3980 841063
7874 6074 978346
6334 6810 2580183
9960 9392 4282550
1360 7854 1196288
6172 7246 274376
9630 1776 345107
8218 272 1937149
7913 221 399638
5305 260 1066925
5715 6930 2496696
6309 355 3544881
4180 3103 1315098
6316 4864 77730
6215 900 1581026
7933 8666 2401013
1112 9753 2462670
7578 6151 248347
5054 909 1691524
6697 1175 217447
7983 8642 1222797
4712 1748 85144
1911 8791 257324
8165 7923 324201
3787 607 2494340
8549 2542 851089
6999 6880 3335797
8535 9237 2869860
1661 3665 1675055
5123 8512 75181
6830 8476 3606484
3922 8530 361632
2901 4327 303135
2151 4228 56896
734 8271 77324
8360 5942 103266
6636 904 27473
6202 2927 602324
9740 390 2397083
6982 9070 974103
7883 2653 765650
6747 7801 1219980
4320 5235 1060259
6978 8584 283939
9516 6837 3601084
4783 1438 312179
2299 5205 130715
6754 5138 337510
3819 2711 2674319
986 1345 234847
