98
9263 8452 858597
6613 1576 567285
3398 9217 3409126
9845 5643 2640371
5201 1312 324610
3154 7329 2657583
4890 2393 1064924
7531 8980 71303
8009 511 537156
7789 5301 2138676
7451 1241 79094
7057 6253 5007456
4299 3265 619378
2165 3326 166008
9830 2437 81604
7402 4938 507559
1820 6200 480845
9581 2767 328973
2682 6967 132930
9129 7241 663603
2875 8378 580476
3966 279 1312017
3071 4913 1504546
6166 7727 728127
9825 8882 701532
2108 2924 673124
7402 5237 193134
4822 4391 1827745
9491 5193 685589
570 4862 695516
3104 5349 1968510
2422 9447 355652
1640 9449 5496437
6564 2624 66310
1615 6865 52477
8355 1582 609440
6409 4418 763873
2314 2908 579741
6612 8527 2668326
1354 4229 261304
9222 7968 2305110
7566 477 771012
5531 2198 2449884
2938 9980 1408318
1115 9517 173493
1211 7141 11252
3768 3219 284999
7912 3718 1258392
1601 8099 2049445
3834 8404 141673
9583 5779 376949
5094 5641 48740
4769 8877 197596
3508 7615 1306657
2508 3957 155787
8973 6746 152772
2659 5483 410042
4790 9897 784082
7540 9812 1056422
5692 9140 2058073
952 4119 50571
9164 3995 4270058
2766 793 1236664
9739 3493 921654
4462 3933 464372
2492 9892 827275
38 6153 1523120
7553 8539 249543
1797 7016 1324481
6111 5414 531336
9063 9761 944591
2880 8474 325921
2472 542 2606932
6696 5421 250707
9006 3883 3037205
791 4600 692080
17 2784 457664
4853 1073 176340
7382 3603 519730
8838 6484 1104128
164 8552 1215100
258 3935 30049
1548 9054 1508473
1892 9759 481120
531 914 1087710
798 6417 2571931
3645 2470 308605
1476 4553 965821
7391 198 3471131
6455 9617 622635
2227 6903 66268
4628 8324 108683
1999 2962 1827142
7180 7595 405303
9617 4205 222135
2806 4227 755713
8793 6955 845608
439 2507 530546
