92
4922 8659 1906369
8711 7754 8479
6178 9453 468622
1451 5352 1277327
5105 663 2130320
5424 5980 421066
8393 7893 1220435
6418 2214 1489242
8837 1276 85017
5308 7106 1032492
8122 1246 2545
4833 7011 517650
6888 8628 199793
8163 2994 393868
2466 1765 4983795
372 2558 90472
8035 8787 1352612
7947 5138 229505
2831 5213 9421
7532 3860 271897
5198 8695 156212
7627 5840 1299011
9987 8961 231342
7580 1352 361480
5537 3897 78374
1929 6726 1226973
7671 9274 132535
6583 6450 334833
8932 380 93833
2187 2510 1009607
2615 4158 714246
7480 6211 576903
1460 3969 1567343
5639 3471 1242751
159 5878 2336809
4030 9253 1805830
3597 2910 141572
3093 6179 1661820
2879 3510 740255
2111 9060 663340
3732 3253 3071079
5159 6612 1289169
1795 2011 242687
7260 568 345611
8173 7487 1682935
9758 3325 720749
3126 9291 2629435
4640 8342 234043
6202 2155 2036841
5194 9642 333668
9175 9001 1459615
4370 4114 583487
6088 8850 1872492
3588 5289 2888550
3205 8317 735944
1442 6669 1004513
1476 514 2207358
4755 2062 4707073
6002 3349 357383
1041 3110 390374
2645 8190 1760340
5073 6525 875920
540 5148 380776
6202 9481 3751
3870 2535 1685990
8652 7446 1078390
1766 9793 2211538
9284 1381 1684159
6722 5105 1764814
2568 4623 2818828
5466 5177 435058
95 225 2091193
9466 8133 1460579
1285 2171 320535
2698 3130 38028
9303 1038 2207843
3258 5001 858289
6170 5525 345065
6542 8380 1949598
6580 7288 871880
8470 9520 351894
1599 6422 472164
794 1769 255428
1718 1626 1338356
2746 2424 712834
6114 8349 1144566
4612 5078 863830
2065 1409 3273767
3953 4801 1901535
1064 8366 1462576
3996 2348 43522
9986 4808 77952
