185
2790 3933 871772
8115 7755 144059
3872 2889 152502
4081 1722 21309
726 892 698748
5453 1765 43161
5684 9728 278642
8620 9989 50710
7277 9609 328590
606 8077 58163
3221 7942 268420
7888 7767 798033
8362 997 355289
6442 7852 197302
2830 2824 128151
9448 6281 540934
7 1785 238358
9660 9620 101865
7254 9997 1830056
5299 8334 245578
2619 8149 648098
5121 3998 535614
7842 1758 777541
5909 9809 145346
1254 4812 522163
7577 1819 420549
1092 525 1065479
59 8028 856595
7439 904 614253
6736 8395 378397
4029 4428 280875
8876 497 1323409
8464 4230 732984
2008 7645 557424
4567 7353 661639
6950 8907 576366
8715 6663 755917
3368 4354 286860
5245 5271 923530
7297 1810 1205769
7030 9118 234043
5498 2086 624031
4998 1294 166337
9623 1996 228416
2482 2635 512475
9412 5520 397356
1821 3452 517173
5888 7674 796153
6229 8260 186308
1626 4312 9138
8229 5856 561673
1026 9847 909506
246 5580 568750
8816 3437 917888
2647 6966 93649
8955 8749 1168860
456 3742 45132
2954 2376 327199
737 5125 780651
9111 2968 1052082
8977 1399 1018987
5965 7283 386683
8726 6479 668541
1354 3801 301331
7470 902 315560
4537 9753 681565
1322 693 649783
1828 84 2136002
6898 488 105914
8503 7007 615615
1922 7154 587325
7706 2751 25558
9401 6106 1117915
1414 6009 1438
5948 7449 1077200
3317 6682 938091
8248 8384 511816
9247 4727 239966
4848 9890 602633
2140 6444 414247
7699 3764 111769
3882 7924 1154966
2383 8379 545829
3226 4981 1570194
3331 6672 889066
1802 9433 266871
5230 8874 296985
5166 565 217608
1584 3489 926513
181 9565 346958
1087 1578 823647
9855 9748 67456
429 8073 323632
320 8883 182199
6174 806 687713
592 6291 16506
2947 9208 646869
2911 2131 476184
7432 8228 219441
404 9168 295351
2433 8912 702841
515 3773 1173868
7527 8875 520906
8794 6256 1036117
8917 3232 89872
5655 8279 1135870
6933 3244 127616
6942 6193 188765
4114 6806 179061
4059 8736 1570281
6025 9166 280628
3386 5135 468354
9605 3415 369542
5994 7979 81894
2019 2624 965227
982 7307 393862
6133 6960 1397256
2355 3966 1350276
4379 641 1891368
6031 4610 1388946
8968 4625 958864
7843 1815 611802
7860 2740 1293191
414 7143 374175
9267 2513 339934
2193 8023 14244
6078 9206 366464
1016 1296 1458091
2961 5896 86733
2103 8446 1072198
9444 1615 5003
2639 8534 91205
7509 329 342605
9921 1499 998982
6030 4160 257448
6739 3671 171219
5061 6831 27592
8351 5408 1047068
2767 7131 342044
3828 3631 303536
269 9460 377539
1814 8708 475481
8501 1208 471785
2844 9657 576309
879 5530 216404
7573 9949 466592
4963 3316 530787
8757 3499 45624
2669 172 32583
7721 1905 102023
5565 6678 1095637
1805 7023 524925
8796 1718 637003
5518 1210 675388
8402 9571 15617
6483 9691 234429
912 578 102972
4684 8062 1138962
6901 4297 102241
3048 2306 140095
1112 6971 628192
2149 9745 3596429
5113 2368 696607
9020 1745 703617
5046 1804 602575
3195 3890 216972
7086 7213 16793
2073 8683 19399
250 2022 1084093
7605 8566 104693
6946 1511 186408
3301 8527 858923
8301 9281 235352
8903 9254 529132
4127 438 1067794
7394 7883 183212
9351 5918 1295003
4220 8809 63375
6906 1572 97423
1411 7959 153482
8589 7129 190032
884 7337 361187
9605 4432 59403
5776 940 160638
1455 5205 272725
