74
2018 8094 464909
6548 9884 699982
4902 4046 567178
1288 2052 7643
3818 7774 372557
7524 7934 543300
1500 3172 215637
8123 6663 376788
9217 2276 306974
1904 479 724410
4822 1034 778940
8520 217 377946
6589 9873 1283696
4351 8281 3593280
772 2942 31812
2391 7275 3222404
3297 9773 337172
850 8532 3297458
7463 8718 2142633
7047 2484 550724
2234 4605 1843964
3374 3583 320502
3506 8269 1374487
9823 7249 3324171
4660 6736 248321
7402 7729 3775628
5847 876 129952
1629 2741 70764
324 9726 361787
2876 9324 1097241
6573 3271 1023919
9772 2975 1220939
2379 2792 1124696
9154 1883 841428
5091 5907 5595399
2696 2807 2690501
198 3214 210849
9009 9684 2155532
5758 3518 1600194
3144 8990 1927050
6886 8813 4660834
4222 6501 1438312
9159 3204 1276460
7398 9431 993857
179 392 394955
8471 9162 5227230
1037 8184 559813
8195 7741 946656
9482 8156 1503166
98 6452 447846
6709 8272 202131
3894 838 5517966
9751 7773 2266150
5546 5394 3816169
820 1945 1206424
8693 8283 153129
6126 3483 350988
495 4685 2546419
2808 8420 959694
7968 4595 193172
9714 4142 2978155
5626 4918 160380
1451 4390 321294
8830 6157 432525
7027 9936 51946
2812 7073 130013
1186 4832 1869946
934 9118 713881
8169 5297 77257
9646 5169 2882443
1777 9490 2604574
3262 1931 795917
7972 1534 1123464
8489 4637 364067
