66
1202 4994 1692319
9127 5446 1482746
7998 5771 392522
23 5584 1470982
2156 422 14125
3628 2934 1685791
7569 1607 784912
7453 5635 4221384
5184 1280 84455
3507 4261 1092945
7066 4887 1030580
7209 8647 1189378
8449 8686 277344
9281 4286 397995
4745 6101 431406
1683 443 320521
958 46 2194043
2776 4320 345935
6067 113 787014
9512 9443 5649749
3988 3126 1556247
669 5724 1612000
3402 4025 3648118
7101 3834 2223853
142 8266 5124256
7895 8956 627514
6608 6623 4015829
8315 9952 3639409
1747 6869 275653
8169 1691 1068955
2773 5413 601966
7322 3163 1276040
8573 8425 319295
2821 9787 1638435
9061 867 53739
160 4328 3626056
12 6248 2603941
7683 4237 77526
2321 8883 2137694
6899 7066 1029957
5009 1353 151992
4017 4826 1084725
3328 2170 1772963
8623 871 1364591
5113 4594 82811
9383 3617 1836031
7695 1133 1421241
6351 4406 466562
2040 7322 720932
9333 7248 2938144
4571 3124 633663
6080 268 455370
7990 8235 2082536
6361 9676 528186
3023 8140 36534
2070 9139 483587
6794 1811 855917
663 4381 1283767
3460 5786 1016727
1104 966 338365
9069 6208 1623151
8773 6382 5473214
4001 8402 187508
2891 1511 5523848
2032 2064 1235345
2593 7758 3699661
