99
2114 296 932332
1402 4239 477168
9939 7261 159845
332 2547 1476226
8490 9445 5426513
5912 4434 225867
4751 4986 1788796
1670 841 709391
4975 6663 788370
4882 1186 488341
6373 4583 834278
8742 6734 249396
1088 4212 1188597
9836 1600 649521
5458 6020 2031744
4141 7270 39946
3349 6727 81616
432 5647 727267
9110 3111 91506
5345 4813 55416
6197 3897 1377864
1902 2876 1668791
7441 805 1574878
6470 9431 621387
9231 9586 682861
4995 6845 101202
8502 1575 662128
9777 6381 726915
9603 3430 1973140
3296 1992 89433
4553 3867 444623
1146 5672 796135
827 2079 1869135
3324 3315 952154
1623 1543 586478
2031 6388 1488318
3405 3375 92455
190 8106 819573
297 9822 3222238
2881 5628 610275
2882 3396 1377770
4230 5433 78295
2463 8250 209504
9309 9789 434840
476 5725 246218
6419 1647 2166691
9099 3288 735254
9012 9199 434314
2260 6898 620613
2937 4152 1412553
8379 9781 1962856
5182 9875 1101062
6117 4955 1186794
2473 8604 1113842
2051 4839 412082
9815 3801 232204
7348 3267 93285
5905 3606 17976
2799 7531 607922
4050 4026 1631429
6494 1768 1525638
7100 295 943290
4375 5397 393838
1097 6004 577016
7342 9482 553314
5801 8148 2218421
8691 518 1912662
1008 261 392534
2757 2689 6497614
5344 2837 2016975
8101 8639 19781
1496 5711 2936915
713 9274 594734
2073 2703 397542
5652 5279 919888
2469 522 1434649
2775 6728 774711
6272 837 157299
6417 9627 26817
1953 3947 206601
4754 1560 1424824
1033 2643 1476523
7434 1020 531086
3709 5189 723437
252 9508 594317
1960 8701 1330673
1957 5750 1449118
4525 5757 2437557
203 9104 536060
2904 635 761503
7666 332 464102
7288 7666 363171
4637 4093 585736
2524 6799 3597435
4371 2846 155999
2218 2904 451762
1240 9738 1938689
4683 2101 2133
7090 3641 1818013
