66
3180 4329 359256
5933 3892 241600
2430 391 62940
8570 7032 772871
9527 6975 2935326
9782 5537 5841337
4694 8923 349240
2806 5082 3631293
2434 6685 3357835
236 1825 1377776
1419 9375 1700598
2566 3555 563788
3661 3736 1733790
259 2531 1688801
2991 5533 4389414
9304 4931 721355
2026 7085 1499692
2741 5238 3815447
4028 2352 3524279
7726 2781 49955
9720 2913 1251546
6772 9546 4695544
6820 2693 303247
3353 8785 2007350
6932 3182 919720
3422 5395 189863
1785 3490 567615
8607 3196 1169205
5210 3318 652625
4674 2026 31582
4889 3069 2194438
2606 9111 476144
6479 4010 1388447
9967 4647 561004
7703 9917 2646975
5432 9119 31670
8165 9824 129084
5519 540 1554799
9335 36 202325
7562 5376 3461360
2157 2166 788061
4857 5799 483240
8855 4925 1885939
1910 2547 482230
6088 6330 3167589
2116 7934 1750399
1466 7136 2077554
7085 3425 4923623
4720 8264 3471605
9542 918 3019215
1989 5806 507864
6732 1944 856940
2344 7945 930242
1096 5063 368465
5133 254 819389
8900 7390 418941
2810 9299 1339257
4116 2552 998908
3055 7465 138847
9910 5298 347264
9660 7876 1633180
3791 9447 970446
7964 5947 1536308
5974 7795 2974812
5411 3443 994734
638 7606 63812
