193
9671 917 1654078
5588 9244 529015
4306 5934 503466
4446 7083 21227
2616 9446 253070
4664 8777 388494
4366 5834 571467
4279 9626 561079
210 3590 427326
8761 5909 1730490
3550 8985 502631
2154 20 779922
2663 9103 421390
9680 2127 178762
8683 2718 75263
1680 3373 1079431
9684 6168 86873
9677 8711 1316836
2478 7330 7107
5569 5066 180073
5763 4906 143294
5395 8741 292210
5782 3799 1333973
9768 6764 142187
1743 9900 920702
1256 2031 745982
4553 9840 675952
2005 9225 292935
291 7651 803643
8615 2862 2748714
6891 3172 573278
6915 8965 264610
9998 999 1656287
9950 693 12950
3399 9662 752
4575 5235 89172
9154 1698 1476839
7561 6233 286695
4014 9042 309246
381 5264 976675
2627 2308 60850
9106 8790 1084341
7303 6824 87132
8244 7941 148686
7556 7883 612676
6505 8069 258489
1461 1339 392742
2331 8428 240646
9756 6395 140971
1604 5455 298561
7286 571 240169
3626 3795 429834
5841 5678 29377
2027 4001 912911
7776 1044 136994
8412 5844 140888
4380 13 1262192
1214 9298 173632
5627 5899 222228
8827 8970 64041
1782 6739 913083
5664 9112 123355
309 5148 812994
7915 3922 410047
6301 1320 47876
5990 9583 135447
7368 3302 46531
8814 7278 707459
2327 6041 20652
1488 3551 168089
4786 480 215324
1397 9818 784160
7639 355 28900
6726 7842 172992
3980 3822 664138
1867 5959 955633
3825 2125 49921
1784 8262 518186
3955 5217 303495
8996 9559 804873
6107 5141 679810
4394 7783 42825
6900 9949 877948
3021 5692 1462022
6166 9351 63175
7927 1444 811473
3205 9016 278560
6872 1916 188362
1345 8664 186185
5915 7934 894561
8719 6065 641070
3989 5703 1205028
3833 767 178054
972 7827 255750
7198 9142 1011636
2796 3514 223688
511 9740 87267
4534 3703 497431
9673 890 74294
7388 5649 507806
4225 8447 26074
1770 1389 438573
415 1460 52178
5672 960 959038
3352 5220 176325
6925 6007 1454155
6155 6034 150154
8034 6866 1014879
3047 6693 1784852
2106 8220 1847071
9945 8659 641452
814 8915 768936
6451 5648 761806
6804 2133 814488
5807 9399 117425
7577 4691 498586
4753 854 346990
8356 1967 599524
993 7119 605331
899 8378 39307
6321 8757 809272
6173 4070 317930
8515 2864 357808
6868 3475 487875
2108 1727 104133
4500 4783 472906
6858 9575 230802
1387 4553 154897
4068 8076 100692
2510 5899 247443
8557 3980 294943
4775 4661 461669
7565 2704 581438
2581 7829 271392
1250 1351 189470
995 2154 430555
6190 4997 809246
540 9629 300206
3107 8365 145909
9037 2470 895716
4052 2389 179789
1187 1316 219128
2198 3685 136514
9546 2934 332230
2253 172 105621
1216 4404 492500
614 5479 1636423
5949 4668 608911
1127 1774 1362747
4239 7898 65793
6435 6529 13227
8977 3659 198863
4540 5783 672959
9345 298 907048
6137 2643 1703762
1764 6402 263305
8210 6612 17902
6138 6340 1227400
5915 9242 600447
7383 8769 656160
2488 1306 82723
5213 6632 1243695
253 3940 759302
6426 3702 100792
4370 5852 121090
8511 1882 437536
7206 1007 225700
5711 7602 881078
9342 2105 11015
2483 7739 634752
9867 3793 244867
7746 9445 124631
7671 6018 271876
9439 2627 356737
2855 682 69368
6064 317 26250
5655 8112 620179
5465 6753 1133771
4783 5580 621967
7459 1683 531396
1970 5730 384295
7281 8221 82453
6041 9728 962663
2944 2353 325141
9419 2274 177570
2049 5419 39593
8633 6837 450178
9552 8570 1667523
5865 9695 424234
7214 2453 587163
8289 8415 892984
9231 9946 1611591
3552 7286 1732156
