152
5908 9489 1055364
1847 1694 346600
2289 8197 624417
6239 7048 11981
7709 9509 710271
9299 9380 687355
3856 6712 313496
6494 7714 176297
8929 2946 628767
1737 3140 83247
1956 1664 1550066
7034 6571 1589177
5207 4460 221801
8751 6621 370033
6932 7096 837198
5586 9443 19
9065 9226 1603058
3033 7417 72079
2470 3616 544476
3192 3926 12848
9987 3260 868068
6879 2687 374729
6043 6713 626924
1441 9558 869968
2366 1727 388126
3897 8844 400698
9918 8207 610551
6001 538 2127054
8584 6438 250707
8578 6748 135011
4733 3139 132694
2661 4230 195351
2521 5893 730534
6826 2005 125871
8586 1264 736730
3163 6191 121824
3936 9888 312992
921 6450 535567
7844 1326 947134
7544 3314 605762
6832 7109 642591
9779 8369 970038
5553 7158 298655
7402 2655 2026132
8160 5204 757878
891 1883 1356143
739 6414 383254
9796 9599 604685
8092 9434 390020
4604 6585 245500
7808 1515 399472
4433 7987 562651
4568 1108 75648
146 1915 355765
7071 952 907621
5405 3418 95764
2573 4582 736585
2883 6938 1183747
1248 9467 555816
3967 774 196793
3375 6851 875271
4247 9989 1071442
9738 3587 392730
6378 4668 650219
5646 4934 1581500
8432 8790 450125
9902 4300 359311
4888 845 1789804
5692 8538 67709
7845 8251 445859
8817 5413 191968
9209 2251 1645200
770 6363 420606
6388 9755 2072228
7628 5204 564572
7796 4331 801933
5952 752 421434
8277 8508 1130272
7020 3613 127859
5247 2121 31162
2978 7256 19470
3858 5928 204555
185 3859 277978
3051 1049 966125
9987 6854 900067
5012 132 307382
9780 983 188505
6602 5072 825523
6593 951 426564
208 6708 344476
4619 4881 592368
8706 9863 20274
6318 9222 592885
5279 7194 461001
5402 94 1433794
3666 7116 100461
8160 9446 817269
7102 1449 192241
1349 7365 759894
9112 3664 680109
7818 9690 1149996
809 9746 198759
6067 8114 564899
4166 80 445935
2761 1664 716981
5823 1132 739764
945 3054 126979
2666 4111 1052595
5500 8510 184102
3552 5530 2340903
1827 2887 742256
8621 9892 593179
9461 701 1038228
5346 1998 2006593
3495 2307 265424
3805 8630 896826
4938 6022 1810429
2740 3613 251228
201 1763 85611
3119 9330 198066
3601 4866 670511
5458 2163 2357796
6416 3110 1120695
7315 5962 200099
5470 7589 31950
9565 8295 428118
218 7069 121870
7236 1190 2950473
8361 3669 247068
1125 3045 908974
6003 9047 299561
9111 7046 80716
6216 9655 1030618
6155 8821 584914
4636 5628 1121900
6235 4998 627832
968 5468 422628
4268 2728 371520
6899 3646 1306125
5888 908 313198
2751 1279 31612
9472 8278 1271062
6268 5017 656849
3276 7981 440645
8996 219 641567
1417 6472 1377272
3784 3090 77944
4974 843 326474
2656 6482 1231361
5892 8988 87019
1028 2006 918924
7771 4145 1852204
