64
1816 759 2629413
2547 4179 1635188
403 7315 794855
8271 2725 1198858
2019 8114 185266
9432 4899 1373750
4223 6231 136161
2439 7867 67617
5622 5830 1689509
3279 5953 1484884
8518 109 4232447
9429 1768 384642
7885 1477 1344627
4192 196 218228
7390 1772 4320434
9328 3161 3133464
5659 5839 5866910
670 165 1436654
6039 2670 1057523
8992 6202 1175592
8849 2553 825331
5009 2240 3974949
8231 8982 631370
7818 4460 874752
278 794 1692691
4928 5427 1018371
4198 1717 945169
2011 1723 3300023
6594 3414 2459502
6254 2035 206024
4554 159 88408
4843 3440 325884
6637 2161 751778
5497 1420 1040065
4146 2607 271068
2254 6065 974357
1024 9374 204769
9756 3099 3419437
7414 5192 736801
1337 9059 2454212
7499 9684 2190460
3219 1652 4624852
7602 6194 7033314
6626 8269 528243
9459 3032 2944384
3827 6029 1035720
5074 8160 315192
8287 7209 4660936
3975 3213 1227963
2292 2371 76393
8628 2332 887949
666 5905 533181
2451 4326 196003
6243 2822 20748
8000 4342 1427898
4123 4509 1019424
4869 5176 9940
6235 8653 1063915
3410 1287 2186208
8579 5046 1608101
417 2711 1957221
9067 5378 771096
4460 4918 2626318
953 1338 493558
