96
9513 2584 726062
5729 6432 2108509
908 4946 2189833
9812 3775 2543473
6786 1705 310123
6668 8173 825765
1946 435 2850755
5225 2351 612308
8986 8213 3076390
6769 4774 683557
728 5320 1625272
9404 5022 1513308
6946 215 1881809
551 768 195676
8589 2169 1181527
9128 2114 288768
9985 529 304029
113 4129 76670
2416 2097 25845
2406 1240 395910
5209 5734 1409432
6594 3039 498418
6443 5631 1278237
7839 9364 391817
9448 384 243307
191 9573 142879
5340 3242 1437192
5815 2248 1013461
3363 3727 1775003
790 6486 803123
4808 549 831256
8987 8296 343404
4249 2447 569524
1313 6785 410034
8027 4130 256751
9644 8557 158045
3413 4250 831467
9792 497 278677
912 3821 476895
9716 1031 287258
8579 7348 3969332
9401 5205 745245
8166 9466 604581
20 5839 464533
4766 8949 2097058
9335 9844 509335
573 2103 1544640
749 8733 1097510
8301 3314 32040
374 4657 260824
7588 8227 40860
2158 4212 17181
6407 8106 83129
4184 889 1468738
3507 8952 332365
3731 2186 714069
7522 3677 2086906
4426 3757 2954462
1499 1332 1685023
6780 1299 1663107
8327 9747 382237
3147 1243 1333886
8304 5398 1069123
9263 890 300066
1469 3886 1175623
2667 539 1491700
1269 4527 340075
9529 5785 1183029
1227 2509 1199008
3566 8918 391834
1486 2007 696419
8475 793 8093328
4939 2721 731932
7504 8282 114361
2273 911 323756
7654 1922 994739
7442 1419 510175
7744 8847 13204
6983 3172 624782
1395 5980 585315
6826 8426 1903904
6629 5890 1207445
5266 5948 245646
4580 5306 4242609
8444 2098 439260
7002 3471 637930
8685 9323 578364
1135 9241 427605
4886 5895 3519402
8905 7299 389503
4297 4038 99559
749 466 251696
1970 4046 1036260
9298 3450 2442635
6785 6604 483978
6532 2498 1316905
