78
3165 3878 100156
6235 522 1409939
4180 3363 116681
9914 3006 1885274
7432 6405 495539
6687 3572 1787647
3651 2531 731078
7021 3640 2356062
5430 5628 1117525
5750 94 940523
3875 1288 268649
7783 8047 1574549
8034 3049 1427076
9833 4416 2131859
8797 4706 377231
4884 5152 1790703
5061 1065 2848136
8019 8988 522805
1341 4630 732964
3755 6526 844926
866 5944 3393495
3354 4290 824384
9762 5002 761606
398 3307 1914428
1895 2645 869722
3933 7334 801035
3424 8437 674335
1276 7831 2015478
9231 9197 705699
9915 5230 542986
3833 5657 296606
5835 8132 1274660
1619 3279 2145554
920 9918 9197
8550 9269 556930
888 6422 177268
1534 7900 2125383
9170 3023 186863
8338 5823 3494511
3421 3595 419781
9565 8756 3252951
3751 4639 86879
5020 934 662756
9476 9094 68050
5311 8311 2073024
2410 851 157994
6131 4081 393466
1304 495 2091492
4049 1701 1436009
3183 9218 769917
8200 6765 87017
3596 2905 644858
4926 829 1008572
5348 2836 156914
9182 3733 1310793
1118 5639 3039186
8712 8466 456587
8621 7753 668587
8293 1999 827648
4345 2690 357205
9154 6917 3963687
7374 461 360424
6887 1571 710540
2390 494 2334238
9801 4740 716867
4084 4930 1043708
2153 7910 889571
4352 2404 2815463
7730 4952 814591
4708 498 521531
9241 2800 1587634
8491 0 1408969
1127 6585 2351066
9613 7212 1390268
8651 5725 9877672
5506 13 910856
8848 5694 1860341
8866 6705 243426
