147
193 2353 689362
2730 7982 322249
115 1901 1208902
9821 7995 368805
6568 4723 345356
4510 1063 1258804
9776 4997 358655
5882 2106 694941
9839 4484 450949
6686 854 428734
8158 3233 820981
31 2744 242391
319 4483 1215630
9482 3607 44218
9823 4491 348931
6085 1246 263619
2855 5760 462642
7104 47 1371978
8644 7823 237338
7794 3369 443194
469 8365 179822
7752 8914 24723
8921 1903 122698
6189 8683 511479
2227 1718 40403
5314 1277 89782
2514 2044 1099035
7937 1702 114765
6528 7496 5617
4446 7393 204367
7874 7787 1069196
5098 5452 491532
2285 2095 1279118
5020 482 1574762
416 1002 60634
7781 5375 116714
1929 7030 395551
7520 2366 855872
2248 6074 975846
201 7716 101900
5567 4951 524582
6082 4201 624820
9788 816 55412
8075 8247 171501
8654 8261 8229
2468 5954 1536665
9125 8082 621694
830 3674 803898
6240 2392 199186
7564 1063 643912
4557 2046 861621
3468 4636 302539
6613 7795 75764
7824 9600 410243
6862 5483 267241
1616 7676 765973
9680 7040 709504
4300 1469 532251
9860 7138 1908853
6719 7655 434898
2214 4853 635149
6849 5647 461590
5345 8807 435524
2132 8427 824205
2309 8978 4114455
6602 6935 253162
6804 3543 1273515
7007 8803 1298612
5333 5967 102503
3650 437 122349
7769 1490 73507
469 5078 212237
1422 5546 2977989
8331 2645 1256204
365 8064 2769766
9294 7499 1085910
3458 1968 672203
4317 4390 1904462
709 3816 58486
8841 4217 376657
8668 7332 1065797
6395 8623 848957
9854 8747 830864
4044 8087 1155816
6546 4729 1587616
597 2295 613493
1233 6304 8232
7575 3537 498355
5730 656 200275
3294 5792 414488
7431 7154 1239390
6047 5661 1006450
2529 4614 382618
479 6704 381914
5200 5229 2374874
2493 4764 167532
7304 2525 932493
1533 7537 82916
754 8213 1152819
9760 6224 462464
3597 3114 279830
5278 5811 219600
2411 1941 609440
296 8537 1552706
1048 8017 39903
9324 9519 817665
5614 9910 609573
3810 665 534772
325 1704 453546
867 5540 333140
5249 7331 2107798
731 5136 17302
4602 8897 264518
2981 1421 1360410
2257 2617 733312
4020 6157 576629
8105 6379 834214
6173 8150 830767
2682 2033 1151665
666 4255 1863026
2382 7462 190792
1082 9520 237780
9723 6848 191037
785 6375 48014
2902 9428 122939
8755 7688 243982
9071 9258 39763
4945 1493 223745
6200 7205 1621652
457 4936 452903
9427 9042 220088
6636 3818 270381
1494 9923 201690
3231 1946 52954
3538 8616 56496
6694 5740 2539041
1866 1261 359269
1064 9151 543028
64 4986 594588
1237 3301 1075161
7457 7356 2045372
2121 4562 871763
305 5675 954524
1109 7004 1971317
3481 1870 635003
558 2716 218712
551 7889 162061
