87
7533 7890 298853
1792 5437 1422506
8377 3317 1062441
3030 2126 1033297
6029 5881 144437
9553 5943 1730394
9056 516 71907
6123 1788 189468
3222 9712 36930
7220 5747 411678
252 9159 2046302
764 336 435423
739 819 538673
4955 6813 804481
2610 919 517487
4943 1882 112718
3375 7871 1306849
9383 6369 807400
5098 5772 126853
16 7356 1800599
6995 4608 2253340
376 3520 47205
3205 4344 1406864
9462 9618 205673
9024 8815 1198782
4490 2822 125741
1925 4429 1296045
42 948 873721
1634 2519 931530
8625 6262 1970449
2414 9568 918825
1606 934 786368
9869 6793 31383
4458 4366 4999531
3051 9048 3425499
8376 7567 1423802
8116 6464 63217
919 5528 223282
8735 1785 457644
3913 3872 962302
1386 9734 2324889
2737 9816 61636
7533 5586 875444
8209 7914 1248701
7914 8041 965615
9319 960 473472
5139 7087 105512
8797 1359 4413012
5662 827 326977
97 4433 335386
1744 7002 462378
8665 2789 2869622
3652 5829 2864388
5558 5094 2779461
2512 9448 1159644
8367 6297 42433
6000 4123 32846
12 9435 55492
3431 8958 559054
6316 1509 739646
3863 4623 450212
4532 1803 2043600
3694 852 1052842
8091 12 699230
2102 2929 2408800
8864 6101 997244
6930 415 3181235
6712 7298 296615
4963 2245 3835852
29 4326 615190
72 412 953534
2673 9868 183642
9839 3514 2914229
8064 8738 3410876
7232 2877 735618
6842 3580 2448636
162 4879 266092
6038 6893 605210
5479 9226 281253
2545 5506 2842094
4547 881 1608817
3865 2101 1668752
9004 1651 883243
7439 2999 28466
8529 5342 1757130
6118 3938 638366
7350 4297 1997715
