57
5999 54 157263
3677 3582 144288
8789 3282 365776
8793 6477 925023
4300 1247 5122928
4844 5748 2733114
2187 287 1437008
1958 4413 1956729
5044 4170 1357060
1672 521 1320880
2576 3459 868087
5965 281 1362410
8896 6241 1918340
6926 423 2688787
7695 4743 18600
6674 6742 334625
9633 9249 269454
9933 5793 12556932
7920 7234 726998
477 7568 120372
3587 8466 362478
5235 6372 74508
4239 8579 92824
1511 7463 155120
3192 1711 7074261
1036 8912 351901
5950 7612 2221662
6493 8671 5956771
1148 9974 847058
5187 42 9768
9027 3296 2310416
1192 8701 388126
8436 2672 934792
7461 8297 1933532
1913 4685 1863438
762 8098 40699
9253 6752 1693252
7386 3228 2566895
9520 4829 1339858
3200 1150 9831
6431 5471 515603
9185 7759 1578294
4180 2700 2968809
6555 5075 2385776
2165 4277 1607859
6485 6452 1218770
7321 6302 903885
1394 6879 1036848
6487 6209 70359
3814 4056 2583532
8371 8198 1000645
3425 6079 119911
6995 1719 3048290
1985 7691 192327
6756 5427 1561868
7425 9594 3852104
1086 3006 8743256
