144
9234 3102 611261
1376 7508 137296
9128 8327 445813
3304 3193 557313
9147 8421 159794
7966 4111 1165588
4767 9508 2119177
3054 2345 1229341
2483 2190 31736
3689 9899 435133
5730 3244 79594
4318 8741 476809
2167 7214 692175
1733 6247 194083
7656 5812 200021
7581 1860 598754
3881 4595 1034165
6826 7881 785010
2564 9623 213757
4588 9948 161040
5056 2952 734617
1559 3812 348559
2755 5360 1193223
8936 5552 97671
9812 4276 232130
7432 9554 1673673
152 5471 540321
7106 6648 35919
9478 5736 707178
4032 7878 283900
1162 487 4956
315 6708 2228428
4311 5293 2139247
7550 7647 63754
1606 9541 220240
5203 557 648639
4159 3451 1481972
924 3428 121058
3260 1267 181779
7288 6904 676310
5772 5177 105589
536 2678 375700
8513 9060 988954
8387 964 80645
3137 7859 46265
4113 9092 461169
7744 4942 1367520
950 7418 753824
3286 7568 798176
3787 9642 1219371
1518 5793 699421
2666 9862 313527
9214 3045 443557
9830 4360 1788449
6900 2529 1830987
9512 2919 868911
4313 1391 75639
5640 4117 526384
2859 9028 906477
9344 2729 429343
3243 5415 435753
4801 1277 1230173
1315 3455 1575914
800 3049 234149
8870 4610 968174
6306 5274 118890
3360 8617 456180
1853 5644 39402
4700 6872 79763
3821 1863 357308
5901 1071 343710
6771 5903 517535
8311 6693 2048003
5959 3791 1686216
1653 8922 902243
1223 1846 145109
9870 3906 800387
1413 8880 319790
9009 3886 257260
7990 2644 643755
3360 7669 1311746
8734 2896 4604835
5438 3025 858610
9454 332 728902
9870 408 469379
5266 2670 89354
9347 1830 431685
8244 7306 332846
4388 7117 203197
90 2741 199232
4034 7464 453210
4806 1775 1148248
6885 1714 187972
7620 1567 602070
3899 7415 170787
2254 6750 1331312
8623 3172 1574991
7476 506 290163
2424 5301 527221
753 4525 698435
3239 1867 112777
5820 5239 1086242
157 4916 2835303
2389 3078 1376926
9675 3270 515221
8203 2923 49968
1442 4142 2183067
2144 4716 329848
933 2939 6327264
6945 4584 911448
8799 3046 101025
7623 2905 677957
1903 5309 1340350
949 7900 290070
7338 6381 899301
3407 3939 537972
3151 9195 321862
4810 3857 829003
1105 3104 118607
6070 3430 369940
4040 2667 141858
8702 8746 596647
9311 1983 209793
4206 6294 351629
9895 1509 932035
6049 2608 685362
6161 9983 423902
1401 1927 382437
2829 9246 69786
9830 9878 137757
4352 6740 144858
7833 8657 853953
3028 1020 288080
3071 4423 114611
4560 8800 571177
3764 3220 604453
2819 4797 1106576
5423 8136 81881
5647 6272 420597
7489 7816 583258
2756 521 431787
1173 3710 927950
8613 6831 128016
7906 1685 202195
