90
1970 6872 31196
8884 2004 2588833
1417 4260 1975827
3437 6861 108486
1721 2808 595601
7899 9325 902376
3173 766 25650
1592 5228 460813
717 4210 1111115
840 4725 1222836
9440 2301 1083666
2371 4793 512030
9541 9170 919946
7202 8243 1082739
7213 9025 900660
9525 2162 1328022
1543 2709 1074682
927 257 163652
4263 978 437706
233 4746 111632
5359 6617 976606
3526 8562 66204
9558 9311 1374677
2534 7355 262617
3030 8698 1686547
5555 1337 4937494
5419 4205 1299808
9771 3598 436803
7000 400 1911723
7911 8122 722611
3687 8054 1689789
6684 4711 286858
2358 7242 1298100
9198 7752 1068551
4467 1035 3074662
8195 420 1197514
2473 3102 549605
6596 1649 584149
9332 2953 1436512
3071 9092 147904
1557 7033 139965
7635 1128 87735
5563 2091 413954
1303 6562 386149
722 690 401619
2038 1878 2296518
4558 2913 2658509
3204 1758 2511433
7972 8512 646832
7837 8258 449665
9151 888 1975654
4338 4235 327473
7402 8480 546770
3036 7240 1203440
4152 414 3843455
8179 6343 18823
6454 9276 5163636
165 1287 269516
2326 5762 299066
1027 1067 374812
5193 7819 1652467
1649 9370 2546268
565 6241 1882349
2588 1082 3118345
4483 3172 1197716
8821 548 1932218
7714 6231 228952
9603 9352 81053
5960 7456 953980
3715 6139 1810292
4741 1178 605647
9180 7644 20290
325 8356 776045
8205 1810 26325
3502 3539 198626
1274 2570 191540
8116 450 3634407
9376 6445 49538
2843 2883 498792
7994 9470 2379520
2994 3999 153696
3061 544 59627
4625 8184 1179919
2791 2425 750184
8277 1417 544921
4837 9352 3344353
9178 4746 949186
8567 5443 74449
4543 1976 469854
5985 8446 3028215
