106
4757 4114 369139
3653 9263 212041
559 2321 2142127
2099 3303 153110
9395 2477 1639202
880 3720 197895
8773 7093 1936179
1225 529 308240
8018 2882 83
570 7796 1129434
9483 3649 751403
1539 5401 817022
60 8633 1429941
1716 6181 115250
8024 3480 317650
4536 4465 141566
9286 8110 246564
6828 5186 68068
9155 7940 1230346
1458 3919 322731
672 1215 67495
8934 9021 153342
1962 4333 387955
2484 9825 6031902
5716 3499 2206880
3684 7634 2927147
2198 6934 118606
3686 2234 1490173
9412 687 2465697
1784 3367 1152071
8534 4754 116592
4148 8555 459398
3776 2841 757492
5595 9840 1071399
4637 5587 185449
4378 8806 957453
534 9279 503060
172 1182 170281
487 1969 1994144
835 7197 332730
9867 7509 1331366
1005 6008 326238
4511 1927 234256
2136 4120 830421
6041 7647 213841
6806 4801 883654
8202 9194 356201
3005 9105 570061
844 5508 282668
32 7381 1025156
2897 9619 109098
9113 5424 826721
3845 8355 1148194
8509 518 196100
7683 2236 2088786
6433 4123 403141
1256 1209 176040
5051 9855 3332342
9100 5824 1504871
128 8243 556073
9104 45 4063067
3953 1973 527937
9764 6288 1639520
7641 5690 1661351
5637 39 202183
4336 2506 833129
2564 9171 605407
5309 3305 1671712
8448 7829 1197580
6879 2672 1495915
5650 6733 184581
1226 1938 62892
1769 4047 379768
1246 1678 480520
1249 7151 958671
3785 4626 3087686
8615 6525 565265
5297 4138 755469
6877 1802 1037284
4648 5773 417494
2848 8934 717966
3316 6258 1033897
5662 9348 100523
2819 9745 976540
4649 8561 253953
874 1812 1912895
276 8336 51139
1666 7943 1459680
9187 2815 413831
4562 206 2092314
7261 371 390455
5163 5520 45833
9521 689 665353
1000 501 182258
3418 2790 1150196
1360 171 1166126
2582 8224 3142482
4469 6875 729661
8806 9075 205942
7502 4576 1195458
3865 5635 835330
4535 9247 1979267
96 297 176197
9734 7222 2688397
1804 6533 795490
7587 5761 338901
