82
4441 8067 976054
444 1122 696814
2205 2081 682011
4245 2191 250934
6546 5458 560040
1695 4745 361886
3084 8297 1732952
4894 1066 191486
2229 9413 239572
8399 124 126724
132 1266 218930
7686 1722 1237808
1402 6471 430925
679 7604 152571
7424 3185 2225169
7911 5530 841587
5063 9436 1242417
1615 1476 106369
7283 7631 27979
9077 2487 3046586
8977 2875 1290856
2353 172 160125
2994 7425 186352
4439 2489 2524979
4556 9575 85840
7061 4052 111998
5583 160 3882435
8091 7759 5112376
4139 7864 86251
6300 6913 821660
701 4884 2889576
333 3371 2294049
815 3472 175537
8462 8699 745704
6118 9973 646894
4834 429 944208
7123 3125 333818
7480 5503 987626
6004 302 775988
9106 8264 1079871
5239 5820 939036
6945 5847 1312458
6140 9578 1160500
3014 6407 1161631
1183 1324 981784
3906 3922 1184372
596 8107 171944
6385 1841 649140
7966 229 7586611
2955 3360 2364427
293 414 3208948
3533 2547 1895945
3135 3926 239097
9008 9194 1060855
5299 8075 396552
154 1726 1012639
8120 8821 1283662
3476 7368 185938
2173 8050 563755
3808 7890 1053689
1638 1539 688918
3071 5145 297275
245 3339 721950
3750 4446 1515563
6856 2619 44935
906 3852 1984974
3627 6375 1100176
4628 1544 48849
794 1673 528456
7241 1397 2103462
7833 6384 377502
5873 3546 2836056
4628 6723 1837388
3971 9084 349846
9103 2867 1447533
7491 3780 569395
7106 3544 2730045
9269 2636 2847871
3723 878 4201914
4291 6968 1318491
1939 7891 316043
8607 1698 3235418
