77
5236 6800 1667477
4944 5904 788151
8256 5183 6701373
3103 4228 3037087
6957 930 2894415
6465 2538 140387
9354 8991 2365692
5610 4165 1577749
743 2063 312527
152 6630 534953
7845 4561 138648
4824 5292 1437262
538 3263 462298
6293 6495 210160
7955 4120 622721
6351 712 23264
4719 921 1975583
6001 9464 915632
353 9622 566403
8024 5742 176323
3422 9597 4035784
5567 2835 1117338
4806 4198 1060936
3582 4014 2566872
4168 3956 358162
4520 8969 1638567
4677 1167 438675
4883 5792 99698
5166 2373 1397211
5107 2875 919244
3763 9907 446330
1369 1218 771308
6942 82 523055
4699 42 392983
5924 2267 3407623
5558 428 1000107
1894 9103 818827
9938 8702 1995987
4812 8569 356011
9760 9912 422350
5790 7922 1054562
2330 3653 1230799
4905 5084 486138
9055 4284 804191
7925 7842 1079568
6889 8152 311158
3503 400 27023
9262 3590 165594
4051 2546 240326
8176 2277 230885
1 6136 2274905
4237 1521 2293430
9495 2051 210981
2058 5271 690787
7990 1002 98774
4609 8941 2524465
9680 1537 971249
3825 8734 2994276
73 2896 1072589
484 1267 1103037
7245 5883 1385194
8738 6825 2105510
2800 4206 556984
41 2904 355680
9558 9166 393398
2888 3782 2679468
4749 9588 1256047
5299 2040 1011156
6585 3742 38341
119 9906 1104829
2624 9585 491529
8008 4786 2143866
2755 5269 2512487
3195 6600 697679
9389 2587 4891451
4976 6120 767805
4327 2759 7428666
