175
5071 4687 514645
2428 249 120712
9385 6116 144369
9034 8566 925049
8908 4768 871723
2044 3302 952301
7654 6918 759050
7260 419 206855
2168 5795 367764
9175 9064 633576
1970 776 137046
579 5795 408354
2298 1527 464580
3873 8207 166295
9942 8958 120401
4291 8425 55459
8946 7168 76284
7953 8931 401680
8056 5376 580074
19 944 407176
3948 4001 526924
1568 9306 88447
3448 2319 301917
6308 4399 1562373
7742 8298 317987
176 6834 328692
7429 5226 94446
1736 9989 1087033
2653 5180 16312
1606 1170 53871
9059 3967 323352
3663 7522 232682
3328 3052 1141627
5432 4024 1399487
1145 2433 74216
9303 7354 1291856
3543 1353 602759
7015 1584 271856
8965 569 2900543
4813 7019 1079452
4802 8145 586158
7589 1176 1252365
4921 3615 55209
8732 7578 18124
5113 5657 165073
3410 5631 81576
5714 7097 54151
9862 2610 8073
2783 1686 243367
2517 5614 379377
6807 2714 551699
1456 1673 780840
4847 6418 351067
7002 324 1269853
565 3961 489957
6101 6926 1116387
1330 61 1336153
3580 9021 1381805
2423 7918 161410
5535 8202 374709
7218 8574 40667
2536 7737 77918
6693 219 376671
7369 7005 757256
8218 1929 92977
1852 8786 761796
3567 1794 600337
4408 9310 10595
8390 5571 389269
7680 1199 1939217
269 726 105040
539 7029 397033
3124 3377 85121
3432 870 283346
9401 8221 541240
6793 7901 198430
5813 1857 27273
3200 2620 1010581
9634 8555 126740
1174 6760 1526060
5497 2463 2058679
2774 8950 81477
639 731 897774
5945 4802 157271
2871 3919 733034
2360 2888 1341035
4541 5278 586079
6287 2948 366080
1721 3099 1271870
7577 7706 1112568
7442 2122 345886
7857 8638 359693
509 6575 289122
2900 5475 501522
9822 8037 2427409
1211 2957 2077050
2562 8906 1130966
3444 6088 96366
9812 9503 272655
9134 808 215089
2079 9322 613049
8071 7955 748302
4177 2075 753354
3031 1346 38608
21 438 272894
2377 2331 1048271
1673 5555 1224646
2062 9760 681473
5404 5301 3535
6498 8259 258594
4849 5492 1189245
7882 6477 15287
2024 7913 332091
2712 131 1675
689 7001 1639039
8673 5449 541158
859 8522 764287
6399 2214 798
850 2927 843217
8309 973 373333
2197 4299 1117365
7078 7391 77758
1233 7437 2586768
2689 5291 127680
5626 6718 180554
6592 9409 626583
522 2253 373354
8148 9836 105003
5948 9929 33368
5798 5070 679688
8887 3437 144820
7173 7956 23723
2812 6449 526884
6165 8956 568646
4847 6166 392488
4198 6250 195002
7104 7127 266340
1215 2936 385656
8791 4193 698444
1085 9031 155938
3076 8382 510466
2121 1285 206255
6197 1767 472849
4281 2371 567104
4276 1634 463529
4810 3449 1845143
5538 2167 333907
5626 1297 2030422
7814 5744 172665
4703 826 599251
3174 1160 254264
5800 306 47758
5024 5127 574665
8545 3355 1305873
8444 9890 885518
6323 9768 1828146
9190 3729 684002
245 9149 348147
6767 3162 189357
4920 1028 268180
7675 2471 1973652
3010 3820 1006514
4072 9910 1021991
9363 8959 20378
3183 4059 62907
377 6694 190811
9523 5251 120386
128 5658 118026
591 367 835213
6377 5641 856298
2057 4352 189846
8815 6557 660375
3499 7579 37818
2797 7593 41418
8897 4043 332178
