53
826 314 3928463
9466 2874 2368435
5747 661 12065285
8453 88 1468151
5973 6094 1088948
9955 1489 58953
5255 1953 3431086
8204 3895 1289267
1158 9432 541558
9343 289 1227931
4309 6601 4079059
6112 5117 35901
4771 3068 3862431
2169 6432 95936
9898 9596 2294114
8584 3260 307680
5959 5468 2542876
8904 1641 2295990
3516 8399 479761
8618 5100 946825
6720 9227 137298
9325 7409 18652
4856 1609 1253665
3541 6965 5045521
2779 3135 567920
5265 9998 4600315
6328 9156 865700
4245 6260 361490
6543 4612 1308242
7416 9045 1048864
9952 5570 3972613
4289 2183 105115
1373 9895 4595084
6109 7701 47004
6742 5290 1641527
3578 6028 1626330
3158 9056 1658440
711 9862 2787704
9489 2383 1192157
8963 7711 2222521
8227 9460 414371
9711 2686 1495703
1314 9569 3253095
5680 5868 311915
5684 4335 1199333
4886 6836 1129514
3798 8750 2416304
7808 7615 39029
1648 2839 2217672
9463 1726 744114
5903 2155 3776363
6743 6558 2771308
5109 2679 766467
