78
3621 5026 755689
3199 572 1378990
4596 522 1118292
4899 4363 1287749
5595 1703 270432
835 9789 757754
1561 8777 653199
4040 3816 1180049
1160 1317 2657675
5394 8176 351930
8549 3229 343862
6558 3231 468565
2764 2453 165734
5587 6185 1577262
6841 2946 496856
1218 5221 110509
891 6864 407210
6982 3612 4462290
3578 4704 1169522
5278 4519 108014
3341 9028 110473
3730 3756 916358
4353 8886 3105093
2334 1835 285453
8102 616 562556
3195 6553 2393990
53 2752 1709282
5167 6347 1364339
8797 9268 1040517
3298 8240 792204
8580 847 1964249
8602 2797 2874182
7356 2389 70689
1953 7330 842359
1418 6792 1872757
1215 6400 2564534
6132 4528 1556847
9987 3889 4460150
3259 7286 1353687
8605 5086 5508982
8585 7293 129430
1673 6802 432276
1263 1773 1137558
4946 2894 281372
1402 2182 1258069
9068 235 69452
3341 3744 1402228
9337 9852 2002852
2960 2717 115856
2564 4316 3627663
1414 2937 143642
6534 9130 649084
3514 4482 190316
5368 404 1040321
2747 497 2290269
9 8680 384416
5083 8603 1426820
7296 1480 1174044
1443 6378 988253
2543 8343 709424
7198 7993 3189558
6720 5237 840987
1226 9262 1196522
6458 2380 4179696
4116 4098 262110
8254 5561 235032
7298 9487 408881
9010 4333 3917563
286 8979 472289
4614 8713 298397
1769 7402 584279
888 7205 1067837
2979 9333 546529
977 5447 600309
3953 1710 564625
9222 3157 289170
9076 3100 6652251
7073 1652 170336
