151
5275 8187 8417
6828 5553 164122
4419 1322 781539
4555 3879 999777
700 2490 412562
8327 9469 593466
4123 2667 474932
7791 8710 1628733
2019 4571 442773
839 8922 1417049
6623 9271 515860
8491 3949 709136
6318 1270 52411
8897 3275 1925148
9059 2984 309633
4710 8978 260168
9087 6005 212561
169 9154 418664
7095 3207 1865039
2577 6380 1150171
3057 4735 291812
5456 935 816060
9618 8978 51123
1412 9816 1610948
2293 18 418819
5048 9835 172396
5202 2491 441192
448 2558 566009
8705 1890 877278
3179 6109 543758
5756 3528 1111842
5889 345 20524
1499 310 810053
1255 1297 407566
1346 3110 172116
4980 8482 55781
4198 9573 17772
6473 4814 491265
7208 4646 383601
9120 6619 1066188
5887 7388 63944
5525 7010 1595798
4011 90 1104873
5539 4782 121140
3527 5534 504690
323 4850 688301
8252 179 843459
2932 3145 358427
1419 4253 289177
3316 5625 1868164
3980 3111 201023
449 4589 19716
4220 1219 263463
2170 6373 79344
9915 9761 174290
5784 7288 100116
3002 9351 233215
5002 7932 626116
8745 5870 483967
5694 5898 1194537
4198 7935 887920
6068 5650 1817331
9732 6374 844532
8712 1675 42943
1495 3235 96481
7712 5433 1599839
2828 9648 108241
7705 2583 474334
6798 2726 326763
7805 142 638154
1095 8111 6926
6815 232 821471
4886 1095 173987
5013 3657 1166631
6068 4380 335442
2666 6084 1669284
8351 2403 1653
2004 9188 1193976
1561 1154 366766
7330 7250 934083
1529 9181 24091
1389 7121 1751347
150 7250 1808324
2953 4821 107573
8095 1016 358219
8653 5595 1920214
3772 3617 337812
5105 7150 590578
1260 7360 283175
9094 9880 1554255
4913 4662 1071449
4506 7883 689943
3959 9344 368207
1750 2937 530924
4511 953 316075
3726 1045 543850
6284 972 398709
1529 9433 720977
9602 1249 884241
6889 9110 784833
6741 7087 1138648
5946 3708 47045
655 6078 1936278
648 6790 504470
4726 4023 979899
2262 3287 1114808
7042 2041 101669
1048 1514 2094177
3746 8883 812209
1085 5829 962721
1591 9088 221512
3696 1177 336876
2410 6045 111434
17 2028 388116
3837 9333 844882
12 1573 775944
133 8008 1168121
1623 2706 5752
9563 4019 1672462
4934 2240 2793626
6769 257 402179
4910 2643 392290
3772 7891 312490
6033 1849 391132
2036 1431 873608
7775 582 203783
3814 8646 276466
1807 1905 239174
8915 6744 94562
2901 9372 1353275
3104 9789 203849
1422 3536 2440678
3313 1635 2043010
3857 2966 42462
3145 1838 158693
436 5559 173356
212 6657 18898
8816 1164 1706817
4072 5119 331904
395 6319 245088
5889 6103 44545
4268 8127 1063668
6082 6880 135906
5292 5250 721037
7859 7547 448044
7490 944 1285731
7044 5832 121366
122 2865 44969
4218 7837 138472
1286 2374 335619
6602 2473 1712703
