98
9335 7489 558695
709 6824 826849
7078 3896 1261654
3052 5786 3029695
4911 5261 766833
4931 1899 1904475
2576 9309 1772354
1958 4855 1746553
2643 9653 1840024
2186 1234 529318
4925 5434 2059458
1778 2144 848746
2166 4337 317274
9543 1685 1350240
9659 5404 96239
6549 9613 1998522
2051 7391 173354
4357 7569 134722
9789 6184 5238931
5830 3860 2296240
5339 366 591765
7820 5429 730747
9832 7381 290310
8278 9414 301879
6835 4320 950727
4174 3709 298091
3140 6162 103442
1612 1269 2624392
9079 8271 76474
960 42 1158716
2165 4345 1662171
9927 6060 119743
1892 6391 793411
7028 1383 990418
3218 4669 860441
8851 675 353736
1092 8048 1908375
9739 7890 3443053
3089 4075 750925
8896 7839 1742948
5962 546 1227311
3651 6427 1069137
2256 257 201822
9958 3467 182686
5463 7944 1024622
8771 8318 465248
9672 7080 207946
6209 5835 1057105
4908 84 3500283
3792 9534 646680
7519 3333 39343
704 2111 934407
5220 6889 21584
6763 4679 4287919
1555 4930 519887
4078 4218 1323053
2450 3013 620100
9231 950 524575
7748 6659 351418
1719 6563 304598
9460 5677 43218
7559 5626 837066
1384 3076 1814009
9998 746 707812
3707 8579 380872
590 5908 134941
1886 5274 1613695
1996 9973 1065118
8846 8666 238192
317 2029 1772636
5233 8526 175040
5278 1400 819551
1653 9172 1927753
267 8499 86471
223 3641 158832
8233 1837 98426
7555 931 127148
4485 8571 120316
4799 6473 414019
2952 740 2428399
4802 2213 1002835
2620 7863 3105061
2756 4259 691105
9407 2987 18195
7787 7326 912587
9422 9779 214022
5453 830 320526
9219 1103 2768181
7800 4419 1490389
4507 6703 294944
2217 8817 1184322
2555 4902 203534
9924 2441 1781654
2661 5328 457905
8494 6982 386360
4587 5935 897479
2101 1171 1855820
286 9792 439903
