64
4316 2074 1041098
464 114 2136784
3065 7098 570858
3960 28 20183
4856 5542 8287229
9430 2663 487228
2240 2319 1540591
6037 5077 136992
7594 9269 114560
8422 4646 53329
4500 6475 1769172
7372 3918 164398
9708 4677 4001959
4640 7618 1964111
3437 1421 202700
1959 9735 1120412
4645 4668 3538416
139 3978 646336
5986 2169 1396534
1612 6849 818233
1124 8701 1030678
2579 3472 29035
3262 3188 4384560
9847 9302 409557
5045 3866 76522
1017 7781 525427
8933 8080 1245054
5121 5651 3841456
3513 1617 339379
4877 7087 2596539
1928 1016 1066288
1935 3148 314163
6261 1153 2050284
7094 6825 153425
2639 8567 4674553
8857 8651 2446547
271 7922 1299189
7495 9480 207432
9904 3440 782031
250 8917 1279228
1552 4043 1500626
5207 3916 2089346
5329 7671 1034879
199 729 647500
4872 1686 1195540
8753 298 833178
4993 7512 3016883
9707 3975 172918
8363 1249 1933848
4252 5560 846550
5190 9116 854545
3882 5369 2521858
3323 2885 3042157
3425 3628 883571
9344 3490 6302408
5251 20 2522888
1579 2717 3006629
8105 8902 723410
16 6704 360066
671 9843 1453765
9222 2353 1830138
8305 6050 1719318
2283 9766 830568
6486 1051 1914941
