143
4636 5088 142192
3090 5459 1083191
7919 9366 235158
2158 4372 757374
5064 9927 952437
177 4322 3181247
2495 3838 538229
5756 8709 476428
8007 126 66021
5661 9579 444161
7133 701 622910
4376 4506 2383697
217 1672 645340
6375 2953 49283
4166 5074 1335349
3465 8698 164718
9406 4347 699141
135 3489 525275
231 9751 532423
3249 4267 392540
3098 6462 472136
1092 8986 1326552
7232 1351 407484
1639 3816 154399
5695 5586 7289
6059 609 181721
9832 2858 99412
9898 255 112046
1593 6142 209460
5546 917 2437065
1578 3089 376398
5317 592 693130
7063 10 65599
6339 3253 1029587
7122 5668 6788
5704 8039 196398
9764 3533 1275260
3396 1796 1218529
7858 460 507276
6658 3426 716636
5028 9607 89931
9799 50 46291
9520 8488 368300
9972 6142 2804
4138 8843 49617
5468 3592 438247
1039 8506 256891
637 810 2814425
8121 2263 356116
3352 5336 598785
596 1666 144880
739 2624 352264
6137 3135 1231255
6662 3390 35956
2208 2546 69382
4251 5240 112239
8239 726 269966
5282 4198 339594
1134 2009 568998
3513 789 705253
1839 6086 458684
8936 2025 891422
5265 5777 382314
7794 6734 1087130
3330 3762 1089854
2599 1465 1637287
9007 7291 1087218
8372 5135 335530
3727 1156 935229
6025 2063 1440607
1211 1984 708571
4783 8374 635187
6977 4267 401051
2265 1212 1097311
4024 9770 47168
1222 1757 149942
775 4087 470305
5378 3165 183063
1062 8141 1322929
5837 9892 2000682
8181 5159 572069
5250 7465 1555507
7776 8365 73700
5262 9883 293732
7725 8937 984375
8338 9009 142341
7584 1238 743122
8629 2103 1236534
4599 6374 1441738
580 5703 1082763
8036 9197 836256
1969 4703 297629
4933 7450 613574
1393 5183 207630
708 4443 653647
3553 2375 854713
3990 339 702514
7147 5788 1199723
7709 6404 104687
2165 2738 428580
2819 1891 167383
1657 3487 1659754
9252 6108 400176
7909 6142 504900
9927 1354 2081684
6087 352 829001
3652 8765 1680949
4529 9886 199395
3997 9079 1621494
8329 2123 1498730
3004 376 221447
7287 1093 420934
645 9561 206572
4696 1254 269762
6774 5887 1180478
7821 6356 1557375
6261 4042 782183
4604 1484 427647
4445 7418 33943
601 8224 314361
5958 2096 1115332
3212 6970 1641792
9326 7729 411744
7950 2240 1308413
8700 1701 1248909
6926 8438 1982920
1756 3888 960165
5271 3232 122916
6951 3392 43367
2717 6168 2199491
8939 3364 531792
1673 5360 203571
3677 6493 3117034
388 4288 232671
7949 9877 103063
1521 1365 626094
847 8384 403713
4106 7375 484392
7530 3209 23802
2357 2694 102161
5053 1713 155021
6325 5756 423175
4854 5358 542503
