54
9657 5529 182438
9394 2964 6138569
1133 4359 1478251
4182 7866 4157481
5837 4439 215901
3840 4149 1363032
7600 6359 585016
2243 9468 2573838
8427 2880 36607
6097 4671 3128967
9844 7178 172045
9273 2437 2162593
3570 5571 3594524
7620 6976 1515407
8434 1949 1405999
5532 2105 457844
59 2470 865615
8878 2453 159689
8380 8736 717886
1251 14 2478721
1841 4648 265068
4880 785 6252950
4417 6967 5968454
4036 2533 3402600
8238 2652 2948215
3010 741 58630
3305 269 1140995
6364 6992 1936146
7200 4306 1394518
1379 9278 1385432
7405 3937 1540003
1607 6967 665783
2939 3140 74413
1785 5171 1351607
5924 710 4880525
820 6797 4004702
7861 4928 755398
9492 486 3252088
2678 5678 729099
2156 4830 651256
8494 1599 2593057
2352 4120 1261756
7254 4405 883530
1604 2055 1715306
8385 5451 3030138
8359 6118 1522359
1027 3704 920940
9085 414 1448601
8114 7478 1903557
108 2944 2091165
2181 3230 891614
1317 3716 69253
5337 9444 2946168
4328 7283 2674251
