109
4033 6405 769160
4726 2591 1573379
2201 4714 1037993
4142 5301 751187
4092 7772 274917
5439 8522 7390
7165 548 741123
1223 1273 1250851
8877 4543 2471121
9613 3555 4165606
5318 3295 557647
873 9434 1340703
7965 1413 244295
4814 6550 305435
1354 786 118297
2795 2821 28252
9513 2366 3629997
3859 7270 1287817
6560 68 381922
6953 3763 3501300
7631 5900 1247814
9052 9322 240920
3688 6057 2536507
7998 1739 383002
5353 3702 371866
1751 952 442693
4267 8744 940857
5800 6237 479078
7204 2521 211598
4400 9200 1587670
4724 6340 685057
1842 4917 2630083
155 6214 521097
5278 6081 1068402
6046 7456 299048
1422 9003 1775868
4489 9675 1482956
2878 7578 676232
2957 3033 1105676
4354 5393 970059
7586 6624 574776
1418 394 1311220
7443 6273 771505
5974 2749 171940
8768 5422 16321
7705 1839 11865
8727 7195 1338657
4235 2395 5358
8301 6433 1635501
5907 2432 1474997
4713 6600 839234
5913 4038 1439585
7452 9251 522200
8393 5974 651586
8656 8752 143612
4022 6068 1968431
3016 1330 753042
8862 7065 570835
2100 877 503549
2809 6659 1749581
5452 9009 1394174
6752 8590 1380538
9481 8311 855403
4860 7342 250858
8099 2418 1381
8704 1712 230075
7806 1848 240303
6249 2530 1370487
7759 7736 1472523
2618 7853 204120
3166 146 2046502
9307 1132 380854
5549 1490 834513
8850 5492 590863
3091 335 142250
3049 2256 986245
4269 4073 227458
497 4350 354785
9668 2159 628690
2107 418 1011346
1945 6264 322958
6525 8500 173197
1495 730 266306
9626 9625 235556
58 9281 1893679
4972 7627 644550
7816 8987 1846119
1816 3169 163698
3682 1497 3209817
6267 1757 972086
3694 537 980159
5882 4214 919917
9163 1159 44721
7015 6537 519922
1374 8837 313858
4057 919 1335360
3642 9308 1262356
8681 9111 328710
3621 6813 468590
3670 6547 1122090
8919 5836 1445284
6527 3448 386579
2235 4932 353265
1409 973 378923
4520 9803 1691612
2561 6400 2697327
4855 975 464443
6188 6192 104895
5057 942 301985
