115
9425 3232 47557
6564 8573 1899041
7932 6110 842530
7624 3379 1919188
8397 8046 1062362
613 155 61057
1862 8158 184333
2927 3526 106412
3299 7743 2354052
4552 3690 543256
5512 8269 2010875
4922 9954 289111
383 6700 252837
5881 9651 8657
1242 9498 3227599
6049 716 1139862
9778 9709 197396
3579 440 454114
5452 3642 69087
7337 1944 1557645
8282 1980 958568
9973 2966 933651
2163 9692 765718
7819 9784 842497
8375 3327 929837
3858 6621 393333
736 2570 141138
7807 930 393507
7088 3164 184585
9226 6259 1054557
1909 2170 328872
6951 9604 1469457
7071 2132 938594
2878 7801 435639
579 6083 665589
713 2421 1320946
9667 8502 1036749
1047 7350 658912
4059 2030 3201866
94 6419 363692
1955 8433 16973
3943 4781 76091
5451 2850 139439
4972 4273 948293
3403 5852 261340
3310 3027 598821
2620 7634 920492
8567 7248 5768377
8041 7516 533306
2906 8087 2745022
4248 9443 2073274
4947 9354 220881
2977 8518 1539716
2814 680 608719
9725 5788 3860417
3796 1010 1975965
5951 2854 308318
8287 285 97994
3713 4742 250571
671 1248 1984169
5742 5664 990857
5603 4768 1192237
3036 9548 655064
5876 3383 465450
7172 3174 766900
2035 4295 523249
5162 6040 663530
441 8792 1418170
6928 3964 273748
7891 539 915195
7254 2350 897602
6929 7864 1450207
7295 2499 865295
5558 2184 2052151
9286 2338 538190
5068 5778 341109
5782 5702 1559366
3997 1077 1062029
9889 8051 105313
7485 3609 1329366
795 4100 684494
1955 1964 496344
364 1704 607238
5573 1308 1173630
1912 1687 103107
3549 8384 24130
5301 4448 71508
2040 3691 960324
9696 6827 470968
3682 3375 184236
699 8488 86719
8105 2142 1546415
540 5823 895902
3288 2932 70039
5296 5620 852061
7349 9482 1470894
4521 3406 1143293
5273 8485 2014175
9578 7535 289731
3408 688 462232
9218 3536 1217248
1337 6982 550853
5862 3009 48424
7628 3474 482878
3372 8584 295238
5586 9842 83619
1499 9601 1184321
5320 4479 430175
3437 3721 120554
6399 6767 15491
1743 7100 555320
6404 6103 862981
3039 1198 1898557
1063 5647 148575
2225 4544 260442
