84
8177 6660 2488737
898 3267 330425
4274 4373 488807
7162 1584 112747
1712 4014 409568
7922 4994 2405605
6976 5039 1320077
6103 1892 151325
5779 1302 341353
9831 2495 144025
7139 334 1086489
4340 168 377897
2787 3598 425467
4454 2176 2145265
660 708 1305749
1943 9425 151300
7775 4732 1624909
8785 6458 1329362
7463 3373 322769
153 2465 1967539
1631 2409 1193896
2546 2369 1767901
9378 7515 8696846
6259 2704 262898
2357 2282 1590487
1975 9496 819495
2800 2429 1398113
2589 1580 1568884
3310 9510 1467612
8356 6374 1668108
2672 2718 3741055
3343 4319 991553
7771 3936 1733236
6413 6720 243034
4794 1669 272338
8852 497 28057
1626 7871 2317478
3599 7625 1040077
6292 6164 2000792
7674 4960 604991
4656 4366 60418
5531 3174 373436
2122 2219 233289
527 3371 2939829
2293 4559 728203
7741 8460 114913
3704 8451 1279435
1914 1957 41007
7124 5768 150723
2768 1897 3197523
1330 1387 1411692
6494 9753 629683
4628 4403 2355439
1305 3299 818626
9384 24 309645
6407 6307 153459
8827 6652 230446
3225 1681 286286
5674 357 412784
9606 6144 1570911
9795 3952 2325466
9929 6666 2744480
7588 3292 131038
9723 738 1165028
9296 8190 1338600
2439 1173 132730
7759 8318 1196280
2507 1650 4727884
295 4835 1025689
207 4694 1009501
3609 5129 316859
9201 8621 1524
7035 5103 58126
735 3449 1269095
8597 5547 271945
1887 7130 432766
1854 6965 4060011
7881 7707 3370448
4758 6517 1783795
7927 5663 269256
3722 1105 952251
8130 9079 1134058
4484 4972 523249
1792 8564 125908
