99
8224 4856 3367508
1875 2812 380150
9506 3593 1374518
4193 2221 21519
6128 6771 169120
2161 264 1365440
4825 4506 971537
4477 8936 339861
962 4672 1322987
6192 4342 1570561
9072 4808 445165
5755 3795 2007455
5698 6314 782558
720 2852 1827971
3394 2792 1712842
4896 2572 4757171
7203 2104 1420732
7303 912 708787
8258 4393 2259072
4707 1785 297462
7848 216 744990
1171 8325 407223
5023 4344 447462
4080 5541 444399
2452 5817 1679662
8499 2552 3501131
3145 4172 624037
4651 5843 608015
6208 9796 1230158
7368 4337 799870
5554 8598 116648
808 5231 234029
6760 1761 154682
52 7569 13317
6734 8599 1203024
8178 6629 3956040
2055 437 468810
1074 9977 87823
4462 8738 827411
9848 6884 702022
8920 1717 1519401
3698 7587 86051
8694 1161 182506
9239 4140 1218811
4101 92 485000
8983 4618 264189
5504 109 1260613
6976 3280 1029421
6681 5627 249244
5080 2621 965845
6926 6907 1085153
6030 6456 952059
7764 3993 1720412
2264 5818 1761328
5835 3151 2971197
4548 4084 199766
9775 869 228152
3168 9643 405027
2062 2004 591671
9313 6634 2596860
8637 3207 508496
2288 8399 2104685
838 9425 2587764
6405 3860 1322034
4730 6795 540146
1363 4416 323287
8241 9976 13521
2028 6448 82376
1242 372 1187161
2568 327 565420
236 1846 619687
7630 4108 2073029
5532 1646 831746
7846 5792 459443
7540 5072 254527
1081 6219 1178481
5246 9827 3527714
1034 635 87055
7245 6233 1420778
9119 4509 345443
4478 9929 1253726
269 5265 160516
9734 1237 834586
7960 565 2095853
6922 3146 1260465
2148 4856 1618372
5384 7811 312482
2431 732 610368
437 4264 750671
1007 2420 110571
3378 3165 1092074
123 4093 830564
3110 7587 357391
3329 3664 376269
4761 1159 480860
9919 4148 502174
2217 8501 1507099
620 4024 438278
6269 4165 249013
