93
3172 2686 4713401
359 4323 1342176
8495 6736 1575170
6977 7812 494342
8116 9710 834913
8548 3594 766429
3891 193 3217639
2653 2634 342980
3018 8053 384163
7769 8591 127482
5936 8088 569464
5508 2975 2820961
9442 9419 29124
9307 3868 465439
3669 644 2386267
153 8748 1052875
9007 2977 1572189
9690 6093 29193
1674 3883 821290
3899 8388 143456
5458 575 646658
6143 8187 767763
6582 5213 2287537
2082 868 481421
9286 9554 1416401
5198 6797 337681
7159 5904 378363
9800 9177 657928
4993 1716 84772
5632 1402 8614
5161 7783 521767
4786 6037 747076
550 7144 863693
7415 293 1329390
9929 1933 2051198
9843 2790 379120
5570 7027 2015007
8541 2212 127486
1435 6928 1300527
3686 3244 701627
9991 5628 2894895
4952 2958 132163
2847 5522 442896
5542 6400 253265
8981 3536 1351329
9029 1666 32964
1285 6673 2244482
6078 54 1403093
4987 4383 2503380
634 2752 960011
7803 7776 665156
2157 2447 1520459
692 795 159575
4384 4450 494741
5900 968 510199
4225 9741 168567
835 4714 627962
9854 7341 1310171
6443 9432 693594
1239 5036 2111023
6926 1975 1103316
3706 6000 248976
5293 8787 504987
4825 6977 510081
4982 6515 267428
9332 7124 24888
7528 26 256148
2048 7471 3351253
5884 7697 538879
8966 5569 487865
5096 8671 1092420
4302 7524 1282602
685 7790 1072395
9150 8167 2888630
2285 90 210880
9117 9851 2531720
2185 6261 1142889
2455 8991 402329
8801 3533 61214
624 8447 104420
4128 8710 3671450
5779 5865 808635
2478 5672 370587
7381 7183 452927
8611 5393 1241693
2405 307 1752096
4955 4905 3507634
9501 5723 875713
5076 635 289127
1310 7559 4028580
4548 5140 3196141
2671 4809 282420
8916 3924 166770
