62
6617 9434 3020287
9458 5675 1891967
9020 6894 1166011
1283 9006 3190273
1193 2490 34179
889 5362 898593
743 3708 94176
5180 2411 882790
7086 9694 129494
4496 6185 4460268
9339 4642 432428
2564 3839 1404866
2625 3133 570215
4845 413 1339294
2719 8814 2122398
1507 9554 1523916
8928 6834 4495386
2451 9788 2969614
1168 6756 203639
8661 8517 113845
1394 2547 453882
5651 2189 192389
2757 8133 1020389
3011 5051 2873857
2701 4054 279754
4723 2777 616830
5048 86 1204124
6885 2260 460747
1452 4127 829472
5099 248 3505077
5398 4086 976680
5068 6067 1370912
6186 886 307585
5969 3827 1252197
2947 7577 1784824
3402 9483 822944
2347 7688 6211854
9053 1467 6491533
8346 3907 5876734
3754 4089 2128764
3086 6962 216326
4467 6124 4720975
2560 3795 209126
6453 1738 3416132
8651 2928 744459
91 3516 1574000
8952 1642 1281780
5419 4657 1085897
6428 3949 500156
8943 3715 1126588
535 8190 927741
3542 469 2210801
1095 4282 787448
6195 962 139887
8251 9970 1436312
7086 1892 166553
4876 4312 1689486
5961 1228 583796
1035 5188 2006326
6656 6941 2274551
1132 7069 1167681
8278 6070 2129792
