60
5110 8538 2726871
2196 4999 3541956
9865 9866 639844
5511 1542 1122874
9015 3133 545699
7727 8284 1735525
4424 3807 1558241
3722 4419 1133338
7633 6562 92107
5168 6739 434909
4191 4987 8547660
4456 2361 112508
8988 2907 2072614
7387 2102 869585
359 3964 2899785
8821 2036 7166161
6804 5322 1075311
5495 5376 1856099
4665 3838 1088691
9257 9882 147287
6292 9912 949515
7571 2325 4233250
2858 7299 1130696
1603 2105 25333
7584 3134 289525
5323 4779 789250
9565 6764 440480
8879 3892 356400
1743 731 58756
1058 3910 4201267
8978 798 827667
516 1581 1404787
7316 8559 663122
6366 8652 2013887
2400 6411 451455
64 9325 1143112
1733 834 2498984
3457 3684 520706
9051 4510 697147
2123 3468 2950940
791 7487 242743
895 9319 3907348
4116 423 1293622
5112 8821 1391755
6090 9748 13553
289 9290 272459
8670 2289 335249
6195 8532 648945
5075 9487 194933
9275 9587 3431693
1684 6807 2033702
1220 6409 238673
7728 8182 879135
1600 3464 6234543
2190 4446 4612016
9570 14 954331
3458 6591 3635935
5287 1927 2859521
2703 1723 1094366
5578 2336 712134
