129
8889 1914 1366757
7725 1766 452034
9768 2679 638025
6140 817 521297
5073 7669 1539174
6945 4572 2789889
1636 4292 258487
1838 1734 445014
1644 5997 1083137
6514 3499 137134
2354 5362 977136
6518 5645 68753
9711 2939 1646229
8920 9732 1316234
8495 5399 1240324
1397 8280 720876
1098 6121 568166
3961 3770 383387
185 2601 2167397
6239 3369 185442
5738 9020 268110
2275 2573 1495228
6852 8637 661592
3891 8614 463901
2882 3881 552951
1721 6936 769689
1721 4224 859417
2872 1214 232193
7745 2912 1001984
8214 9703 3154348
2071 5343 1122161
2353 2237 1989184
6508 7398 314028
6700 287 450097
9635 905 2043131
2352 3844 366732
2565 1471 244891
7896 9810 1897327
1529 1087 160178
9380 1594 2026070
4664 9875 178488
4040 7395 231109
2327 9671 442327
4901 6822 1247463
1284 3692 91026
9271 3593 1574560
6628 2244 219467
9875 9797 416340
5127 210 103450
6476 8896 80837
2023 9337 1400200
1161 3802 904656
2939 1200 490540
8991 7019 314161
7143 7374 1855906
1607 9824 5777
3356 7308 189379
1110 761 827700
4878 7915 489197
331 9953 979816
7464 5152 1273709
1375 5026 331223
6375 689 342214
444 2480 1096647
7920 1022 503505
4799 8014 66683
8874 4530 1071566
2056 1406 219766
9756 3038 139484
2902 4999 2782294
9842 5997 100898
4871 7872 1614492
9951 5736 743123
2090 7464 771158
1754 7490 1255414
9075 66 242520
5552 9205 773108
2748 9302 409189
1316 7334 173233
178 2790 689880
403 8727 603002
8476 3493 2469
7482 7921 1310860
4859 8088 417777
1740 199 268353
4078 1212 86199
2394 713 1180629
9608 679 1645667
5838 8649 1373042
7637 808 842430
460 618 234115
2490 2895 1829132
4194 6799 1399913
7902 7867 1244607
681 5244 501928
9623 5875 350866
990 8492 467544
6380 9382 964481
6859 5734 1135066
1180 226 803658
4698 512 796866
8797 3417 1054617
4074 9267 419657
5205 6112 217858
7520 8548 575
5494 2249 174968
5182 3155 2391012
5234 1396 52892
2576 868 171468
5935 2351 676428
5554 7183 5393
1324 3634 286161
3968 7330 59057
7783 6114 52806
379 5387 969934
4751 4385 276196
2739 5615 34966
9746 4656 224163
2419 2170 22420
9032 9183 1354325
69 4636 736810
3864 5790 1898646
7217 7910 127790
9829 7772 1888380
8892 7905 1196812
9036 8042 694045
996 9145 1142808
6574 7160 252878
1466 1532 937722
