54
4646 2189 2209336
1188 3375 377813
3619 4087 62045
4599 8394 39639
2790 3062 1703471
3417 5304 1141367
4017 9840 2037227
9652 9994 4402753
5392 1537 4866065
4527 2888 293924
2709 3420 3188600
2690 9994 1145848
9033 4110 415068
8387 4938 2263021
5489 6023 11756
8385 1262 872549
6480 3734 984448
8593 7551 1478517
7831 7427 5061844
3813 7275 37453
2060 2323 159437
8801 8632 360117
1310 1471 2277471
4253 652 3635466
8779 4284 3422630
5328 2831 2536663
5793 8766 1439103
8002 3759 1579129
7695 5367 257783
3356 517 3355584
6607 5080 4830994
9364 7783 708052
7526 3274 1659557
6857 6422 1117099
7475 7516 605175
602 6913 1925
2851 6405 2060687
5058 5296 236203
4599 1181 2644717
1935 575 1666411
4118 2946 3739531
9854 2301 40108
4013 7010 733046
8145 3468 9418185
5311 1985 1971383
7988 3864 2631920
5554 3008 8867
4667 1575 808258
4955 6379 554712
5625 1255 1166732
4229 2693 1733742
7042 912 3776592
8271 5942 1541429
4585 58 4728548
