66
5194 154 461383
3840 8705 727104
7527 631 903537
7420 1281 236418
8570 1596 1581317
6783 4571 64026
2421 6393 99487
5888 8477 5149304
9085 4011 667035
3671 1075 941796
5117 3312 323437
9606 6625 2494474
3905 9103 7143835
7586 4691 4026862
3999 6084 2257162
8146 2345 1668890
4828 417 758944
5468 9945 477394
6422 3095 991289
1453 6904 1132810
7195 2122 1727680
4825 2841 313397
3326 5287 113632
2546 8174 1892803
5595 5817 2632293
9429 8369 1436538
4633 517 579407
4585 2829 408516
4888 1403 3273022
1299 4109 523815
9734 8619 1088626
6022 4010 2491574
9585 8987 788215
1063 2544 2022728
3645 1148 395332
5353 1557 604030
1496 6725 4140294
9185 1935 225417
3649 645 1133034
4254 4657 730471
3077 3158 565771
7690 1398 372691
6662 7178 2815757
2229 9066 1909840
3404 5950 1057504
9705 4877 434161
9808 430 841686
9702 3646 662201
1828 569 1424611
4172 3975 1520486
8533 6189 667210
8925 9497 670171
5955 5261 1109180
9168 6353 1571785
3833 9953 881830
7285 394 1173452
5161 3636 115743
1223 6411 2753996
104 1744 9150298
5343 9658 2960862
7623 3530 3175
9354 1825 3904983
9858 7842 1096424
3779 6488 1093718
3519 2029 1602664
212 4478 1012473
