62
3769 2501 279153
5812 8221 1045574
9335 2333 976212
5228 2587 2975732
254 4580 884281
211 9515 1828382
8100 3994 301623
2576 2660 267456
362 7978 1868444
963 1511 1506197
9653 8267 1560470
4687 6434 385509
77 9014 2849568
3694 4085 2601778
8631 3330 302909
8687 8129 380306
8386 381 735549
4628 5600 4768181
1635 2755 1816475
2520 4692 320910
7152 9020 44957
9902 2776 607709
8272 2156 7281424
1595 4020 644191
4414 106 1126363
7226 6939 1656687
1656 881 1050647
7136 3627 267646
4170 5059 627621
392 6710 2378259
5542 9360 1660508
4363 5423 1716226
1751 380 118851
5682 1221 1298230
8210 1962 2911567
5039 9316 2139086
2366 9128 5230646
6335 9835 54168
9366 3254 2917470
7289 6588 2778027
5228 1298 2624798
3892 1873 398513
107 9302 46864
1780 9911 1272330
9208 9262 325668
4684 1256 1102345
9980 8760 1806819
690 256 1520931
5818 3558 113609
9922 1411 731507
6682 3973 2677500
2133 3274 2764456
6855 9521 2868600
8852 4380 1478756
4855 3533 1011052
4460 1719 1081246
166 1539 313508
4129 8147 143187
8343 1531 2191956
9963 3023 7819396
1161 4647 3448635
3967 7737 93332
