109
8329 784 36932
4223 9687 1561732
2925 8345 1515022
6090 2561 680585
6908 7057 2366573
7618 2720 2970695
8906 8502 171701
5434 2689 313192
9589 4172 461584
3356 268 729859
8376 5655 2324186
9002 2284 332826
5413 3272 560255
7473 7642 1735364
2299 4408 2236206
5367 8447 373272
1674 8829 128019
7820 9213 1986083
2280 7529 871807
7620 1734 809251
2460 8682 1198316
3210 3507 47383
750 288 1358011
4197 5810 2963019
834 208 1059171
1741 4546 1673476
5233 9725 136467
5439 7554 801658
3445 9345 558485
1284 5675 1107496
5351 9635 316739
9886 1560 608294
2840 3111 523681
934 5133 350124
8791 9154 1297345
5225 732 394017
8437 2448 825168
9817 4466 4688640
2488 8801 625211
1037 8970 117694
6900 1620 10742
3166 698 44064
2803 9515 460857
1346 8432 225024
5839 1454 333530
8169 7076 1040661
3667 4146 643975
3000 3810 786302
3485 61 136234
2761 8345 2182667
1079 9390 900377
7929 2655 34860
1418 7185 388571
3029 7139 215492
5127 5095 230305
9693 8919 762230
4046 773 669239
6494 6009 495250
6805 5676 1174117
5493 550 470740
395 367 1116866
4681 8731 178625
3432 302 2989953
6359 2811 1094811
3634 9198 2083898
6357 3311 252543
5445 4845 483173
9930 7381 1350499
8543 3745 20511
6725 1401 1464502
8722 8243 518442
9710 492 525525
3282 4131 68632
2566 1042 629325
5198 6389 1608406
7661 7639 1558648
2250 3455 377398
1418 2054 1579894
2755 4496 1544514
8867 5003 768503
5272 8941 57852
7074 7054 651937
693 7224 1513253
6530 858 487795
6273 8791 318953
6823 957 409578
4951 6143 293875
2359 4573 743636
8327 9410 883718
3887 9294 3857349
6419 727 770381
7877 8307 316912
5561 3257 605319
1957 498 631939
2235 5327 2783247
833 7373 1626039
3021 8824 64741
5040 4024 1006032
2296 9187 290547
8988 1557 217531
8826 711 1256609
1395 6843 624162
2064 8420 5671
3607 7938 1001730
198 4041 671698
4283 9270 909039
8548 2640 1747141
157 3757 1096330
4639 4908 921542
