56
5156 1327 595391
5800 1059 3205180
3673 440 6263627
6510 9543 4884624
6286 6145 4410672
1732 8177 2563561
6712 7215 924639
5738 8433 1262121
2517 9625 2808829
49 1682 4482239
2933 7133 1016962
4043 4157 2909076
4755 9670 1871816
4914 8569 579485
2819 7152 15737
6747 3960 543311
9301 6560 1676390
9109 943 1137125
400 960 1538866
1723 3139 3593364
572 9293 1076961
4964 8742 368599
9686 9979 1527894
7252 6025 1948417
5996 9880 680589
5050 1345 41660
1794 7500 114133
3926 692 1495431
6949 6704 988790
1823 2886 4892039
4 3016 250944
7478 6828 1317927
9996 6340 3949030
905 758 1003339
3226 7050 505646
922 3828 1078495
4572 8989 2504927
3084 3077 1234728
4497 7141 3384040
951 3162 731948
5215 9340 1562595
5120 6625 2231054
6962 0 1345556
6913 3094 539376
7008 7905 662746
5079 9166 378766
4916 4973 572230
4277 7083 2240083
5247 4041 2043042
863 3513 2231932
9364 2506 28971
7368 5189 4064597
2468 8243 1055571
7559 2451 1290123
9534 1328 3944937
2031 6139 429869
