74
7269 2406 490054
4166 156 618277
2782 8097 1141717
5286 5441 614862
986 2729 1601028
8988 9802 1603922
4198 2837 517094
8839 9818 541950
6127 9080 779123
3336 3457 3307566
304 5106 2084643
1050 5661 26362
7070 9953 2226300
9962 7387 273576
7304 2801 2517730
2676 46 1860491
7170 7736 117925
3615 836 137123
3109 4156 554716
7258 7620 1140431
1473 6659 12700568
5289 7634 327411
1385 3365 1589752
5658 1849 60781
7604 5627 305418
5322 8976 439183
3395 6335 1232309
9725 8808 2008965
6123 9957 101200
9319 2307 1988966
8051 7596 476816
293 3883 2547426
4476 7726 981607
1824 8132 3610140
1675 3565 828681
5887 8655 4954320
7385 312 3490897
1926 1900 1583345
3096 8816 1531309
1520 7972 886454
2114 1758 201326
7675 735 806135
4943 2188 885668
2026 15 2573234
280 8632 362708
110 3078 148291
2323 5035 376751
3239 8357 692201
1010 6282 48212
4366 8667 4288460
1833 579 199969
3812 5339 1822365
9253 5301 339383
4852 5613 149608
2567 8060 1629082
5326 4289 510469
4907 6031 139669
1339 8991 1966577
1945 7753 2725333
7705 4730 2636767
3432 7025 558180
727 9453 1264467
9451 9580 267460
8749 3557 1000845
4635 221 583942
8749 5312 515298
1705 7872 370299
1453 1209 1238345
8795 4649 536504
2404 3323 1630517
5488 6501 957946
3536 8182 489602
6504 465 30446
1875 814 4253503
