149
9753 8993 1333825
8504 3131 1920441
176 8193 672743
3700 8150 199109
5951 1418 632109
7302 2601 1304031
2149 4791 471898
2739 7813 468652
5578 5051 1005236
9647 12 491523
6351 1014 69762
621 4562 741251
5284 1348 285977
6606 1319 66384
5340 9987 799689
6939 988 490860
2317 7449 2019503
5862 6573 575500
9369 3654 686813
6656 7550 972305
8054 2560 1604444
6076 5756 384809
7522 1620 35513
2852 5767 763686
3909 4155 250734
8869 3383 232335
5902 8033 148708
5180 250 762713
9689 4250 708077
1158 2294 968173
7918 192 271521
729 3542 256962
3475 823 417659
6879 4300 1446302
3065 1597 228332
9544 5885 239213
1581 7172 493142
2290 1885 271522
5813 6382 1526485
3907 9730 291277
3672 4452 819801
3886 8446 541228
4741 8508 163383
3887 5458 493118
9805 8128 1452519
7257 1410 431448
6701 267 1239001
4804 4083 1552963
8679 9407 354239
8357 3744 2056548
357 5643 1999571
8263 5097 2320868
6707 3006 738879
4190 8087 373610
1433 5449 380335
6751 3478 194728
794 3457 2134666
7081 6428 182332
7755 5945 973966
5145 3902 117448
9891 6250 330819
1039 6077 226728
2927 2281 839432
8572 9761 83451
2079 6084 82735
8409 8303 543878
9894 5818 672414
3983 477 681278
4259 9500 826523
8831 6165 58813
6140 2213 1695760
4754 4091 12361
3151 2451 579228
5829 8658 263364
5559 8608 402259
8047 8937 773089
4789 2718 196916
443 9215 456246
7986 6627 80294
1337 7313 11171
4141 3602 393909
1370 7993 28853
959 2053 36143
9875 1006 135803
5106 7764 433927
1492 513 681817
2157 9011 2547641
80 3180 569095
3023 4079 347874
3383 5154 574721
5839 2817 984688
1736 4472 981900
4176 4460 310037
802 6981 743983
2993 891 74554
389 6935 94873
2902 4313 505819
3893 9696 2132080
4537 6909 147165
7207 3536 71672
6174 2590 916100
1756 2678 986304
8075 2332 1714152
3688 3064 2025074
3876 4734 48858
274 9652 333467
6482 4643 275145
6201 7436 417671
299 8371 2205653
789 3620 180491
5978 434 1228848
1348 3313 45583
3527 8595 265546
3204 112 146634
3451 7033 272307
1875 1751 1371665
2662 1763 810301
77 3324 628999
1805 3687 62013
6777 3990 939494
7757 5450 538020
4665 7044 133610
8220 910 5625
708 3506 285836
2884 8862 137041
7635 3398 1269358
1432 1974 42563
5884 7255 581550
8035 1044 508009
8549 7070 127191
3886 168 1331911
8173 6474 1538114
4084 8561 1487646
770 567 1468177
4585 1436 392662
2108 1529 293361
4451 8405 1353333
1148 3124 261336
1127 7679 383802
8036 5612 1158602
8686 4717 855655
4754 8616 556840
6338 6832 1002610
9347 2738 193196
6270 5711 1891618
6399 9441 607784
42 297 78464
2276 7501 390435
6636 3951 608164
