54
858 472 95682
7684 8822 70708
8072 9208 1189574
3413 5290 366054
9017 3254 2324093
3022 7238 1437831
9472 4320 786557
3551 7005 262915
845 1996 1592222
7776 9541 1292458
3458 5530 275933
4784 7002 917784
602 284 3924260
1583 5141 2611030
9416 7413 1909368
1672 6634 4172140
1699 1149 954769
66 7722 1181564
5307 7112 650980
8600 2598 2362876
651 6916 5503020
4598 1026 74782
83 917 523724
4190 5209 2689325
6374 8086 1130062
1354 5239 5571276
7611 5699 546744
2696 8768 1450338
4349 9005 201481
4959 3101 1256138
2841 8002 116656
8125 4634 1199832
1841 8035 2196891
4112 4901 409855
5138 770 517470
1597 8353 2635761
6604 1984 1327065
1493 7626 1322666
9451 7219 5476283
7726 3508 5350610
1174 7272 571910
9540 8688 992475
6403 31 2381666
3667 1109 5243444
6771 4365 5482658
7805 5099 1191345
1354 4477 2245958
1137 9002 358955
5092 2781 4347318
3923 1671 1340439
4602 7017 6555957
9946 115 145222
459 12 1221682
6323 2152 42194
