112
2829 2146 8689
7737 2616 2500701
8152 4186 1289852
9359 1957 617527
1497 1283 1307763
9551 583 1329188
5645 5621 453294
1024 358 299346
5799 2044 243272
6414 79 2749181
7051 8395 180678
4221 1488 389527
3093 8755 646317
1267 6418 545723
3291 5463 170302
349 2275 3472481
5606 1564 257122
6626 7745 406784
6278 408 2016062
1288 7949 654530
4977 2312 395455
5647 3217 547004
6770 3658 2148447
2882 4284 3358532
8064 7925 492075
8093 2757 1278127
9878 1848 23693
8346 8411 1287616
5233 46 89294
629 6134 1595626
1895 6632 125194
4089 6836 37165
2567 327 859919
7150 1584 2926924
3333 3888 249242
8174 1459 247320
3578 1022 351353
5092 3242 715031
2865 4242 1901745
9538 1779 535856
1036 7605 625916
929 8087 1016437
3202 4370 2613765
237 2061 1693243
381 507 1263090
5438 1541 2518904
4758 7472 361001
628 1949 150514
5952 6153 3130405
1887 7988 213979
2269 300 839692
3829 4775 786641
7106 3146 431803
8606 2147 355378
4661 6873 868177
6069 7182 189297
3700 1123 227145
2836 9228 63761
9178 197 937517
5513 9380 809753
1230 6096 2272871
2423 3983 210574
6004 7597 126419
8797 5716 163659
2029 8246 1071811
3198 1791 11405
618 5381 1075431
9320 1086 519797
3921 3612 1740819
6264 3367 402079
8408 9578 1510006
5291 1102 1061030
8557 9501 461242
7362 2375 361207
2005 7095 449310
9341 2885 1638865
26 1991 245642
3130 7713 1201017
1381 627 199163
3853 7008 52038
2791 4532 280411
2237 5796 1409737
4312 1357 1144226
6701 1014 218467
6751 5768 655637
1854 9665 26907
1505 470 298090
7435 4851 544796
65 4742 1734071
7629 6567 1133972
1366 3062 118014
2519 7343 2350483
8604 4346 1014889
4742 4693 1138395
5637 5044 57286
3053 6419 1374059
7230 5102 470493
7207 6405 113293
5974 694 1852785
8390 5403 683005
4080 6926 483000
3926 7215 1140448
9036 7338 1667897
5270 8069 91659
2948 3583 978837
7764 183 264091
7709 3156 2321955
3404 6770 241373
8983 2139 2233618
852 927 899219
1714 2235 282321
8045 4537 201806
