165
635 8909 610123
2091 6454 354835
6607 8876 319243
7880 8706 635081
6903 743 1103773
2572 9494 154282
728 4862 73214
6417 8564 1057142
556 4774 68944
4675 3595 145626
5954 8024 24016
7016 7919 389608
7089 9891 674659
3055 9975 139303
1438 356 211996
5050 571 1400108
4350 9563 674466
669 7674 812098
7664 1070 352950
5623 2668 247220
5582 1106 1031936
7263 8353 1300427
2998 4255 790798
8755 2649 137650
6677 698 157320
7781 3976 1056775
7380 2025 1094008
3188 5538 2683549
1493 4069 16450
9319 6325 926272
3647 1643 28383
4391 8531 42771
5938 2907 2073610
8723 7618 52394
1520 2733 166207
5039 8271 1441884
3202 1324 347580
8373 3970 639534
4075 9962 377539
4335 6387 1412840
3611 3587 2535982
6788 2546 836298
8341 4299 423450
6069 2536 537920
4564 7583 589108
9641 9477 471133
8885 6242 697911
2521 517 874092
2430 3757 66873
8499 5795 1503184
4260 3104 1009890
5199 5579 840953
7328 7736 11292
6285 5029 1829049
1558 6242 684407
9946 9923 615856
8611 7328 1867307
7201 999 27322
9665 2214 79177
7793 7107 291135
3717 9069 309290
1616 1819 2401457
5429 9591 509346
7634 7565 523701
9724 8152 214841
9310 8644 517482
2625 337 533193
6159 1068 430991
3560 3747 1055419
6583 2812 194060
9109 6767 301584
2452 2747 570868
6809 6580 1690904
8231 4212 93898
7974 3419 62236
577 7861 904875
3000 5617 1080498
1294 2644 524942
5936 8699 663597
4341 3196 41833
2184 1077 744164
3526 2856 364697
2149 6235 2044876
53 4228 147575
8881 7384 1074931
5570 176 165252
3902 4359 179110
5786 376 563383
3065 674 157397
1448 2321 1719318
9792 50 66538
5744 4838 543847
9861 91 493366
9323 3832 99409
2340 3464 624528
4718 3836 67708
6368 9404 33834
4439 2498 225608
9880 7261 76967
5034 6796 434406
493 4411 2292099
543 1657 24069
8913 5137 144262
5554 7932 720459
5075 7021 10474
8878 4141 372257
7632 696 87689
1276 3311 5687
5657 2521 36542
4727 8701 47124
6842 8077 653699
5414 235 540556
6363 9737 1117143
5314 2113 2700062
457 1633 1074426
1187 5843 28257
6929 7578 171770
427 7443 356048
4105 3411 794316
6467 5218 35882
476 6117 477844
1992 8188 1798277
1419 1780 1538710
9164 2466 452083
8848 4188 542094
1129 3041 335154
1404 1245 1772818
4844 8501 70060
9323 5069 321970
7671 5290 125516
4907 421 1487846
247 9434 147655
528 9084 467701
8202 3135 522494
2123 9298 282541
1383 3350 274802
7437 9621 472531
2763 1620 816462
1477 1109 662463
8627 3583 41860
5688 3806 779127
9301 7655 244279
8263 8564 555209
9917 7723 730942
8850 9734 234937
5669 9628 44890
1267 5887 353335
3434 270 441406
4501 4177 711131
330 8171 198101
5518 9425 269458
5924 5355 249634
7108 8516 451974
4845 543 123431
52 8974 3426197
1343 5909 11936
9554 5669 117357
2876 6635 14143
8863 2142 825906
9025 5017 717472
1673 9573 295752
4980 1941 431833
1889 3932 350435
5449 1801 694284
9645 2932 432247
