86
850 7935 1547102
7070 2302 3936697
2934 799 161753
6996 1292 950426
7800 689 3833183
4081 3027 56719
8230 2838 1245008
4151 887 4459273
6330 1272 187986
1926 4625 509024
9506 2571 2509996
6917 1053 211105
9204 5190 401069
4270 2215 3971403
8398 6882 258678
4572 2665 769049
7771 4069 218673
5182 8706 715624
9204 26 1208402
6591 9112 554186
5705 3532 420326
6036 3879 691475
6041 3968 1495216
692 1681 686978
8659 6382 1553311
6066 59 2291500
1663 9856 226516
6234 7298 375150
7730 9169 2289478
5357 470 187828
6440 9357 1674476
7854 2525 295166
4958 2047 1225086
478 151 1575266
6994 7589 560860
1472 6808 876475
7397 5280 113690
497 8915 815644
2571 5174 94303
1924 8415 580163
8561 8027 366557
2056 2655 137062
5578 1530 177522
7708 8811 981338
3433 5257 402147
9863 680 1470041
6540 4933 3648473
8456 2231 12054
4919 5569 478727
5716 6076 159445
7436 4076 634357
9500 1744 957610
1622 6950 5593074
4008 842 629895
8459 7995 677602
4637 5417 1985599
510 843 3487118
1785 5723 3037990
5361 2005 550362
7896 484 646257
6873 3448 884095
2043 1349 414065
4490 133 467993
1084 7855 910891
5140 4355 662771
4743 1440 2480800
8844 8338 154295
9385 4623 820522
8645 9914 601809
7812 700 2056700
5995 9925 1418075
6837 3685 1856918
6893 3677 1153177
7489 4494 2090633
2617 4866 514306
9984 2561 1818707
491 1419 680622
4760 1334 75433
694 3478 82922
1235 5813 924417
6310 388 1466979
9421 2624 15163
3056 1212 2920805
5384 6541 2577375
633 5889 978031
2453 7336 205003
