98
5286 3806 1395580
3516 4997 95826
7112 2692 1316193
4447 8106 353206
9542 4553 611936
5460 7277 1016980
5086 5473 392312
5259 3047 134054
3851 820 378102
2585 6731 83475
4042 8185 23614
1418 9611 1654307
7161 9867 219090
3590 8156 503068
6603 616 2202235
6445 4548 417332
5141 6385 686850
3478 1147 123458
6182 6477 194366
3649 4728 21125
853 6520 341843
4916 4613 438047
8448 1802 3065503
1235 7333 228112
2446 3656 1931836
3442 961 733256
1280 1657 1072666
680 7677 185630
1735 2795 148660
8477 2129 2357990
4556 7145 1490429
3708 5915 324927
7596 1974 931554
872 8340 2902573
5271 9757 344929
6076 4117 971864
9266 6258 1848585
7697 6170 1489401
9570 242 1133057
1354 1253 2094401
2209 270 1647068
387 6709 30397
375 7743 428790
1911 9367 795314
2827 938 1568324
1244 437 2235690
9809 4473 88759
7746 7199 2792771
4528 3327 712884
2783 9919 572099
1743 4955 1796203
4626 1484 179271
7143 8006 5007112
7237 9691 130971
985 2617 454059
6397 4675 1691830
2785 6619 22436
7262 449 46629
53 8266 3158973
6265 9696 1817770
1029 3373 296747
5744 7569 27606
2397 1613 1416834
6668 4494 131017
1881 9027 2458639
7103 9989 682112
3701 6327 758689
1931 7315 1175094
2513 944 229043
8580 3998 757924
4325 2127 1805645
1667 2687 671970
5046 9638 875438
7305 1840 34086
4506 793 838826
3809 3473 118398
6523 7998 2081939
9641 5346 651860
1595 9507 43874
3926 7513 785229
7212 455 6812689
5716 5351 2093599
3336 9861 1358039
2195 9719 252328
4389 3087 632913
5101 5936 548523
1403 5306 151511
5660 4324 431194
2310 9523 2940115
7759 1763 40894
2985 5891 161791
8346 258 637732
6481 7715 702504
4264 2400 2765275
1731 1803 747246
4266 3578 1780530
2157 9660 283476
9230 7198 782949
