52
5051 6307 9089207
8809 2744 9132
4044 3118 928190
3723 3878 272737
3459 1417 1297715
9158 6562 811887
2344 3179 1345848
9456 1817 1499471
3460 146 1930134
3588 3287 2184157
5763 8058 1474102
6077 7546 5253459
4373 9826 1363479
7092 8368 1176223
2624 4059 3080614
721 1788 3895265
987 7323 4362267
9291 1653 924575
385 6396 62261
2700 4097 1563421
303 876 1199557
6519 9106 1768666
741 5530 1555154
1104 7800 685908
4644 8816 81481
718 5187 1944852
1344 3514 660098
3272 79 151802
6875 6841 2672536
2990 9111 6457583
9433 6195 3550893
3161 1851 464783
8245 6675 523516
5207 9050 2478880
6898 5167 847454
3505 2168 1700888
6785 8647 3958763
6286 2403 145516
4648 3534 1086290
8199 2487 73648
1618 8214 2476028
6376 5522 4444252
191 1954 1286993
4108 4744 2567419
4822 46 283719
763 9266 897660
209 5703 501203
7345 5776 5380896
610 3701 1932209
4331 5998 3256750
3873 5548 1435407
2409 674 1005052
