64
5540 4712 2541489
5858 471 267789
975 5754 196500
1750 2482 86611
4876 7334 1202397
1366 5645 391685
2240 9267 64340
5724 5375 313246
9586 7697 18214
2191 8093 650086
6527 8633 1572905
6548 4151 834850
2455 4279 2462095
2282 2778 1557121
3459 8596 273367
9373 9178 1235349
4534 6993 1306466
2063 3426 1543530
7922 9482 1234485
1771 2672 2019443
5771 5049 10479
5570 5497 2516965
9519 4278 253654
496 1445 1536693
3892 9198 1551530
679 3383 2602919
9890 4683 1774325
9049 5282 262327
4557 5135 348484
7453 282 4058284
1692 207 1897708
2284 516 1277839
6227 9648 2135229
5502 2520 1199977
2193 8275 1491749
7384 9362 2276838
7557 7068 1052024
348 7182 739429
6366 6230 1033810
3066 4246 4016580
604 798 1049528
7499 2036 1277632
7201 5510 8495581
1934 3457 828441
8604 6176 352856
1839 2610 1086587
8507 5375 1173274
7162 9348 257403
6999 2497 255173
7315 8619 264080
5217 6244 1015313
3956 3750 1438523
6449 9622 2777421
1983 5398 1651063
5592 6670 2595285
123 7161 2284665
1391 1896 2325954
8613 1030 292473
8186 1282 3763898
2984 2249 3671134
9098 7371 2166785
7038 5659 3991739
165 7045 3966231
7875 7912 1210150
