121
2653 583 104164
727 2513 1630324
2 3252 490455
2514 2405 760857
777 3190 939688
3188 5841 189598
4129 5290 969558
9464 9425 93496
724 8298 501682
3940 988 171057
7214 7193 466147
6298 9220 551253
8388 2261 384793
3618 4362 231726
6900 2118 1951127
5422 3829 2107021
7894 4319 286235
1031 9444 196850
7424 4986 1307791
4287 5709 1974374
9612 4929 926100
9091 634 271312
4888 2585 752518
5754 517 244707
8145 1031 991684
7499 8971 844701
4914 566 4816048
9139 3546 1323144
7441 2583 1949339
6556 1096 49599
1003 8005 469734
3879 9825 62105
9136 8224 988091
3611 8026 904482
6396 645 277849
5958 1047 1064310
2311 9323 43764
1765 7644 388222
7056 5985 168901
1291 2416 643539
8230 7058 486356
7057 1736 93080
7724 2224 3400653
3524 8277 3308345
5014 5747 1174218
9669 7463 722225
6793 1345 1084202
8839 3361 52616
8249 1622 355877
5257 287 846882
1069 4154 2010168
3787 7055 90630
1600 9177 846152
2457 6338 495398
3098 5166 972598
3129 4472 4675481
4316 6840 355016
7660 8126 276212
2535 5785 170995
3356 6207 1012041
3209 4759 195429
3475 4330 763736
4596 839 51690
9345 8533 1469985
2948 4189 69922
2364 6414 1135599
913 2507 1042963
227 594 1988214
5570 3448 254992
5375 3489 241621
4565 6637 199121
8640 3004 2135430
1425 8308 1248910
835 2619 6361
4388 6399 516585
655 6704 723541
8205 9689 2099665
675 4874 494670
7175 6530 999530
4848 7592 324704
3732 8185 265346
2731 5 225186
3785 6085 549837
1317 9804 1545701
7464 8729 393215
9166 3169 1299395
2799 8203 277429
8213 6079 52574
3614 9136 2155894
1394 1439 153842
9058 8738 99343
9542 2138 1330284
4816 5341 868075
5094 2439 410781
1569 313 215068
7935 9946 236732
1547 8232 580714
6437 9329 671688
5940 464 199092
8662 2812 6491
8542 1170 1134953
6334 6560 14462
1699 2025 1653582
4844 7729 508452
4813 8125 144917
7044 2450 667989
4781 9923 1766823
7058 2282 285256
5122 8966 1005100
9651 9006 854590
5249 421 1251458
483 2347 724738
8508 1460 6318
8492 2581 846980
3183 1837 875933
7053 1008 452541
4252 5376 428572
9700 5351 1224981
1381 2734 558888
4944 6619 680588
4051 2097 2496034
