173
9849 7320 443133
2682 2428 395464
125 1625 1148454
3525 6709 370500
9959 4881 1165599
8968 7340 626051
8239 4691 402427
4629 6394 975795
7716 5710 104456
9031 6813 1755906
8851 6017 25673
9544 3713 1639065
7837 4583 549148
5700 6688 196913
2257 2523 17074
3803 3593 98350
4707 9097 474499
1634 920 242634
2421 5442 35226
7835 955 1080173
2773 6349 38196
2671 2030 258584
6833 960 267967
519 1478 134149
3370 3598 533935
8759 1082 37742
3491 8227 658696
3956 9 403975
9159 5082 708972
2829 4180 89785
4758 276 398446
6423 2636 865072
9046 6773 929886
4144 8041 957449
8946 1196 895221
1132 8978 210594
5228 2397 1163958
5301 1877 142003
935 8347 1101383
9522 9738 200976
5481 8484 324628
3082 8787 148894
1033 7408 415965
2659 4874 84488
8931 6613 594938
8273 575 25104
1308 372 741227
4894 4732 2194915
7986 2183 471786
908 8231 213788
4546 1985 274401
2671 9640 119014
336 2886 1089966
5506 1328 884974
4722 3350 1789607
1155 4540 1158808
3163 299 988348
2099 5001 89071
8546 3489 45834
716 6164 350789
5511 3299 47593
5211 4094 284577
4541 1733 799112
3336 8081 830496
9514 890 137227
9334 3748 2215275
3261 5529 449008
8615 979 904895
6076 4116 72764
8977 7648 185384
6478 8139 365228
1998 65 191842
6485 2863 22849
1134 3861 1071581
3735 5046 125021
1461 4327 1128704
8037 6823 45353
5037 8112 210501
2706 627 544382
9628 9638 906293
8842 725 1388755
9456 1560 433787
5101 424 1197693
9936 4873 270055
709 6582 895390
9202 7188 666649
6528 5323 455203
3218 6212 1750605
455 4462 762558
2169 5838 147634
7752 9791 667981
211 7550 2242597
6477 9253 550642
9975 4981 1524752
62 9979 364971
7656 2120 65152
7334 4138 324441
2005 4433 202345
2562 6368 110447
5707 5775 849802
4763 5666 166929
2785 2463 461661
3206 5120 148897
3972 8508 1237094
9809 5762 70767
2236 7172 1324517
5701 2411 622213
6995 8937 510777
7699 1061 622562
9119 3710 828238
8232 3819 312266
4071 4088 731364
6633 4121 297709
7771 6009 1518719
6084 6469 72804
7386 9543 2023331
5232 4280 416513
2206 1478 472942
849 5440 371554
5337 8654 56941
546 3921 182241
9361 9721 574287
3123 3660 225216
7329 7576 272116
170 3179 1234253
5394 343 2139199
8911 5030 641085
4018 9820 423383
7356 8867 836371
8090 8768 30067
1538 4759 227589
8956 31 1742714
974 2660 890135
2438 6026 1276469
4177 8514 2039352
1286 5638 578062
8099 2290 662565
1269 9449 17996
6540 7617 140153
685 3052 790627
4037 7373 250030
6887 8944 97959
6128 5258 560756
6991 8192 1355029
1961 8375 1144439
9230 8604 1066813
4277 8389 85922
5921 3553 320463
1895 7074 67815
3293 6938 134809
949 7725 455037
452 2640 32946
8965 6048 480884
9009 6861 198490
3524 5922 1172280
346 1927 321802
1297 2970 127713
5315 3578 325451
3619 3969 284859
4304 1846 788068
3167 2943 237278
9350 6622 701353
9721 8087 204047
5498 6775 428461
1863 5931 281040
3927 3133 16976
9466 1754 285302
6520 8753 648483
8220 8729 399121
8196 6357 32729
3156 8544 514303
6233 3469 408781
7441 3102 219265
