95
5680 4647 796918
3586 6934 3403524
9089 1386 691164
5787 6528 3861479
8190 7625 1687001
7038 9977 387570
15 3316 610352
2190 4568 667604
8983 8969 329101
8723 7513 868286
3471 1442 546548
5845 4117 1908632
5772 7214 2802561
4529 6376 338182
8849 183 1602628
4637 2258 166928
8629 3115 210096
2428 8277 926521
5618 4895 1448161
2485 8197 140613
6433 1534 422556
1568 2791 2795382
9938 4347 2416293
6212 4965 1878912
9420 5094 466642
4552 4296 1366553
8384 1572 2839765
2572 8099 409926
2485 9016 529631
961 2614 280976
1758 4651 74036
2995 3997 31388
9603 2739 594500
5586 6491 2939346
3112 8858 627632
7286 3293 148731
8284 3383 666059
1551 3899 418540
9755 7242 56415
5462 6556 1165164
10 9156 641953
556 4501 471267
9469 6546 166628
4174 4323 283954
6559 3161 2963288
86 5534 2767535
3511 3147 1469789
8316 3251 270727
9003 1129 2284046
4790 7322 810256
7594 7321 1045951
7797 3091 3392278
7014 5400 187043
3111 8540 1381382
6187 7417 543292
6138 3647 438252
8784 9644 2162055
7995 4038 3302282
8310 2417 518057
5762 8270 782959
6215 1860 393694
3854 2865 1372682
3734 2188 21111
2366 7874 135681
8087 563 131523
2399 3595 356849
9669 649 102283
6440 468 714847
2326 719 180814
9269 1116 346320
9123 1180 14835
3956 625 824489
8537 7673 43732
9075 9661 273576
8545 4313 749542
7521 6946 513216
8996 7256 943450
280 5560 553960
7594 9288 660416
3796 4898 411564
4477 4787 3997427
5632 6828 1129682
1458 2214 1843689
6292 3577 1645870
6883 4065 978462
387 9237 730801
5919 5519 247902
7602 1619 2498715
1517 5970 491839
3603 1065 521283
6872 5129 176334
1862 8430 1081462
6400 1517 242993
1045 5131 4196222
8444 2085 2067425
