99
1358 1679 1665128
8444 7410 925414
8867 6063 1176063
1709 612 1231312
1551 2607 2775074
795 8154 1675727
3279 6400 656086
8757 3542 400270
3994 8951 3677980
2473 5061 1758989
4184 1367 324996
7869 25 324661
8188 4533 1223340
3315 7221 3451189
9957 6436 636902
4705 4610 620814
6211 7756 250756
6394 3982 305166
2288 2491 2068467
466 508 1740429
3851 2522 235524
7727 5988 132455
9863 9662 327290
8412 9837 899473
3473 9873 1089599
3191 3320 152248
9532 7235 507071
5866 9181 168740
3473 2957 200324
6133 871 694200
5217 6191 910041
6927 7173 711985
541 8712 734962
9770 145 1069840
7674 3925 1831452
6890 4199 1441346
9246 8028 287030
7877 184 219425
282 2963 139749
5480 423 248368
5464 6888 500903
6953 9589 1044279
7821 4297 373251
6484 7935 2798517
5494 9996 2410530
9104 5934 1701962
9684 4608 358849
8405 5745 583226
3372 7433 550854
4143 3086 1166415
4107 2213 980421
5419 4959 3779799
5692 4047 768703
8471 2484 1831135
1989 7572 1871925
4081 9057 1713181
2242 6034 1221110
1320 6585 1759124
3746 7911 124987
3927 7817 161597
5580 5795 70316
2882 3825 93973
3977 3144 3487031
6884 2479 237871
941 5425 1947274
8272 1398 2127552
6468 2262 4050603
7953 7946 457139
9081 8875 1213472
5839 7184 1751816
5855 4801 637168
8543 3105 9451
8281 1123 132232
2673 7481 603045
7651 8627 125426
4108 3238 382757
411 1001 179162
113 9097 233398
9202 8284 84009
6679 6050 574447
221 3804 586030
9818 4645 69971
7081 6490 542435
6781 7233 1552307
5557 4798 1897194
6826 6239 493686
6990 5239 274302
9561 2834 1165911
7850 3920 768892
5807 3526 7193
7574 5132 1603909
1884 8864 3151397
2814 8329 1228562
3064 4626 668170
2982 133 74217
1050 7594 584377
8601 5594 1082335
9164 7434 4213
2301 1600 1256104
