125
2205 9527 2401555
1569 7114 162907
8579 9129 203376
466 6076 907332
8279 7100 1968336
9460 3860 220213
6325 700 375677
6032 8136 261124
1423 4773 1337836
6158 7506 789873
8850 1998 380479
1290 4578 1003630
1663 4101 307125
5096 3740 60281
2762 3774 1519536
4753 5135 1124570
767 7469 39757
5134 1543 863995
7046 196 42858
9651 8624 598459
5205 3682 388953
1303 2717 1525394
9716 8062 870471
6555 8056 99802
1127 5027 1404689
291 2896 301660
559 1162 500126
5103 3534 2724994
7286 3254 281660
1740 7357 1281459
4787 9339 101534
1318 9503 457084
9987 8635 646492
2662 3639 100863
6379 6155 351386
68 8112 232244
328 2870 17454
6924 1995 77134
3537 1323 104075
8151 8803 1897968
3622 4305 1466345
8112 2305 3967051
9566 9122 854704
2619 8382 358250
6803 1952 909435
6301 2029 1091392
1884 5945 1099804
544 6667 1048188
2558 544 116991
1536 8599 533962
3264 2319 356369
8070 5659 1530169
965 7259 3113329
5183 5119 226649
8686 7268 526192
832 6294 1241391
9699 2627 637157
683 4849 1163226
278 6196 390077
7875 8619 169358
1782 3303 377748
8959 6771 532436
277 2667 1966321
7657 6983 264846
3837 7864 943060
4759 7886 78054
2004 5212 174578
7481 6133 123017
9533 447 467628
8954 8288 820001
8442 8244 1647430
139 7968 1207046
7645 2845 86326
5081 8323 1113632
3156 2082 410828
2964 9897 308820
3358 2628 712203
614 6062 199810
6124 6794 423098
9211 8102 12635
2822 924 37190
7678 5474 2584800
7268 9750 314817
2305 2101 301518
9770 8821 322329
5306 2781 37847
401 704 840160
2072 1078 2428032
4882 1372 2028689
3032 3241 1097418
3347 3357 240674
4364 4160 916016
5754 9355 514086
6797 5189 765765
1635 8048 642995
2527 963 101560
7733 6446 803745
9138 6572 3194366
8500 6674 112599
9061 6392 75803
6819 9400 713714
3024 1323 483812
1112 9910 1893811
6340 7818 437280
5930 1198 183145
2410 2984 336096
1199 9251 2266747
1840 8546 248329
6906 9409 983474
4273 9179 1485052
9014 6060 1249689
8996 7099 496152
8652 8193 682833
3156 5620 329162
7261 6355 418222
8011 6903 1743745
2512 19 144106
8049 2511 3111209
1366 412 1691292
6847 9199 165878
2173 9559 201019
9478 8752 1582508
4242 5281 857038
5442 8477 105700
5075 3471 225661
