123
8037 9044 307896
8960 7811 2324217
5517 5723 82266
5797 1576 279875
544 9468 381237
9599 7939 362345
5022 4312 100346
7596 185 536514
400 6189 1342969
7976 7190 1125063
2844 178 2819089
4937 3840 776856
2557 8704 920693
4239 9025 616744
379 3098 280737
2662 1460 147485
1421 5218 2526374
3260 789 1781191
3429 2451 65753
2169 6227 559356
863 6731 1737420
4026 2579 54722
5561 5892 1254775
918 3762 685366
4717 5555 113097
5568 2453 177335
1881 1696 429758
190 5675 312281
3474 8536 615615
4538 5779 970542
5386 1619 678430
3843 980 3078700
2007 513 2941202
9392 5251 316386
330 371 3073817
1013 5113 49003
9819 2505 309427
7453 8791 707582
6488 2793 1067965
5508 3451 1915144
3104 2013 1595522
9546 6031 135663
6241 6923 1030959
9934 8003 778900
2395 3524 1275986
2301 4087 694121
3867 215 977735
4753 8571 602669
7989 5743 64981
8174 1339 302572
4502 9859 109993
1594 5265 502648
8114 379 11214
9377 896 406467
5146 3348 648303
3898 4020 587503
939 3554 178455
5394 5427 445060
3488 7195 1865825
5009 7206 197426
2970 6253 458160
1066 4276 142152
8612 7375 213865
1048 5421 428508
7312 7773 192396
4407 2389 853271
5469 3318 162423
3194 5030 340284
6277 9838 921810
2262 139 274188
2183 2917 97012
9566 8759 658783
2449 5474 289264
8842 5249 50777
2442 3449 1191355
6377 7484 2316793
9579 1549 418934
7568 6760 2465577
7108 6924 718615
3132 7708 1999133
4675 2420 721103
2846 849 763444
5756 7319 834701
7285 7585 77761
2000 9400 178666
4812 7427 1786462
4109 5823 1509511
6996 8281 286314
6927 4751 483588
112 2146 237016
8565 6530 309827
5801 7150 581109
4670 4483 192550
1462 828 753778
6663 496 292026
7576 6545 459471
5648 138 127309
7644 4296 104002
3350 6135 2154474
189 8888 1159246
100 9226 460018
5214 815 866330
1939 6910 1327851
5788 4903 2425739
3665 2814 2506629
8454 8346 159452
6148 8623 372377
7220 1108 1543270
6843 3432 880522
5070 5645 119467
3772 2510 2313623
6125 812 346705
2458 8085 110104
479 7535 2159750
6496 743 196399
9733 9822 189623
7109 6548 111623
5758 6082 1497506
3493 5080 136967
9379 3867 1955128
96 4289 625978
8685 7577 1868800
3436 1328 382906
