55
9489 2310 1108708
3598 1771 737584
6133 8226 321397
4391 2954 2159918
5995 8008 1762363
7310 2455 463747
3047 433 4631488
632 8420 5150186
9824 8641 3169658
3273 1490 1041177
307 1795 4499069
4875 3840 3105701
5147 1220 141797
2470 4044 1862355
6766 844 2631888
1770 5981 977682
1098 9045 486906
5145 3789 878585
7653 253 1227240
9190 3299 620842
3223 9812 164534
1380 9061 796539
5982 9580 1494052
1050 4785 3987614
1534 8482 3339782
2569 6781 556297
637 1631 5845018
9596 6449 498738
3943 9501 280091
8018 3590 3271025
6603 3229 1089156
3430 803 312437
1781 6149 845570
24 4981 5529452
3886 6971 857170
9617 3723 362634
6162 2277 1154200
2053 5469 257332
5797 6928 793934
6472 9751 459066
9689 8120 1112610
4680 5392 2481995
3905 7953 7725994
5431 2172 619062
2592 734 233999
1407 5871 1098158
9008 4809 752141
3622 9037 1516818
9014 1120 3385738
1053 4552 74602
8587 8052 2190342
2931 9425 1561761
9365 6932 5086817
1019 7367 358963
672 9257 2928068
