52
9021 590 330892
4887 8551 1301128
7537 1769 2343822
2113 3489 1203921
6969 3233 1743420
1208 3772 11820476
317 2787 3825643
7476 8281 2263901
6162 938 454016
6817 2874 3091264
9880 1227 1442732
9829 9259 489132
9652 7178 479525
7535 9137 2020130
337 8567 2382532
1183 8692 875626
679 1536 1561756
1364 5977 518294
9080 5093 1061941
1438 6639 1005373
1437 801 973826
241 7218 2489496
9470 3757 4437378
1608 2902 563021
6056 9793 3053221
5695 5791 2317522
2286 5383 773940
7500 9222 494504
2194 7636 2472872
3730 2550 347011
3949 8218 2524945
3604 1520 1852804
5598 2720 615859
6845 4395 834296
8136 5242 1178608
2984 6500 325399
7105 8960 131503
660 1410 827814
7458 1991 1524854
9990 2570 1553236
5086 6238 5819634
1212 2392 2063554
6348 9700 480378
9045 1757 4848194
7379 926 637640
9228 9421 973187
5142 1945 4672314
765 1750 158281
977 7575 4969942
5210 6730 1003670
6773 169 758384
4754 8215 4107189
