64
524 8308 1087181
5860 3625 126341
406 2393 3812347
7919 720 4974035
9660 2225 171647
6843 8432 3850649
7426 3083 1670164
8334 5039 3907961
7961 8431 1795459
3403 3658 744668
3505 9902 1750856
5580 2890 846712
5662 6804 865916
1487 2059 356332
415 4020 1166789
7011 7887 1123406
3203 6068 5555928
5173 8803 928341
7017 4990 629629
1748 6652 1613966
3305 3692 2246432
7004 820 300578
4631 8657 919999
4526 9094 989251
583 1888 1351620
6255 4475 970568
5146 9649 921407
9224 4672 1539857
4127 1661 351330
9232 3601 2839854
9202 6467 772888
2932 4468 2911741
1145 1752 348938
6964 5552 37460
9898 4299 304549
4970 2962 2614728
4953 7661 1861572
3838 778 615441
5217 104 991614
7321 995 479035
7240 7694 802266
8217 617 72471
9382 3676 5778509
2888 3076 107097
7756 1816 99590
9502 1464 307162
9816 9296 2066270
824 569 7496528
7778 9298 682126
2383 4951 1665528
3780 8308 1638520
6753 7689 212994
4415 6545 467067
7897 692 1231156
1567 3857 136194
1171 2658 209286
4814 8255 2812275
7509 5868 26757
2636 7022 5394903
467 379 4503252
113 8086 2490065
4529 4096 756775
6547 2560 308911
9409 2953 387109
