172
8831 5053 182421
8862 5379 874458
6837 9638 510888
9557 8677 1152033
4535 1299 507532
3078 3554 248804
1444 6323 409592
8491 2545 247070
4494 4310 3322
2193 9845 49141
2214 3440 1095989
7682 2098 416064
4368 2598 259547
653 4025 1584898
8955 9835 2039263
8324 7084 262619
1711 120 668105
6496 4992 1394008
3354 1893 703309
6376 1095 349897
1958 6852 406191
4422 35 366427
9690 3984 189221
1727 14 811249
5023 378 43948
5998 5203 1663102
3683 9016 200634
7321 3156 549861
7407 7893 1720382
7295 350 25210
6831 6747 122273
9558 8689 1102177
4716 4197 258982
9411 2471 1155008
1195 3836 102052
4606 7277 614846
2436 4743 166283
8783 7050 367825
6471 5147 1556931
6766 9121 254461
8293 5878 558309
7316 2210 823371
9076 8103 49042
4225 4436 73467
2983 3398 991690
4466 3624 228060
647 5040 101814
1614 2339 749060
9334 3769 662411
2858 9574 485585
5613 4949 636519
5152 4024 641091
5995 6369 985595
6970 5206 343204
6654 6732 440598
3394 4703 222290
5712 7878 1186920
2032 4390 1908440
2964 2874 286897
6370 6877 199201
74 7335 498972
2122 3734 1219776
1082 446 45861
5401 4069 407864
3671 5379 255974
101 4952 1233584
3332 2402 2625075
592 2156 377515
5001 8515 80993
9437 4571 329495
7538 4157 732138
4624 7639 835219
5015 3241 166133
4302 86 525328
7147 3771 344489
9303 7342 9707
9939 9332 12476
9281 2666 431658
8489 9583 856646
6985 5060 27531
8963 5146 284527
6362 2651 234274
9857 1447 630274
7245 5825 1129517
808 4164 493263
3000 3664 1015901
4664 7757 355908
3683 7349 521667
6541 3031 760630
7787 9107 326
827 6744 136482
767 3919 83667
5512 6665 313405
2084 8004 200972
7665 6024 114549
2847 8839 72801
8751 1118 2117863
5975 9105 333321
2945 4872 735672
4097 540 1230737
7993 6964 600836
2957 2103 1230912
8894 7263 447226
7671 192 1625182
9015 3809 649527
4952 1624 1254530
2329 7777 694476
5136 3706 321001
1246 5870 1736236
2458 6307 288425
3215 4313 1066152
7829 6510 669945
5582 8823 200298
5715 1980 496176
4452 8347 1106530
9725 7788 237483
3019 2319 1334410
4824 49 73500
8021 7210 995489
7008 6869 568125
9294 9343 44704
5348 7228 63422
8438 6266 201654
7397 2763 786486
5259 6579 152995
2685 2222 105889
3801 1664 36497
9590 8215 98717
8125 2045 671752
9434 8661 611293
8648 3761 432009
5679 7788 1098762
2227 3221 151056
1640 3135 294814
3458 1977 404771
3545 906 121900
5243 5659 1013764
9244 8240 9530
612 55 332693
6816 2720 39994
4014 1976 1113231
1116 8828 1194815
2351 8412 614610
4257 37 779704
9369 4333 107589
6870 8234 90637
3413 8824 606846
5264 4111 281246
6533 2713 520229
4220 4977 31294
9240 1481 87904
3989 9498 1423740
7687 9259 84267
8985 1207 524836
6417 3977 2032239
3044 270 1142726
6090 2285 62668
1099 6193 1171671
5159 9259 359495
6774 2452 208734
1095 1802 1355534
1891 9382 153833
933 2844 684805
5346 1664 477850
8373 8376 372307
7425 8839 933186
2885 5940 650987
6098 6847 781257
7351 6 183321
9420 1194 344760
3701 5473 863916
8089 7720 498825
