66
5526 5539 206703
9427 957 518737
3901 8864 1705268
7118 6551 3507993
4787 840 675277
1893 8037 3943828
5378 4509 5178718
6241 5932 192363
2632 7521 2244904
2758 1895 549377
5948 7362 903346
6199 8607 1238623
7864 5704 29328
3657 7251 26087
2622 9993 566659
7337 5392 613302
710 1159 1248952
7207 6110 38467
3931 7662 116182
6646 3969 1598303
9738 1749 878666
5953 2207 722774
1380 6225 2156053
3422 3018 1714350
6321 6828 99921
347 6034 1440291
8913 6117 1260826
3732 5334 1065804
7790 8922 1073182
7157 215 2720345
8896 2211 351886
6758 1837 2287506
4602 6827 4965423
4677 8348 192562
8664 9376 42227
7703 1232 1292400
7847 1979 257671
836 4714 579373
2030 7044 4321936
7797 2169 1862893
3438 6942 2534562
3066 9018 2350761
221 1541 832024
5410 4563 1559254
8639 4483 355294
1974 1547 2282156
1107 2514 2110128
7060 4113 2437412
3253 8144 3300234
7225 8354 1646385
2116 7739 38665
4164 3967 2689730
8610 2957 2387433
6478 1625 4007625
8063 3100 32425
1026 7840 1606417
646 3457 1444372
5106 1667 268378
8383 2633 383458
4464 7802 859249
2351 6448 4034804
5810 1243 5272161
8457 3548 914247
8203 7600 149899
9434 2622 22410
8438 6797 2092011
