78
92 5142 706982
5222 7836 179029
8099 7839 107844
7154 3624 636179
8994 3069 956092
9171 1657 114317
9528 1324 2810561
3846 8092 1845169
7879 2331 1325633
6853 8979 2934176
4397 3549 2724293
2599 9568 107279
146 8966 809039
1887 1879 2303555
7137 8651 5582999
9321 3729 2236890
5264 816 1917214
3733 6282 2718793
8360 1769 522066
962 2179 220512
2292 629 1492076
5852 4120 264497
534 1536 2550268
5445 9254 848401
3459 8356 462961
7790 1784 703630
468 8547 469717
5970 5955 1002814
5821 1662 306277
2470 334 102017
5360 6742 408167
2912 4878 2146
4914 8190 315712
680 2392 1594565
4871 1523 33131
7923 7452 57714
6920 880 1150411
4883 1102 2049826
1177 38 2212341
2029 2510 144543
1366 2243 137209
8635 2368 1837856
7231 6964 89276
7025 7921 937676
7085 4352 1042183
9148 2362 1572454
9347 7719 4034215
4478 1084 4075414
8469 6933 4621393
6979 6184 224002
502 2753 2984372
1514 3481 1359710
510 8222 814553
4812 946 1254711
2615 5735 713386
8496 8000 273996
2645 1601 108585
4606 7945 1395388
5474 9332 648293
9283 1927 914898
8160 2881 4589661
9694 5742 1685025
2016 6419 399467
140 7491 502336
6030 106 253802
1595 5669 271783
9049 6582 1968448
9586 7315 1596629
5531 8175 415159
2718 4857 800993
3099 523 486772
2051 3650 5320197
1329 7056 1540
7455 1572 889871
8009 3847 764924
4632 4768 2305992
1144 7013 1181366
4922 5664 596629
