190
8476 7646 365884
7572 9564 53472
6656 3045 785426
6950 2166 84728
6449 874 12955
2929 2456 1508889
1371 6620 549948
2787 3034 1081505
7320 3390 268906
9526 4764 39765
2143 8506 538148
3516 7706 282551
7969 2734 285657
9232 3815 1554822
2784 8614 1145177
3683 1765 351908
2438 5935 371051
3928 4010 578997
2146 4122 738796
7532 6826 642083
9306 2111 353555
9941 8504 556038
355 5896 575019
2756 9357 1287546
3626 5789 350726
318 959 349414
8922 1012 79712
6856 9671 595555
6121 7784 460319
4741 1515 279486
4962 1439 343390
2052 280 769103
7573 399 193072
8967 9260 185713
986 4420 41570
6342 6423 159452
8869 5103 29525
9645 3026 51453
4824 1779 319231
665 3151 658822
8352 1140 2614
1538 6945 699484
706 1797 49908
6659 9651 825573
7410 9690 302301
7806 2243 1343804
7571 6934 122617
1524 3984 911526
8677 626 358388
4197 5232 569072
3042 5937 1427108
8955 4278 104407
2066 8781 612602
7310 8463 413222
7508 2738 1027627
4719 7642 296692
6273 3665 388718
7421 5040 1147917
2009 1950 416295
3834 707 617779
1660 3362 120986
2868 9895 494328
2387 4428 69629
595 9528 672174
6886 3212 272631
9019 532 1437036
4671 2426 13028
2648 1099 239164
4091 668 251337
4619 6131 1203166
768 9468 31980
4653 1099 128515
2922 6815 378606
3672 9430 1467517
1953 6134 83189
6052 8738 230090
8192 4262 426575
2289 8305 386425
2798 1921 533345
2397 3079 2742255
4653 4752 146672
759 5928 767787
4415 6527 572948
4744 35 272974
1122 6814 1170
5370 2031 675477
3319 8699 322525
3603 8314 27313
2318 3698 1171306
7530 3610 81834
7101 1690 915274
5188 2180 46026
8716 5562 18543
2614 1 1364154
3620 3204 1013511
74 2415 80933
3399 7242 18551
5717 2757 122373
2708 6100 523406
7910 425 1239703
7732 2606 441091
7953 199 354944
9765 6617 1609887
6115 9114 125973
5308 9419 238154
8692 3695 257445
8445 7117 756166
3629 6736 355689
3732 5505 208165
1690 4514 722942
8468 7603 212823
5180 5673 129820
7448 8678 808199
5357 6700 207708
7150 8059 576986
9148 5623 754232
6800 4244 696568
9486 3021 1235553
4144 4888 796069
1354 6130 381239
3588 9957 1344491
872 4013 210610
1307 2418 106076
4386 8608 2626897
6189 4948 534866
2854 696 312132
4346 6036 2245691
9642 2318 17150
9816 4668 93594
4450 1120 135255
1443 6252 442482
2951 893 402184
5651 7375 235922
9846 7037 1344300
8732 8403 967031
67 8043 1510507
6694 7095 982462
6182 7853 383020
4473 4130 5910
218 6559 313760
2718 7920 89910
87 940 273818
2079 2378 1568363
2241 5519 275215
9233 2341 631943
8449 6425 3452
9687 8501 626627
1172 2453 577246
6439 4636 53696
4959 7745 1197198
1518 9794 302327
6126 1432 172366
4856 161 188454
3491 9353 441044
6553 5919 628269
9 1102 161834
4793 7553 919101
1529 5473 395993
9782 6531 948200
6811 1615 187457
5073 8340 8347
4095 9395 653704
2391 5846 1074902
9810 2965 269012
2166 2699 2090274
7379 5247 2282552
4241 1802 219940
7220 8930 293294
7513 2466 79764
6365 7279 60975
8820 6236 406010
6820 8160 381204
3967 7351 230233
7112 48 1028531
470 6141 539936
9906 7417 230427
7367 1187 185436
5382 1860 293976
4330 5545 285095
344 2716 586406
6943 1604 360017
1923 6103 538446
6802 5945 143919
9013 2493 703442
6263 783 178715
7137 5447 732473
9443 3641 113446
9964 6151 14277
6734 3698 87748
4719 3754 119514
