155
8979 4541 1401009
9894 6485 561805
9977 7826 337804
4543 5102 172558
5719 8944 83671
9974 9148 241937
5805 6783 948173
42 6243 27050
1674 8079 757199
6937 6758 355757
7414 1290 97762
210 7853 1083164
9246 2408 1172526
6850 5094 607261
8489 8485 281394
4496 6089 207439
5309 379 284088
1669 2562 464167
9667 1030 258044
3237 7319 339721
5219 4079 477208
9189 3169 110371
7966 4881 286928
2941 8957 416231
878 4845 748285
3271 9907 488256
2068 8832 317747
581 6230 278401
8338 6724 2871849
8914 3594 292865
6095 9502 684455
5834 6681 173529
1309 2385 876911
5638 8998 1088552
3519 9109 1258901
266 8186 419284
5549 5287 195179
3550 3734 225831
4076 903 229673
9400 8731 327988
322 1069 304919
758 4279 629933
9643 9807 1598347
5817 7615 251257
5869 5208 28948
355 6798 315351
7715 1641 2316424
267 1596 1241579
9381 7590 123117
493 5268 651907
3979 1095 3426089
9120 3835 208839
590 8172 644930
9788 1686 2868818
2526 6160 1045392
6846 7393 241367
4144 4748 127671
7539 8269 51850
7602 4185 385942
1265 2752 271786
213 527 252717
7792 5730 1410174
842 9214 813127
5481 9792 399475
6018 4798 315953
1444 3081 635498
4220 7926 734717
301 1942 1232947
5260 8178 1471072
2784 203 1259074
152 4930 65790
288 6204 554453
611 305 558065
9191 1668 3060
9970 2973 874012
7115 8789 1545077
319 1962 793607
2888 6953 810632
1466 6360 132444
3277 6515 103718
1267 5100 751099
7664 9229 275766
1271 3749 1167552
8025 4949 450438
6196 8354 619433
2518 2843 15477
6539 7169 328884
2319 7494 277418
674 3645 69174
8726 3275 2516601
6953 4334 155741
5078 9221 210349
1187 628 69353
9157 2476 896795
1585 2354 132511
371 117 611272
6129 3630 197111
1199 5421 774451
9044 5571 280828
8836 6088 665554
88 5116 875581
8650 1570 1631788
6665 3148 426456
2126 1312 239432
8337 186 1870356
4342 2792 83614
1511 4383 2253766
6904 5606 18508
9972 7623 172682
4196 7755 78891
4949 4450 861656
7917 9376 1959812
6947 2049 491457
8738 7626 176615
1969 33 1490993
6551 9819 208765
1324 6439 294332
4204 7229 454201
7573 9153 21028
3680 4158 1898405
3483 484 89888
7055 1340 224828
6299 2859 1587402
329 9384 2181411
6631 1461 129372
5262 695 209490
7720 2719 54664
9065 9810 97888
4940 9219 408025
6240 1871 1729026
9575 9758 1810393
5150 1111 487746
8453 1801 131599
5695 2885 100017
5443 8412 498597
9130 326 485113
3440 2127 897414
7013 8787 165551
2900 25 727756
9545 3550 975859
4125 1907 1315629
3200 2405 718640
5353 8876 99164
4388 7070 145351
3585 7936 87110
3344 1837 824035
6534 4256 1561258
537 8712 1322563
7017 9781 813076
4974 3286 388515
1452 9047 349736
1765 8805 273495
3791 3810 250301
7258 7976 666713
8145 4294 67179
