67
3983 4770 1324547
88 7367 224532
6273 3862 1805716
9905 4147 997632
1201 435 354350
3388 6201 818255
4105 9036 606635
9504 2927 1625440
3373 1039 207446
8180 1662 6349385
2472 8242 1530171
4521 744 5254142
5013 9978 610077
3347 1102 904613
4794 4288 115920
9361 1840 697114
6328 9042 3166103
4894 5059 202818
9920 9505 343654
2125 9889 956680
930 3887 994830
4515 7113 110943
7306 5759 120380
760 948 1706648
5466 8488 83414
1195 5314 1636253
4898 4426 5320610
7567 3140 661881
8534 4201 1047448
4899 691 2329394
9049 8960 4447305
6701 2361 797797
8889 3861 715613
3325 8095 898724
8315 5527 530859
534 4819 1550565
9591 2729 118906
1182 5592 2183842
5474 6726 1530196
8048 2804 2597322
1815 442 413510
2431 5457 3806246
2144 9814 276995
8052 6868 137689
2404 6025 633369
469 5298 2815624
2288 3750 4887593
1479 789 3173768
8742 2781 1901088
1204 7611 724901
2702 5450 1882041
8600 1652 442685
9841 5941 4677962
1010 1743 1143441
7089 5679 681432
8211 2185 3206125
5211 8501 1379583
5919 3467 1417286
3091 9229 1718238
2718 3197 129803
2020 4304 59505
4845 7292 367173
5354 7150 4071972
137 6180 388528
2958 626 16240
4841 7076 1134984
977 8335 1034059
