75
7118 9856 2817167
6587 7345 4272364
312 5086 4957189
9050 3229 4586800
7453 1656 736615
211 2560 523912
8587 6479 414289
3186 6309 3243640
8816 7589 481648
4172 9190 616950
1727 8512 258672
6212 2609 8628629
3006 2406 1154898
4965 634 603666
6815 9154 69340
9895 101 158742
6711 1501 317978
3771 8819 2659325
3453 4126 646838
922 3790 88674
7177 2893 1847645
9317 360 1230494
1958 4549 325929
1783 3383 1562570
1949 5655 863546
696 2894 806908
8099 6510 408576
4194 5740 797284
8529 9632 87111
8745 7252 2864297
2125 2589 138337
1635 5659 1837113
5746 6307 1449753
1660 1279 732476
9964 525 451048
232 6567 1837213
8534 6628 420226
9394 2719 22830
5507 9888 4858784
5160 6729 520868
145 8183 351850
4217 6575 1364948
2131 133 168404
6009 8595 991818
2842 3838 1167906
1640 3748 616471
2325 101 1698299
9511 5580 3526103
9779 5981 717443
4492 1368 422326
6883 8747 24620
2880 864 2657743
9591 8590 403150
4777 4450 77194
8061 2252 3246591
3723 596 281929
964 6013 1344574
7072 5520 1222034
7600 9028 210052
4097 8106 1724344
3125 7180 1822903
7312 3097 1934243
2832 4487 21728
6074 1436 322140
9597 3566 1472949
4356 2540 822880
9224 4001 2985819
1425 8224 20187
6267 2604 1876149
8653 4430 530534
4103 9367 2335386
6245 4813 2227623
4932 1263 305743
6493 252 336071
2865 8175 467502
