103
5100 9936 374479
4948 1144 1772179
9109 3405 4654418
4103 2002 32906
1138 8385 355917
9812 7314 974565
7680 3573 2030034
9119 3021 87948
2273 4034 2414149
1980 7303 172106
5983 7628 871770
5937 3899 723432
1639 7638 81621
3639 5087 333925
1223 8618 520232
3379 4636 951679
332 6133 2143280
3080 6224 485262
4645 687 529531
3173 7442 10288
7411 3578 1070487
7279 4920 3380191
146 4286 292953
7473 7186 509840
4491 8618 590408
3723 5934 1942588
4451 4024 597746
8354 5384 1411987
6056 8254 1694216
8036 1170 356757
8775 6815 915991
7621 9587 989154
206 7941 167599
8859 7347 1487982
6512 3880 434604
2834 1040 1171276
6864 6913 1785173
2012 4969 665027
8719 3822 2449248
4972 9540 613947
9577 2718 343478
9550 6833 149512
2236 3419 70582
5452 4247 759427
5482 4366 963339
5588 6380 273448
4314 1061 473672
4600 6900 136362
6988 6416 207646
3033 1229 2010159
6239 792 1239674
1533 544 466704
2340 408 525518
6472 881 848093
2242 7249 730244
6146 213 98113
2346 5745 1075163
6357 6500 122188
2000 2300 363853
2525 953 1536585
3538 3827 2788604
7970 5460 2302088
8977 7902 805093
3780 2144 2584414
8510 3526 102912
3921 186 2656708
8603 9160 1699749
1461 6873 652210
775 3307 4479301
2633 8309 1952361
8002 5731 1265176
921 960 192241
1625 5063 347430
1683 1312 1757565
3249 5899 1713518
3348 4050 914871
5604 8567 56452
4245 1755 136157
6462 8583 125851
2344 6485 1688036
3732 3405 419623
4053 2474 306341
8095 9712 217570
1533 6813 80778
508 6258 788529
2462 609 2228060
9003 2279 1657078
3170 6290 104501
3509 3646 678656
314 8683 454191
7805 3729 43528
5919 8499 503532
6237 5923 1937636
971 3665 22659
118 1054 2148349
7273 524 714125
6366 1041 846961
7133 7680 869206
4485 3028 910523
9257 6061 1900130
3424 7270 97608
1351 9834 121993
5862 8411 287031
