179
554 8511 812160
2432 8014 157127
6317 6573 411247
2925 7113 406991
9158 8285 123754
4083 7825 207360
6208 2073 525785
8211 8575 512206
3827 5690 706481
5836 8596 73830
8683 5442 335326
4802 1817 790116
6762 2704 1045194
1629 3706 1153118
1859 5096 396918
5145 140 1923149
5780 4849 712442
855 3820 49577
8052 9676 618711
2884 4687 575035
1122 2347 456654
5342 5221 809512
7232 5312 332103
60 2352 281742
4070 5247 6118
9524 3762 871979
1992 412 166702
1980 3724 501640
7504 9994 197898
7221 4942 137556
2872 8568 458083
1795 9114 457209
1135 6470 29611
9149 2085 979563
3019 730 381674
3948 3080 756385
7588 5414 393666
4080 2023 385143
7008 8187 75904
992 3886 486209
3195 395 205314
7353 1510 506139
6650 4221 20948
7797 5526 701882
2069 2635 1468217
5509 6505 148074
1679 167 1011988
2197 9924 81255
6690 8553 443487
5453 3434 2006195
3017 1376 492665
9975 3188 1974846
8531 7741 210866
6592 8984 12492
119 224 391139
2422 9354 255791
2751 194 1263805
9900 1315 390221
9259 5250 85550
2697 7953 185168
1067 3046 29764
3271 3816 1156192
1259 8161 467219
4589 727 488012
1707 2812 67466
4309 2800 40
5267 8966 664027
9674 6459 248825
1061 6573 516608
889 7260 351102
1406 7437 1256246
321 8211 352371
7259 7588 100764
7244 9866 438975
3709 8682 217766
735 334 20566
4332 1402 133928
3521 1221 704029
3871 7567 234591
2789 4437 361431
6083 8902 482588
705 7512 726091
4324 4334 108085
9640 6816 994988
1475 7207 1194992
9358 1640 197445
3160 4713 724119
8783 9911 312224
1363 3808 309219
8501 9231 1574394
8134 8253 2221084
677 4599 681197
2679 3844 295530
8944 3955 373187
1596 3759 983782
6751 6217 864345
728 8713 1487162
5951 2528 13584
1225 9538 612475
2598 140 788373
301 1458 251059
514 8462 419351
8028 4826 707236
6532 2227 54367
6415 6187 703162
4063 9502 302582
1163 5580 220860
4006 9232 317205
4954 2361 782005
4379 1593 222005
2881 9757 36285
1517 8353 1204421
8735 6635 234345
2164 7744 16175
2319 8601 620231
2262 4524 452910
8446 8051 458272
1143 7636 1282485
6535 1404 104408
6388 3656 179064
1124 2545 2091360
6550 6085 1201742
5315 7990 3241466
7863 780 102738
4765 378 383922
7112 9180 181064
5899 2866 114211
5464 9369 1826111
9045 1185 520540
8138 3252 384594
7428 5754 1382532
3326 2160 589503
5977 7634 128446
4701 9820 1087716
2059 4326 174784
2222 8864 138618
6717 8544 268456
1877 4861 730874
7922 5107 1185001
8836 7799 1059613
7476 4503 538196
7254 8237 197537
9259 3507 1146753
5164 1385 169700
2708 1938 110475
2372 4156 1166162
2663 8792 1332233
2930 2205 63530
1097 643 256526
6673 6935 419261
2708 7047 815992
1076 3596 284433
9508 6633 528548
2325 7690 412965
5391 2366 487543
90 2809 335483
5032 4719 476955
3435 7580 408672
4158 2500 1155578
9083 9081 211423
9905 5220 54166
897 2320 1825777
6559 3723 464755
4115 1210 29342
8605 971 178472
8742 1360 90626
1629 1870 179583
6750 963 94485
6793 9150 18178
3108 1856 42972
3545 6204 267269
1683 5517 39394
1262 1806 1180386
8434 6281 897822
1378 6529 535485
2655 6430 1666004
7541 5925 1350902
992 1017 343987
6994 7385 548005
