124
798 9219 73923
8920 2407 2466322
2517 597 141540
9638 7208 5146728
725 3577 471175
183 5272 250517
2196 8004 987058
9332 8565 83359
8131 9778 300076
5305 6360 1604409
8734 4012 146296
3865 3654 751236
4145 8857 201515
5231 2601 96259
7392 7580 771363
3489 6919 89772
2308 8227 1918951
8694 1010 2029321
71 944 613528
3777 7015 1235824
4263 9518 221560
2565 9021 82128
6340 5102 1102952
5041 8716 917707
9286 874 487809
1767 7750 209203
3501 585 627281
6916 4495 47619
6486 7191 3379242
3617 5096 2897965
3431 6333 490740
6663 5492 497635
2423 3261 401360
8467 4612 932732
6810 3989 194542
9965 5312 245621
9234 204 772965
6156 5009 857035
9086 2778 1609432
3776 4609 8171
8885 2423 386821
7870 2942 280391
4090 5974 2008200
8398 9979 625534
5340 2709 294951
1823 5907 375306
119 8649 79445
7447 1863 376652
4660 4764 479102
2911 9158 1704
3209 8184 195266
2662 9735 1713397
6503 9954 1318379
8798 4897 3052994
5097 6803 156747
1011 96 58817
4304 999 242520
3611 9982 428141
7616 3968 84711
9630 2204 690365
3171 9286 2527106
514 3954 1038387
8734 8293 574571
8693 8207 441757
7167 6631 340016
1223 4864 47441
5142 7159 278545
496 3349 1310443
3006 7791 777448
4174 7039 790986
711 2191 3258840
5549 1035 1054623
8632 5427 330201
5602 8951 756767
5288 1067 716640
2320 1366 542993
8493 7824 93277
9486 2971 201967
1942 7451 1031118
9916 9812 1300434
1885 8381 557257
4671 5919 148052
9193 8063 498958
9828 260 2866122
8883 3857 51982
1193 2443 614276
1054 5456 45048
1486 7869 3180
8016 6572 960385
387 1862 1459490
307 6319 122193
3615 6715 180454
1825 9577 2290278
1995 9183 132241
1555 1128 24605
8988 5898 616762
6797 1927 1722662
5378 364 68035
9267 5901 495170
3493 8343 2525195
920 6474 722198
41 8091 92
8295 9508 337417
7080 3626 903788
5224 8216 803756
593 2383 1131157
8853 918 673836
1084 8948 216944
5629 4595 1440450
8394 8597 1690373
3937 5178 642614
4943 4054 11413
1491 8513 308498
4690 5830 701535
7904 308 648159
4197 6903 1000214
2478 2827 297153
5513 2512 1638803
5540 3258 2562665
4532 3856 1078888
4511 4451 569995
2361 8519 704168
6709 3752 902444
915 3417 5221
