55
3261 4286 1313115
5272 4166 2861661
7855 504 456608
554 1372 689039
1312 2657 7767
9473 3511 357718
4861 2547 1516219
2781 5432 2139052
1693 4639 193423
2037 4730 53087
4903 2233 2052690
5727 2530 751545
5998 3386 389099
3887 2606 3633296
459 685 1249435
9306 4906 1766513
3416 6880 170852
9177 875 1533943
3599 7351 965968
7298 948 1687413
535 2034 2126710
2996 6562 1424814
8916 2214 7893998
6097 1715 447937
4778 6404 1002593
3469 107 364244
4471 3994 3909636
6239 8610 1041126
5493 7825 904173
8663 5584 1009406
3603 1233 4996975
7616 7083 952389
5145 3289 7311288
7130 1229 5461088
4758 8593 517255
2432 5034 6786
7871 7538 95090
4786 9503 2782879
3213 7847 8325045
805 6963 494138
2464 552 263479
6313 5265 1030045
7855 4957 348209
4280 4040 3679844
260 1125 1610318
9966 9393 313428
2513 9478 1113181
4508 7310 3249069
5182 5519 112151
2986 779 534813
5223 2668 2362312
5168 6638 250554
7132 462 2852492
483 1910 5407021
1104 1475 2017071
