71
5062 4116 1490890
899 7345 1488817
446 8191 1113844
3720 6024 213835
1754 484 1692140
5878 3585 231005
3024 4525 472895
5017 2491 604186
1783 5200 89804
284 3212 648262
8123 1926 825992
4781 1079 4569169
9436 9801 1347139
4602 5453 701558
2274 7629 83880
4175 8356 3179169
504 560 493381
5143 8635 228231
347 9122 663610
2898 7731 164907
8886 8244 140422
3549 7326 1265388
8847 2182 4376873
5018 9098 209284
3422 7404 2806077
8830 113 95361
3183 6114 7415660
7847 4352 14087
1834 6697 31272
3459 918 1617630
8190 2266 210153
4895 7626 3895023
4509 2573 906398
811 6334 1431236
4078 4800 206226
1322 569 3813123
3987 2334 3280313
5137 761 1129208
2561 3860 2480902
3797 166 583272
5725 786 348994
6932 6148 3213449
6905 3862 786100
4710 2674 365989
1731 9391 674007
6289 1661 2481970
5419 4949 2888835
3708 5276 639704
6723 6894 1165020
7952 3806 563169
60 8689 444101
5537 3939 2350974
4675 5101 1021119
2459 7601 155947
1468 3079 181902
3787 3966 1850233
2617 1411 2485118
4827 1 2004356
6297 3894 58017
8434 8767 1833074
6884 9650 457135
8853 4379 1712539
8949 6752 549946
5845 2694 220965
4003 4391 196551
3604 7684 3420827
7879 6901 607809
2108 7326 3578208
916 1784 1396116
7869 1457 1993767
6961 4229 4143437
