168
1306 7763 545472
5469 1295 48930
3458 7846 468946
7523 2347 205371
1110 1178 136104
3218 978 1752675
3823 2288 134578
906 1730 48622
1460 4512 584409
1118 4053 472032
6403 3358 297073
6737 5925 387448
4577 3910 304498
679 4955 3505310
2152 8983 349145
5128 9724 982623
9192 9387 587695
5197 2419 1995309
9152 4615 525723
8348 5449 513808
9301 1512 743468
8227 636 754798
3953 4129 1527728
8940 6174 764239
6071 728 166292
4132 4979 1152994
5818 9304 146787
6355 3996 190439
6907 6625 1115320
2028 7627 864242
7992 7737 472380
6927 3063 163242
7359 860 148004
3443 368 244640
2791 73 749643
6166 5226 544539
7079 100 524624
6985 2066 159683
9592 1347 913419
4444 4177 158804
6282 920 500721
5540 8816 373412
8924 4728 86423
5054 4242 136098
2804 9389 258451
3881 1788 587502
3517 6874 154332
2146 1673 354821
9869 8388 342237
9664 5854 90454
5852 7889 364719
6085 9504 231672
1215 8542 1191339
9180 4397 457331
2402 5638 22891
8084 7423 682294
1578 33 403016
5069 9715 214471
491 4691 321443
5444 3456 693469
7673 9498 73619
6127 1857 297327
9558 851 65487
7795 7467 768337
6792 2148 1688794
8774 7789 32088
6752 5082 1946031
4989 8023 49421
2364 9919 319999
839 8077 2384336
4107 1580 132914
7005 4549 521601
5156 2261 724201
1210 6911 590347
3094 53 23378
3637 5592 570035
937 7948 1879498
677 7906 480795
6551 7867 331595
8030 3232 942600
7622 6295 327308
5890 1262 115879
6395 6089 917565
1047 5736 190082
9786 7446 310852
3116 7001 426162
6576 6018 574131
8964 173 263853
5881 8811 1319019
9464 9928 1698375
3920 5224 1410748
2930 6443 432627
8317 4581 91157
6098 3401 224757
7042 515 80372
7116 7544 11693
2368 8423 1349271
4892 2586 230286
1650 3982 260304
9453 2420 350585
3588 5389 125463
9831 5002 122273
2822 2053 584343
5365 4958 427407
645 7886 471708
9671 6590 1277720
9732 8510 27480
8876 6712 1835462
4587 5953 164330
512 3293 84110
909 9333 243706
1585 773 303791
4102 5856 1739994
4726 7836 33069
4948 6727 357854
3468 5057 36282
2520 4224 198138
8860 4261 20031
4506 3244 560312
9947 7667 2874573
687 55 648510
9437 613 759622
9057 9658 1121090
1150 7358 169558
2446 7373 258104
1941 642 477272
6773 9180 788683
8195 4014 251444
7385 8127 532647
2403 378 1024258
4159 6107 759656
2978 9751 241602
3614 2289 196886
3813 6783 2808856
5815 5411 445890
8535 9656 642862
5054 6387 531038
5755 9887 291852
322 6231 444028
4559 6139 41830
6671 858 750117
1707 7262 35596
555 8051 608784
898 9944 652326
9538 103 982683
1982 5895 727923
9204 793 1409713
1031 7735 634300
7126 9063 546154
878 4177 1962550
4186 2474 534133
8822 1047 825340
2901 3708 881294
79 8578 82345
107 5382 1760850
9278 2784 219049
6228 5633 168401
5031 3335 22443
6797 8991 325439
2368 3297 1012878
369 6059 140660
7379 4158 611330
3701 1541 1535770
5055 8018 442175
3558 8295 438361
3972 3557 279250
5856 6666 793349
9912 5 467472
