197
5286 7514 255210
8435 8927 6049
7255 9034 132338
9191 6551 1365210
2779 47 137768
6758 5595 831450
2010 6845 674847
253 152 626091
1323 2334 1446448
8179 8586 138577
4653 6915 561260
9993 279 2028094
2639 7078 33934
3444 9301 520204
479 735 953153
7176 1809 145569
5175 292 315186
5707 5761 47935
1408 7911 121527
8642 1641 617812
2932 5562 347878
6086 356 1285235
8249 7077 69467
1097 378 600317
297 4364 1072411
885 3398 563620
2067 9091 771346
1481 2043 956090
5334 5443 1428925
7329 5544 3566
5666 9262 299059
326 2611 73128
9351 2132 101975
9610 4548 22354
6941 2394 113359
2433 6043 593244
6818 2931 840818
515 6632 837054
2759 6905 247481
6527 7171 208125
1630 5291 48691
1841 5409 195739
8639 3169 895169
8861 1969 1064541
2250 5120 718
4732 758 522045
1799 3946 1665457
6463 7412 98660
3768 8791 344747
9949 3592 881228
7518 6554 890880
78 1959 91820
5928 7507 530258
9238 1508 192107
286 1793 1009534
588 3412 138256
2703 7802 1288538
6729 5586 244726
4512 2318 149992
4636 4426 704600
9665 7262 281110
1475 7794 1617943
9638 1518 330179
7085 8615 581261
6535 9390 307100
4011 5401 497760
9430 9452 252433
1127 7803 469075
2887 6954 340744
8848 3169 221942
1254 422 187731
2452 6644 13664
3560 9575 46147
9073 390 307583
2298 456 1221612
992 2103 882602
9003 2004 871587
6741 6658 315430
4436 5915 424846
306 1904 632926
6680 2041 516491
9584 5959 508036
5717 9868 529485
6881 5514 76908
3886 94 93277
7121 2321 96009
5057 4720 904276
2483 7475 454612
1027 773 659924
1659 8725 101077
9292 4105 484137
5871 5965 1125158
1317 707 774171
9819 3763 235310
6354 2096 233197
7624 1351 559249
9030 8490 314443
534 256 370200
9455 3702 96144
6483 7930 66070
8974 6842 419507
202 3746 205772
2276 7521 202300
3396 3094 263832
8114 7784 170331
4137 5795 144512
2827 6238 1064297
6700 6970 4894
3225 7452 315128
5415 6105 57484
2686 4583 303535
8056 828 21112
5496 8709 1563418
9087 5400 83879
5441 9226 164705
9139 5933 104725
2015 5930 52446
2879 5472 130839
4779 4664 787142
141 1326 295960
6858 7327 495492
882 2819 86571
9467 5214 575970
9821 668 363749
1949 5008 636463
2254 6063 250973
5172 1320 224177
7610 8279 322145
4962 7434 630252
1832 9488 127581
8517 6645 412378
5 5383 1113816
5379 6898 1172316
363 7053 55543
2077 1255 505094
6030 1097 84250
4952 4579 1225838
17 4449 511378
4618 5144 475430
6028 4089 78583
7033 3876 36380
114 4125 729299
6470 80 293936
9503 943 889512
9634 1189 518441
523 2048 83853
3948 7602 272665
9853 2526 748343
6140 2168 840967
8636 4953 2218820
694 5103 475053
5742 7922 43054
7796 1971 249716
2784 4641 218394
8884 8081 1334858
5866 9099 946374
2341 2910 1862000
923 4912 664013
544 5668 149466
9262 9480 83823
8231 6554 1168883
9403 191 505349
4843 5343 23993
7056 6536 495817
7867 1885 619225
5275 6778 71998
4453 7075 804078
755 9228 1822491
9664 6884 881639
8165 8846 154185
4055 1536 159493
9506 9412 26677
5106 4186 35859
3049 145 85684
5140 2321 73935
3224 8911 149203
651 7936 830997
8927 3124 3374397
5191 9366 255905
2183 8903 1416066
1711 9436 624412
165 3301 1060208
6176 758 268754
8338 6204 89062
7684 8443 1017800
6159 2 150371
1402 5690 670080
9259 956 2085811
6083 8670 162601
2333 8798 507738
2451 6059 199869
5397 4648 155915
729 4421 355454
3961 9266 205029
934 9837 22780
9980 9578 633950
4775 3804 117839
