81
9522 7306 406932
9693 6735 5550444
8864 7056 4505474
1859 80 194791
2105 8575 468630
1021 5304 438583
9340 4790 606934
5202 3128 348952
4737 4904 3306886
6634 5523 3526666
3010 341 260667
8620 1496 1718912
891 1410 5861794
1874 3085 169088
2947 8198 1086554
9454 2572 1477139
873 7019 275539
8079 40 183028
3054 9872 461339
2061 8860 516578
2259 6545 2261743
5338 5978 1252156
9752 9772 2272840
8289 6145 439488
3805 5158 189214
6403 1873 442124
8873 5055 49531
1004 4107 226688
1776 2711 1768789
4501 2657 1400954
6043 5860 1109989
3312 7183 297047
7467 6758 237938
2165 3188 888686
4131 8910 1305698
11 3043 200801
2499 8953 414845
5504 8988 2714355
8591 4389 213486
7546 8225 1226344
4905 6219 21790
6249 1457 779050
3243 4877 1795806
7260 8330 2056952
3169 9331 1641658
7967 6238 258268
9953 2316 1612882
1149 8616 2406332
7863 3374 1373180
9986 7330 532533
2185 4897 53260
8611 9101 469239
2598 6501 2481590
7588 4076 129385
6182 8938 2203233
499 8001 1237278
4166 3242 483865
9426 6634 1964217
9172 2185 411486
4303 6802 101220
6908 8590 533210
7655 7743 3339300
7591 4018 1463094
5179 4214 3795725
6890 7372 1117825
5900 4898 7349
4288 1703 1433267
5890 8948 747388
7050 9168 1823672
9877 9788 538956
6438 8459 2437509
516 1976 3000826
5914 8081 17433
3195 9089 186460
5104 7873 3443766
4209 9809 468707
7111 7467 288491
7934 5746 119030
4634 6255 9600
7425 2768 2723482
6507 5821 214040
