119
2589 5002 315824
9789 7840 176248
2944 9826 469336
2902 9892 18437
137 1374 290398
2498 2742 225639
598 4459 1457848
5707 239 1195476
3411 8204 3615168
4062 6620 509716
1866 4241 582252
461 4465 1224614
5046 3611 336703
3995 358 1176680
3934 8116 2237086
2416 9579 204418
7719 3211 1301828
5175 7260 100516
29 7397 97557
7005 9727 764639
2905 2416 196901
1545 4930 51252
2119 5861 151025
6417 4220 2803369
5166 8990 2492513
1903 1326 1176400
9547 3879 101983
3242 3764 1113053
9819 2618 49754
1505 5471 2578563
350 2167 320337
7205 9099 156453
537 2518 49063
266 7179 206358
4483 9367 345969
3072 7023 283899
4337 2878 954447
1777 9095 1069140
5895 6647 431251
7695 1212 3900296
2090 2306 1141350
6831 1039 188623
1312 8464 1364694
5415 8188 403079
9155 6017 1040122
5759 4186 461864
1133 9535 356824
8702 3541 106805
968 3656 994142
4948 368 595852
372 2962 960215
9782 9053 524707
7118 3240 103327
4159 2168 185775
5324 313 506363
4024 7300 829135
2905 595 146626
7507 4722 729008
5409 3958 34049
6813 7879 97447
4919 4710 3716392
7364 4263 493006
1428 3576 176639
6463 7066 68129
5668 135 721970
5142 5750 1650478
9665 4787 395607
2363 3740 613215
9625 5423 963850
1832 6508 175288
5046 2010 580482
7612 1368 2218623
7679 2074 1956998
1328 8332 498848
8494 3750 30726
6274 6614 2086097
8018 6120 1432725
138 8074 594088
1486 6652 227788
7458 5030 601951
4969 2148 114498
724 8210 49377
7302 331 294752
5344 3777 97269
4787 9959 130720
8242 6989 188533
9115 8484 2060968
275 4250 552602
3678 7588 2337204
5287 7728 858243
4825 9022 17968
7866 2400 152146
6868 2009 25427
6551 2964 79057
9893 8222 936609
5864 1735 548320
2902 2418 1813024
3582 9321 1351516
6585 7074 281728
2502 5188 345415
2430 4427 935182
3878 5838 1583212
7754 7024 235179
5979 2069 489239
1816 3339 730933
2490 5995 913226
7865 4164 3207454
4817 7278 290263
1362 5706 4432821
9024 5968 1368898
3895 260 280031
5312 6595 447395
7688 5223 528722
7701 9436 57990
8277 4205 712726
7380 3922 1097727
8783 3126 1397140
7277 8921 2021884
614 3885 2329286
