170
8850 2830 528154
1537 7768 128157
3787 9036 121968
7826 7549 351396
7864 8584 134567
1713 969 177934
6423 953 1675132
7411 706 100978
4648 4659 1247083
9186 2714 674310
7884 8596 583111
8993 8635 1093958
7404 8058 670170
925 7924 424163
9210 4194 125099
164 9511 366236
7986 707 125771
6402 4105 136087
1032 9084 1032364
4232 337 265502
7314 2459 421676
9597 9776 1132991
828 6433 492378
6969 6261 2003621
558 8714 1126734
8546 5767 125677
8729 5225 1974111
5374 3820 69418
2819 4002 315421
3553 1396 503244
3830 6699 100882
8746 3840 2710965
2761 8531 1538383
6104 1563 757612
5030 1467 1064249
2816 5755 200809
9292 4131 440816
1609 7299 1875978
228 5200 81840
6323 1910 614715
4908 3078 269751
9263 4525 1520349
6187 3840 276010
116 8166 637548
4881 1451 45489
4820 2410 564161
546 4809 2623728
9356 5349 660189
4474 2306 1102556
3466 8918 330082
5275 9596 9433
6872 2066 539694
2249 1315 149469
3781 3477 24158
1511 4881 734115
471 2174 897885
4203 6512 185836
7222 5068 321990
9383 9232 4197
8107 2747 1335945
1392 3699 34593
3034 8133 24797
8395 1222 768643
4192 8334 1318175
6524 5870 36823
3253 6860 316002
6013 2017 406495
2646 3918 522452
6736 1472 40236
8241 5493 554795
1009 842 1198192
1154 953 112870
4205 9103 717253
1060 3302 345507
5876 2354 196012
9695 5724 1252402
4718 8308 664413
8966 1178 143323
4223 5936 1589325
8664 4821 130103
9641 363 477735
7658 6859 685714
9581 2510 1459439
7699 4072 15782
8713 3560 425923
6353 9715 235454
6684 9991 716728
2145 8207 1530827
6966 2361 234252
8863 7720 370410
5875 9953 331329
3564 2528 76936
1289 2541 451507
2221 3962 209549
1089 719 146069
3713 8709 1278193
8587 9329 710210
1304 2174 235291
8815 2340 249962
630 6636 1043350
3268 8245 382980
5095 8102 244049
2336 9967 2139468
9231 1089 137706
5315 8747 23641
9617 5682 190423
8041 401 74237
2216 3242 1123340
9095 9359 89654
284 8528 1473061
4448 2845 482169
7694 6822 530881
2150 7928 26141
9683 4412 884333
1772 1616 66374
3817 2932 396107
1011 6623 72946
6148 5154 675996
2899 853 276353
4258 6395 133793
2625 6092 92758
1093 819 38680
6818 2578 478198
4594 8725 1008682
4383 7583 906335
5216 3863 76903
6041 5894 735326
3032 5037 680182
4100 4620 497417
9782 9253 1051735
397 2466 114765
5975 2312 1727968
4589 7775 36383
3364 3485 250751
1312 9874 782619
2967 1664 227672
8241 7743 1338366
7184 7372 1589802
3450 5514 506277
1251 7382 402815
9410 2625 301791
4816 421 246709
959 5851 33612
476 2607 648724
128 1942 355424
4433 6980 692687
7437 2656 823251
8123 3777 263938
4311 7252 113037
5129 6580 1137206
7077 1989 87518
4393 6221 1457127
9204 1127 30266
6342 2886 357387
7456 4499 2435091
9692 5790 1119292
211 4734 1219685
3970 7442 290216
6950 2845 332966
5797 7970 22445
589 9939 64779
7591 6992 1085769
7895 3099 816417
5141 2478 78266
2939 1390 6199
9183 3988 266278
1004 251 561398
5630 7748 1409964
2310 6606 31539
9599 7967 740417
