103
7602 9240 168312
5172 8252 1675398
7701 8106 267545
6030 7846 2095964
6252 4531 587505
9981 2720 542883
2072 9046 220597
3152 9339 463076
2411 7912 769309
7940 7690 1753518
4911 1018 751527
6752 1754 2063671
8045 8565 2638257
6138 5710 1131844
2369 1615 1437617
4289 4795 391363
4652 835 901837
6529 1174 1284980
3356 4505 526270
2416 8759 35859
5917 4544 4135
1800 8340 1060331
3093 4854 434432
7400 6216 1906620
6352 7317 932258
910 9583 83715
9553 1889 187161
236 4099 217207
5307 7042 1200325
9527 2801 62172
9509 8351 66226
7214 7027 1309893
8647 7712 624384
3891 7413 488383
7285 1078 926707
1153 312 1361612
4642 1917 107652
5392 4086 758938
3372 6010 1243763
5244 4057 1486731
4594 8524 2068364
4615 4325 1391877
2922 136 3942774
9361 6250 45932
8453 6850 347779
174 2681 1821494
8436 9201 625017
6526 8483 672261
6866 6766 823366
170 7680 425206
112 3086 3657234
1931 1752 531396
6905 2775 5186622
2072 9028 2225780
6848 7543 897680
4982 2544 485506
4328 6305 270510
8194 3965 260656
539 1899 214884
1545 2059 308734
2483 4751 1360179
5066 5391 34776
104 8635 1585016
6662 6120 154063
4327 4598 359262
1000 1911 681834
1565 8814 36129
3743 9569 480623
9782 4802 434383
9456 5586 391867
9268 4009 1134604
8270 4046 427600
7782 4254 434089
5153 8494 2198547
9167 9971 1665678
5427 1823 93943
8613 8094 502733
9962 9656 1337647
6210 9553 375104
4504 3458 1983668
9089 5088 457964
34 6961 675417
4636 6445 1478148
9232 8265 552117
2440 2233 3084408
9403 1997 349867
5687 5795 501998
7594 6659 377889
8013 9416 473916
5493 1246 698908
1473 5148 600312
5776 2483 313074
6359 4543 4452593
5376 7549 480749
1484 6907 1296981
402 5340 3076585
4488 6594 1478620
8476 9793 181809
2627 6796 209690
864 7476 1640864
5491 6452 887514
3182 7326 637718
2144 345 48065
