70
3960 3080 1159265
4272 2963 699210
9489 8829 2460794
519 8820 136591
9596 5501 2587290
9396 9666 6796
1985 6453 3020825
2754 7843 3382082
6349 9320 308253
6482 5867 263127
6150 7841 873932
5561 7813 1955149
1930 3193 819110
7157 5698 57079
5410 6654 491016
9522 2401 697301
5797 4091 779819
5800 2577 1606180
5307 3960 248471
3642 2991 2428115
1340 1829 1809514
9233 3005 330406
1632 3252 1739945
4347 9329 3568020
7623 9731 1696264
6190 2647 5709893
1856 3490 1535237
2254 6051 149759
709 2877 2219793
3067 643 702520
460 7610 1900049
9195 159 26742
5857 4036 590887
6200 2074 737194
822 7178 987672
6829 1691 1106006
6984 7655 535480
3939 9774 2389723
2961 5894 417311
6842 2124 451616
5239 8624 501076
6958 5790 366329
6152 7086 533381
8586 6128 525084
8727 854 4200511
693 4275 306084
7299 2828 1155014
4161 5166 1312974
7013 3273 4560391
7577 8382 748178
1584 3046 1241761
6258 2852 884435
6266 4164 231029
2536 1232 1281174
5515 616 509040
4560 5874 82281
1818 2246 5850618
2759 9154 1309478
898 1600 1848551
4095 4936 2887198
3801 7784 1363337
7788 9308 1416541
7545 2351 3293519
6354 8891 1786458
4721 1434 716656
3470 8814 42444
3071 9001 996884
1734 8664 2356208
9992 8491 200862
581 3893 4908068
