176
8069 6683 96526
4925 3760 369232
7126 5179 760264
1896 7425 157807
3306 5567 1094358
9488 8822 109443
7903 6513 282976
6016 1556 179784
1297 8801 136847
7345 8775 979684
5794 5691 45373
5969 1585 1214093
7433 9792 97843
4385 9684 812208
4296 8224 138093
618 2604 616933
136 89 75078
8787 606 2629921
5961 2008 150728
1198 665 1022725
7628 8973 308312
7526 3691 128328
4549 2630 162684
6064 709 1492010
9500 8605 396360
4355 1026 61522
4979 7317 625841
2757 4086 149948
9108 7049 765872
7930 1474 25267
2290 4915 597817
7109 2083 63052
1855 5661 340004
2037 5669 356983
1323 1306 213041
3757 800 1530402
806 9034 250739
2250 2168 109461
807 7594 361012
2256 3818 1147744
7448 54 1184067
905 4289 912194
3962 8737 244714
1943 804 327643
6199 7730 188940
9434 6034 110996
8295 2230 11383
723 5690 1192006
8468 2286 485882
6191 6244 120301
4207 8484 415007
1138 5355 451902
5776 707 282117
6200 7598 401775
7884 7750 430605
2736 4830 1903837
2700 2053 204947
12 8549 562603
5065 2626 260676
1870 1687 819754
1544 6824 610342
401 6278 196103
7832 4274 10989
6843 5708 412623
866 8892 205281
3023 7355 1598142
6561 6364 748496
6190 3095 189323
1583 3114 651743
6651 7502 219289
388 1273 473002
3832 1373 66866
4730 8158 2086475
8735 2027 361506
6468 8293 482454
9722 2773 1304780
7450 6955 496494
8997 4074 332994
7254 2828 215572
4361 3286 348323
6043 4685 929606
34 1926 232448
8073 969 274713
9605 9259 735730
7143 4085 85202
175 5534 230121
2125 1658 490590
3270 5805 683540
9229 5944 570546
4642 9068 726712
8705 7791 25587
4822 2037 7138
2726 3978 620953
6622 5197 1351357
3296 4260 1633362
8892 9507 649684
5628 3992 27558
9756 3311 362461
4721 5716 69205
7958 1519 340059
823 4261 1001384
8921 8127 706010
3626 696 1180295
335 8909 493179
2602 4418 509299
7124 591 1048335
5459 4367 329517
7479 1376 143352
5281 8993 136284
9670 4235 340401
6082 6861 75013
3869 9551 3745366
8416 4253 1996744
4000 8668 374193
2320 3261 589069
7232 7001 1034181
5324 5068 54882
1509 9807 338179
6174 3971 1065670
8345 6337 157535
9245 7659 278237
9557 4763 2044032
9222 1539 389935
768 8033 669626
3589 6164 11482
489 7062 963918
9420 430 61814
7823 3426 1695905
6086 722 692553
4478 1758 114336
3825 2138 36364
681 2304 477851
4201 6278 263193
8589 181 983112
588 8167 92754
6794 7437 297855
1989 8603 388427
4015 5689 1247115
4106 8241 323335
4178 7626 37452
3217 9647 1064254
9113 1858 769425
3398 1696 365661
2021 6328 723875
333 5552 608405
2474 1043 856522
7213 4232 1397709
8779 6067 172710
2761 4233 349452
4778 9689 397280
665 5233 474711
1410 7950 443204
5816 356 668655
2897 9015 453885
7649 4872 323177
3026 6706 1148088
1682 4599 601235
9584 7385 356934
6950 1021 134343
2704 6839 34776
6061 6949 574732
8183 222 2589029
2188 2805 1074082
4026 8233 1247017
6289 1818 790020
9247 4047 58183
9170 8902 15702
2531 3491 278205
3213 5926 152563
7911 2408 862353
517 4156 993173
4678 2904 245012
7246 6139 552171
9654 6195 781200
337 3560 93808
9885 8959 335232
