113
828 1478 1304269
9474 4812 222182
3437 6796 1026972
8046 355 2327374
10 3077 800905
4638 4357 101451
7236 7 183195
6517 5926 1110946
5721 2529 781820
6272 4447 1530419
5922 127 785053
4500 3744 341872
5076 5264 1838018
8076 8937 867190
4306 9126 79766
9761 28 166567
4437 3709 1201041
1930 1197 1927249
7214 6565 459788
5182 424 349195
9982 2085 901878
4273 2860 243782
2429 9401 1735865
3573 5237 2371526
8097 5387 1090916
203 9234 1032832
1007 7175 161529
8318 726 347291
9093 4857 494073
5651 7484 706084
6074 3497 1007827
6454 1329 3849
9435 6060 100227
4644 2815 384460
3450 1300 1365240
1956 3129 623116
9996 660 1291280
5570 5430 525985
508 235 472319
8981 6643 76558
233 9381 144546
4870 841 21964
6111 6579 2455729
313 8415 328294
3276 8371 595750
7202 2628 2615197
8915 984 1112285
8709 3667 345562
6617 9375 135341
7627 6421 1518424
9960 5612 357216
9216 7567 158247
74 3524 404828
280 8835 513152
5314 4129 611660
2739 8342 463419
7561 4060 732897
480 1090 1156288
58 3677 1006125
9912 9260 250151
1954 9656 1534896
9299 2587 193281
9484 6122 1619109
4122 4880 2431284
2256 8736 692970
5066 3565 625149
4135 6612 954133
9097 152 857805
5546 4035 37718
1358 3346 3046631
4801 402 719605
2736 8146 3705853
2245 2034 222839
673 586 124367
2126 2403 1260598
7863 6572 2093668
5991 9656 1587946
8449 9014 893150
7354 2328 552919
9938 5705 879208
2263 1041 974000
522 4325 749741
1812 3348 1887940
3816 8433 4830783
6362 4906 76886
1264 1300 63442
14 2018 1085855
7562 9855 95016
6671 9904 613801
4375 20 636296
4136 7355 579515
1822 3543 2437
6809 485 1487041
9034 2892 171648
3587 7531 486558
2769 7856 72148
5023 1275 145131
9798 7470 946851
7584 8657 1249795
8269 2752 314457
5890 6077 34065
9545 427 738696
7018 7645 14639
2224 8884 225948
2177 4400 3568154
3444 8716 713660
5720 2021 3199761
637 9032 1157831
7671 2453 353963
7082 4645 53698
488 6172 488714
9556 4458 442252
9716 4911 1237165
