65
2090 280 2572376
5597 9111 4517956
905 8661 109868
9177 7852 302977
6703 1215 3730253
1482 6100 749046
7993 3543 1236011
7531 1132 544045
8978 1092 2645949
2252 4097 533211
8090 1749 1270998
5548 7969 4708371
2971 9220 1236204
882 9783 934665
6597 5293 763975
6353 5504 5145532
316 1818 2478441
9985 9444 1069852
4561 6095 980722
6443 9464 810013
292 9445 4343030
446 1227 982240
2037 5053 734572
4169 2890 1358583
5040 773 864430
8209 2470 2569733
8319 6738 3395979
1900 7190 1157050
7746 636 584268
922 1068 5381
9108 6721 482880
7731 3993 472418
7864 4902 409565
8942 493 91221
2728 9024 453936
4740 8263 3327604
1451 9452 2645529
7782 2481 2243389
6815 4259 978751
2365 8424 1044080
5530 5480 892023
4402 5099 1169646
7153 7139 1887073
6920 6158 1541293
9584 7717 1021376
5944 3440 512807
1909 6114 290476
3873 5706 5074200
3071 7727 1227278
6776 70 1667480
364 6464 349742
5653 6179 2395679
8385 3012 1127629
6993 771 195716
7309 9020 42899
9685 3170 1908117
6786 8952 324876
8666 5421 66005
6416 2706 1333452
4121 6507 993028
5839 1192 1595251
7035 9042 4630938
2107 8249 2803069
267 8618 2203034
9244 6035 261809
