136
1199 4965 1410080
5446 1541 1076958
1560 8040 523282
3961 3860 1378972
5917 1110 30855
9359 9930 1061874
2848 5555 1178145
7524 1874 48990
9620 9146 146796
8018 4507 753800
3879 2429 304830
3335 6840 61490
6596 3732 388392
7610 8399 132446
7843 2668 39311
994 7879 572120
72 1693 231447
5738 2568 385476
9259 5194 1179429
3115 7166 1144783
322 4479 886857
6250 9740 315624
2613 3470 1509531
9146 2867 289203
6997 1292 743431
9113 508 555138
6047 5007 148253
3033 6974 465226
8298 9012 33996
4990 4839 2364913
8127 9187 1441004
8118 5896 562893
2109 8089 45007
4322 8953 1389906
6561 6270 1055903
5899 1059 1097301
4661 293 239678
8088 8098 508237
674 8391 229710
3123 3229 450782
8694 3225 854590
4788 2759 304924
4259 5860 955878
451 9577 495371
9798 8412 335793
711 1380 911618
7033 7841 1154008
5813 8531 819999
4388 5569 119042
9155 8461 184254
1365 396 352661
6548 2526 817693
9778 5949 1367751
5875 6059 143444
6136 4166 215569
9508 4323 2697262
4243 9248 501527
3453 8100 1157211
5586 8844 373396
1775 4409 420921
5442 2082 434265
73 8068 331806
6697 1657 608940
3979 4155 435673
8111 7723 179280
3438 1591 242111
3727 7135 663940
7632 2191 412254
1553 5516 819481
707 1197 2316394
3521 2732 988738
2329 4532 1459758
9431 4856 937956
1450 2594 32817
8229 1201 864068
3151 6067 993149
7872 407 222275
7745 1258 622648
7350 6184 811061
3101 8815 1416049
8774 3657 150060
2868 9842 1171326
4077 4127 1342501
8528 6866 810699
5127 645 188240
9985 6938 121120
4607 7050 524574
4802 2279 646799
4546 5894 525158
6390 3720 917302
3306 3647 1576
7635 3255 439347
1996 3166 247030
4773 7785 676845
8031 2944 254795
2435 2901 289001
241 3371 1935820
3758 3566 1380459
5809 2279 461407
4897 124 2031229
813 1875 360738
938 1945 662745
9281 4333 315194
1023 1091 35656
5215 2772 680270
5744 8242 2021245
5653 2249 508400
7153 275 111647
8755 300 859770
1453 6166 282168
1361 9743 286982
2440 7897 799333
3533 6917 2499411
2252 7251 3535635
4075 291 1375320
3038 3230 324823
3821 2361 3274769
1587 5944 258812
811 8710 486222
1441 7076 37030
1982 6279 853976
744 540 46123
1489 6193 727538
4692 809 1370719
1128 9573 200205
6822 1857 865305
1086 9005 106231
4646 4930 1124469
9902 8387 1330383
8498 6769 163444
2200 875 446710
8776 393 2024101
2834 5504 1000931
9959 8819 1362628
4367 411 53833
7472 3214 134302
