183
5700 4787 49410
9878 6135 416498
5365 2545 24745
4297 2679 709459
5851 9266 480283
3800 1839 208385
6477 9296 241094
5085 4471 496260
3718 9033 381183
1118 2537 43110
9481 8441 354388
7312 4085 98885
4909 2319 332854
6503 9935 1251352
5135 5019 466780
899 8258 108706
9822 722 86417
168 3339 534118
1784 7263 240811
4222 741 1162253
6429 7473 1111690
4600 7266 943962
5003 1570 830698
8365 1292 775841
2575 2558 126444
5014 4481 453023
1051 6919 744876
876 1043 255612
6572 6986 170667
3478 3555 266784
985 9627 217182
4531 3340 165182
619 1291 670507
3391 4370 255366
7306 3305 1730634
8875 5628 5350
1034 9176 452771
9459 7181 747767
9141 2160 727427
2817 5920 765409
5969 9009 674631
479 4380 275216
4521 5890 949849
7743 8789 778044
263 335 82153
1820 3470 530186
1376 9470 168347
6197 3381 1199323
3381 282 245586
5247 3689 604339
6679 1300 1300935
7878 2952 1687127
6315 809 452245
8934 646 491221
2061 8780 299991
2091 3327 2195077
4497 6227 314148
4300 116 100213
9592 6825 393790
3853 9548 1144561
3403 9568 106439
5829 1839 870108
6798 3391 693799
7874 6488 1565440
6894 3095 188926
2925 6012 1073220
7969 7097 53547
3876 4030 1394296
8011 5456 460757
3542 7603 123489
4280 732 52657
681 6904 566803
8114 7064 210691
8410 7681 161364
2663 9519 105249
8949 1697 800802
9237 5725 571212
5338 6350 169244
632 9509 136657
5660 8403 73276
2887 180 30991
4809 7781 1989165
6330 445 257353
2937 388 519507
5289 548 171026
1417 703 695492
9539 8129 210063
7209 8447 2145052
3289 106 1185723
984 6072 319625
4238 7953 294391
7337 8080 356237
2004 7847 380265
331 653 215009
9276 6639 747374
3046 3085 302016
2593 7993 57292
4557 9268 50711
3590 1959 915052
9657 2868 379929
2389 520 160421
9041 4683 849902
1841 6170 494546
9147 8817 165988
6607 3681 516943
941 4387 1196428
2441 7990 216409
1515 6256 11005
2447 9735 2581844
7685 2247 195454
5144 204 552681
9996 3117 20973
9550 840 1692711
6802 9283 295280
3323 6015 197148
6662 385 58025
8753 3468 417214
3759 6318 38344
8060 3174 570456
5266 7547 430983
5568 4817 796533
3882 9138 390635
1060 6262 3351538
7611 8022 384043
6307 3038 47062
2554 7267 285100
6286 8396 105824
909 8511 808618
5961 8595 79249
8155 743 865971
7630 9912 1579321
6275 8431 448513
5715 5222 495287
2426 5304 159218
4688 1318 89850
5338 7719 143841
5122 8249 30221
41 4289 48851
3321 9249 52554
2869 1703 1451000
8164 3854 788775
9297 8494 1085902
1511 2554 359789
5858 5344 538453
6867 158 676155
173 9106 1601459
5408 3253 247209
2902 2233 852211
8634 3975 111807
9589 2715 43965
6321 5359 57881
1585 9368 195332
9126 9237 510064
6375 1367 28956
4501 9647 83950
7970 3889 72087
9567 3940 1539547
9785 6927 919045
5207 649 766672
5861 4719 108519
4857 7515 258661
1345 2144 85363
6519 3693 76656
2543 1245 111709
6338 590 648296
652 7241 2099422
869 5988 65925
1626 2845 171362
1681 9514 1034921
4554 8820 149518
2269 9206 257577
866 1676 1450381
3482 2972 263099
9827 8475 316647
5611 4625 769571
773 1404 1710603
567 4863 772379
4772 2779 545690
8790 1499 1531154
2198 9218 119937
8665 6225 284650
9605 2612 36491
9036 266 784812
