95
9596 9594 138556
6924 9322 1486000
9876 6720 19954
3710 1366 282619
3153 9753 1171989
7059 2384 2442967
5018 4979 580330
4846 2910 893825
5802 1745 176579
9840 1413 2988721
6986 4328 721173
4996 2985 560063
9972 9789 528978
3746 488 96940
2038 862 2004478
5420 9211 884576
5739 5582 1577322
884 2416 2920053
3128 5829 5848273
1432 7796 1386562
151 7394 157901
3100 1012 850772
9606 3519 617422
3097 9266 1709751
9040 1960 1315590
5404 7095 1397022
3998 2942 188618
3939 5485 505023
5353 4246 1728
3698 9326 940528
8085 9346 2066378
3389 1419 1460671
9777 5938 3116720
4355 8801 431119
9835 7337 1090947
9615 9626 1661984
7078 4737 1850873
4236 8825 2471974
2291 2782 816940
5813 3197 210862
861 6282 67036
1293 8811 97433
6742 4479 601787
9667 2855 282278
1810 6175 1068566
6531 2198 2937318
7100 1873 2668131
3681 1226 103375
6178 2109 1196446
8197 4895 120154
6053 2530 68134
4544 1054 627718
966 3239 385886
3347 2805 15001
6604 3404 1940515
1523 7416 2588929
7017 1256 483499
8564 7995 321663
2306 3587 4609970
6899 5419 1598731
968 7028 1147755
1242 4341 1491335
8277 4303 474966
8095 8901 930239
2513 49 289577
8955 1937 2030145
823 9775 956978
5727 6669 439067
8946 4632 630734
1361 1647 2915774
6613 7103 114593
3527 2041 303334
9632 2672 1821361
9997 3921 864815
6718 6445 771873
8237 7327 816947
8155 4912 105489
7680 7232 3438549
7069 6670 483780
9438 8844 20293
9784 7672 509758
8718 5106 1522912
2028 8801 156002
4103 7140 279293
9268 8237 160700
6686 4321 79962
68 7516 1150850
6840 3667 707427
614 4736 646435
1299 2524 140904
2513 1567 7065
1533 5230 322937
5459 5903 623037
5042 716 654372
5418 6913 1635391
