118
270 5494 317475
39 7076 199565
4837 3562 563559
2787 1590 238401
5824 8327 563776
2062 3708 2117929
3539 8478 32935
5605 6727 2397889
3864 5686 492638
6895 722 851319
2087 1630 333475
6679 3107 921657
9260 3142 89156
1405 2449 406390
3864 1523 244743
3972 7367 1430321
613 3898 311529
9038 799 221747
6789 2447 1592375
6852 1051 881186
4044 6297 49895
3242 4515 406239
5496 6850 834412
8985 8375 149465
6200 9857 1384331
3590 6967 1075937
9504 2455 2358002
3470 7904 1070045
6097 6719 506587
3616 7335 2071760
2976 5502 587251
590 8501 1837390
2105 4290 830491
6746 7582 400809
4644 2315 524152
2081 191 399246
7109 9234 124463
3219 8949 962120
2624 4761 247272
2028 4563 1697731
1734 2216 90314
6686 8690 80525
3932 9029 1587360
1221 6140 190012
9076 9670 980302
7196 2608 403257
1221 6265 1448208
6707 3539 464444
1880 3393 460518
1897 7834 562073
3029 4290 4127419
3495 8149 2609132
3631 8732 407704
2909 1106 1240332
2029 3942 1594921
6189 9728 732
634 6631 386373
1383 2729 144614
67 4839 1059108
5914 6298 752032
6214 2207 1191450
6330 350 471116
8497 9497 1645049
4384 4203 229334
9697 9307 393378
1783 7096 463330
5132 9267 179040
228 9584 236478
2289 1567 3566960
3866 882 1216759
9442 5326 171571
7779 7312 2494844
4171 555 1332922
9451 5349 1997902
7263 9030 409043
713 4254 1379615
1014 5097 669907
3249 7197 9115
9806 4526 2078807
1254 9205 498670
4321 7436 104756
8933 3874 306974
9268 3120 614181
1630 2168 1677191
1742 5536 179267
4486 7112 947085
3711 6210 1919014
906 6467 956009
7801 4830 2526709
3583 667 1774577
2640 1243 31345
7274 4702 1102412
1690 8301 1410435
3567 8984 70096
386 3124 916863
1616 8293 231742
7018 2002 653618
4837 1322 49062
2861 6004 453945
4211 6582 55427
9574 9270 125540
2995 9588 377136
7855 9367 558179
5709 5532 154986
5687 4427 1107277
7175 1406 459575
9710 6674 203259
7588 2190 2429419
2494 3966 1640772
4291 4389 1507362
9551 4943 1377981
2429 9291 45364
7139 644 848619
3751 8196 409626
3633 6633 179599
2655 4026 663996
5556 5429 189079
8532 4454 791190
