52
178 8112 808239
3613 5535 983154
268 5292 632667
2190 9313 366941
5138 8942 1296308
5110 5739 480126
2091 5849 5123777
2618 6725 539609
374 1410 2254349
6764 1701 765911
1083 4074 3007448
3218 4666 836687
425 2872 1344208
2379 9776 1580328
4633 8498 2990971
4209 1952 2167712
5350 617 586010
2692 763 68694
6611 4190 2541040
2449 4042 5508154
5998 3842 4409501
2789 1548 990189
8099 3550 386679
6319 8248 1302262
1468 7981 207829
3700 2044 1753788
2854 5362 593945
737 2518 1599031
1161 3282 5155320
6578 1789 1701741
5842 2516 3294796
3224 684 2028632
4246 2310 37600
9963 3917 1240328
4715 102 593593
4207 4301 2803231
832 784 185110
9956 972 6166360
7917 2714 3536005
7108 2227 3396037
7447 1254 1073585
1178 3698 1621857
6740 810 322398
8906 6789 2187308
8141 4834 3755135
3434 7716 6401542
2225 451 1058964
6877 6236 3368376
8283 7613 393021
8691 3705 2527077
8378 3016 763356
4336 5436 1263071
