71
5577 3199 444483
6656 3542 2773964
5866 9568 1976733
9123 2096 536015
1405 9513 285690
2601 1158 2725954
4229 757 866355
1311 3364 618718
5447 7397 3367690
7798 7694 3055637
1915 6886 3070440
3381 3527 1798123
1818 5959 1449021
8172 2824 969735
7266 3955 1896647
9810 6338 1729604
4240 2803 777847
4465 5981 2008249
3163 639 4374718
2215 7654 796507
2589 6816 819603
8345 594 358160
5325 1279 749457
6292 175 1258793
2540 6661 90799
5467 4980 807246
5947 3119 1660798
7707 4152 3447727
6176 360 298524
4000 2913 3150891
1259 7597 3690
71 7918 217084
1287 1436 1678094
7149 835 2305282
7267 553 25019
7825 9501 630102
7348 1912 839205
6866 7515 635699
7971 3143 8331787
9112 9451 122988
1898 3262 125332
2328 97 121091
423 5137 1036442
5358 3988 1415716
5354 5742 490718
1196 3003 1554803
7422 7096 769232
8104 5821 5335451
9711 3492 1683197
2038 9402 1385958
2495 9138 1348490
9925 1942 1665165
684 8498 686564
7666 8521 55486
9883 2706 3101821
8137 7233 1707623
4662 836 2227536
3112 8630 67506
4325 3314 1863438
5528 3923 454715
3905 2705 723154
6287 2662 41524
470 3635 796259
4569 6293 296627
8324 2925 321584
3657 680 1066665
1724 6184 567800
7393 1306 3204897
9571 5460 412518
9053 8122 1099953
1769 8045 1419657
