55
1242 1683 3116416
494 2251 3856743
6734 7061 175075
8319 179 1396613
7194 4726 1002863
2668 5569 2519577
4488 1224 5027611
4759 9849 804277
5173 5647 5128655
5026 9694 750803
8812 4223 81745
585 1633 641492
6204 8161 5028062
8683 8445 3101454
2567 7179 1789119
8183 64 1746267
7708 5170 1087287
8748 1290 893685
3362 3022 266958
8727 1622 248924
798 7489 989890
8845 5992 944537
238 6411 330145
4240 5109 1001966
8085 8537 3422239
3972 9990 2110303
9619 2680 3117891
977 4114 1766635
2382 1916 3080730
6235 7039 1134257
5766 3262 3760277
4743 4605 1537566
6237 231 407860
6886 5001 799620
7024 8158 1349358
1299 41 6531147
1259 3004 641424
8813 2049 1596172
4854 7635 1839581
8753 5082 4911472
3428 1629 829708
2615 5931 2125424
5036 3484 371475
1405 3512 1349548
5130 9105 1055754
1960 2511 3084345
5506 1523 30102
76 1869 1199634
3371 1126 488672
4481 2530 292372
9 69 381834
4054 8999 5906549
854 9662 913506
4328 6663 1854002
6062 681 180379
