140
253 8499 40652
9042 4648 79711
5562 1806 717397
6334 790 911082
5750 3681 594158
7535 7722 2046874
8491 5499 184028
1856 9263 136517
4421 7658 101623
5340 8376 828817
4386 3726 602369
2701 8280 583804
6847 9416 451388
5990 3527 1122646
8485 2847 467573
3352 1483 57649
2340 5396 532750
5758 2682 1518069
8103 3700 140350
2637 8245 354269
4401 3692 169048
5133 1037 146546
8520 2592 925351
2091 3728 1570826
5678 4094 62839
7468 284 270061
7385 6204 2378432
4505 8298 732202
2409 5032 3014514
5400 2564 573892
724 7575 2169752
1621 6735 254711
9996 6652 1646907
4621 43 876896
8931 6434 337147
6259 4780 1087070
3786 3087 806745
8853 6290 713527
1826 9318 1387481
7837 7695 368365
6038 8600 997959
9910 8500 727629
2772 8655 491429
7832 6694 779517
7602 1169 1508511
328 407 266949
3076 1418 769881
2163 4024 208470
680 4376 645030
9352 8436 468409
3067 1493 6687
2239 6267 242229
4819 5445 158751
2896 3265 1580851
5117 8159 910038
939 111 11665
8351 1259 33679
6989 529 1075128
9541 1773 4497
3375 7974 613953
1857 7523 180987
2069 4754 1033987
8699 6607 1245574
5325 7052 176800
6736 4890 489080
7922 3471 241302
6558 4216 317914
1263 4573 881853
1033 1335 964338
8652 3176 156960
3244 8286 197626
7360 3293 3824802
7494 4919 363307
195 6640 98963
1455 7764 1965829
5255 1611 328343
7052 1420 61490
2420 1405 438259
3681 3176 559537
7776 8129 3538
4374 7908 569933
1704 5596 14262
9880 9369 301267
6066 7069 2341243
6068 3420 108321
9132 3022 1231432
4836 8666 62812
6086 2196 1834839
3042 7028 54359
7212 6931 540999
4001 7790 329936
6272 7697 135304
695 4092 265014
638 8643 1327736
8053 4634 252972
8394 7610 1256341
9821 2958 326934
4667 5712 264854
6775 5156 2498489
8532 3131 483905
3600 6011 799875
1223 3930 444895
2541 7650 574621
9700 2362 1546642
9548 7437 485203
3255 9658 120166
7324 3968 875946
2680 9817 133254
4563 929 379226
8664 1318 1126386
1816 5683 1071126
4271 6931 412583
7948 353 1052306
2642 132 595263
943 3501 357369
3902 8333 383561
444 4546 1753310
555 8665 1635403
9989 1137 1754566
4078 5462 783839
5960 7918 303538
4111 1978 587773
1759 533 34133
1710 4626 485916
4065 9732 868736
420 8912 182355
3506 7477 71927
8145 1824 1634034
3572 8647 442636
1791 3294 1254923
107 2764 344750
7090 9018 1123504
7240 6537 887148
1594 9320 241770
3780 1599 1246633
2808 5121 1373040
3926 7594 1191235
3053 6550 384424
1870 454 689099
2799 6688 170145
