93
8418 864 1299632
8407 5849 99645
9247 211 2366935
1049 7340 1342449
8753 3764 1699034
7179 6805 2928103
2820 7607 477749
7481 7616 1190700
6960 160 201911
1672 717 1018745
3947 4510 328530
2381 2072 124181
6489 1347 857614
4770 6502 1014698
3000 6290 543590
1289 6668 707400
8659 2775 1133498
1753 2095 2194103
4183 9002 241819
5263 8851 1444944
7860 6978 2349597
8879 5216 832298
9919 3864 184725
1314 8809 271007
2104 5529 4563866
3963 9245 1034799
2011 352 960948
2699 852 1290283
758 7999 95179
4937 8833 475131
1895 2774 341111
4087 1441 439504
3277 2029 2315869
9498 4888 1868889
4481 6674 1788253
2401 9627 382131
4480 7198 314274
5468 5107 455610
494 8655 607254
7396 6744 2374784
8252 4528 2037116
8637 2051 63253
4327 2347 1575855
2889 2419 55364
7257 8600 1835163
4526 4824 496356
6562 109 219073
1545 4435 537232
2388 4775 560465
7771 8025 409736
1677 1338 60588
381 9255 1332770
1276 6035 1078480
9353 9653 665608
4100 1712 2515192
6406 6698 2558798
4413 723 1941415
1499 1202 296636
2437 2627 76693
3661 2181 15343
1863 4810 817864
9343 1603 2336951
8217 3859 1961827
906 4539 1918805
1421 1789 512407
5048 7880 817974
8183 6447 2472189
8801 7004 888046
2908 9555 2098860
564 894 1645074
2561 6982 353148
7951 636 609499
4178 3299 969258
8703 6732 73157
3153 667 1507849
8053 5258 3779
9937 9070 50256
1769 7895 1047637
8620 1108 683383
7811 5861 765386
2381 127 1566933
4930 3654 16888
2449 5630 3700448
1046 563 1934491
6245 1911 347125
2736 2669 1669451
9890 8402 820661
4112 4080 781745
7327 2712 538513
6569 8497 567631
7709 1421 2214665
1178 2215 792217
6454 784 1023955
