198
6179 2586 8102
9885 8548 294730
1361 7305 239153
6248 2510 206629
9633 7389 1037511
8479 5432 983460
233 5324 905041
9564 9578 1340875
4336 7891 424136
8015 5984 78449
5786 8009 95243
9374 5572 172972
3406 6294 80581
934 7300 102362
2323 8338 37329
3249 4499 46310
9798 8116 1043555
5716 3725 302148
4497 284 698639
6589 4489 377673
9061 5880 1303442
9197 6969 542429
2207 8836 13710
8764 3125 2229
6066 3652 1243508
4324 2841 156535
2132 1014 313464
6886 1656 609552
7400 2330 602850
7557 2472 173132
2461 8537 596075
9646 3581 142010
5008 8781 27186
6464 7557 614627
2972 4016 310867
1059 6485 868031
7286 650 345898
9955 8798 451602
7061 4695 288507
6957 3007 100102
4536 7223 1237442
2486 456 40893
3284 3628 470850
8421 8657 212058
4018 5206 176985
4443 7309 373630
2042 5929 1803066
7593 7179 28889
5952 697 543093
8487 2171 876927
9934 4911 939496
9052 1814 12058
1821 5626 261823
1744 6495 291838
7530 7226 212183
7299 6942 917357
6718 4858 1023255
6120 6025 104345
4447 8293 480079
8382 6543 835121
5817 6238 386562
2280 4260 1013891
2656 5883 602921
549 6660 1126942
4850 1562 614627
830 2990 1067185
734 9682 460674
2881 4916 25016
6585 4865 254611
5111 1624 181986
8449 9630 453373
3449 5234 1636104
7585 1979 27721
2762 4805 252386
7613 6010 227918
4421 77 470923
7527 9402 488118
8843 1523 251923
5316 8575 385115
2217 1959 1721013
17 9707 672774
3160 5906 508996
6118 5924 1059659
9195 7915 501852
2465 8545 935479
6722 4931 761177
3287 353 281699
3256 6289 100344
4139 9966 499881
2367 7636 530318
5348 9895 20956
7681 8724 30388
5295 6877 264323
57 5772 159868
3191 934 404048
6259 5583 310441
6684 442 152634
7101 614 736350
3284 1836 401499
4243 8997 220251
6529 3396 636051
2071 1198 139099
5608 6882 685144
1638 9977 66625
3527 3757 1481560
5011 5097 164345
2141 4034 137908
4218 9826 230392
4859 1039 472885
9872 9641 1243919
276 8993 97017
8712 2028 51445
60 8433 448797
2498 7322 505718
9431 3696 1549579
6099 7040 555718
6408 7900 267579
5078 5451 464290
6392 4534 427360
3499 444 122484
8062 4337 1088592
841 9656 111872
5950 546 381484
7426 8574 295617
1351 1637 83251
4508 4109 123100
3093 1234 115234
1789 7506 2037345
8178 8108 369337
2547 6696 181982
9178 9298 694806
1239 8860 534071
7754 5313 9994
3449 3068 21574
5743 9313 266327
9421 4792 1706283
7089 4026 710749
9827 9122 1757834
3683 3618 1117140
6069 2406 2052972
4236 7971 242981
9644 9195 273860
2028 7277 269240
9774 4072 102543
7982 1119 459547
3473 7254 88650
6258 8262 45106
3906 3105 338151
4102 3941 178167
9417 7033 170862
410 2919 486127
3287 7263 454388
5259 5379 416747
856 3770 818695
3129 1841 690210
4161 7577 3417
2931 9679 630494
9986 6614 367373
9195 6800 1555424
4611 3239 82782
8446 5643 219212
1324 8326 126726
3268 1173 2041506
6131 1560 543709
5688 9821 321103
7026 1681 2647553
6381 5968 95944
4177 4619 293025
817 3665 121537
216 1465 380291
2537 8017 491044
9634 8913 539417
2997 628 195101
5773 6562 109563
950 5016 547169
7379 6052 452795
5385 2764 352056
5058 8404 97769
9042 1541 440679
5461 5532 1154562
4399 1025 223337
2221 55 1825907
313 6829 1029152
4374 1672 288705
7211 9856 464474
3801 4345 226186
1981 4125 194019
7002 6551 1368335
3466 7992 732147
3882 5871 712538
5987 409 87605
5526 7026 348338
1140 7755 43610
750 7580 451554
314 5659 424872
1545 4433 217508
1831 175 469251
9089 7040 415470
