50
9067 5169 772622
3841 264 2894305
3836 769 140487
2704 5820 1025689
9535 1302 373857
8061 202 2994862
1883 3438 2527691
7414 2575 4138674
3263 9141 858753
1661 5487 313537
443 1042 4194125
742 2625 1665415
1431 2082 634216
2770 9259 3728002
9760 118 1687086
5933 9876 2617435
127 3093 63249
7029 4992 3680509
2971 8604 64120
4037 5146 4798255
1016 8849 432027
1432 9439 2803872
4113 8065 1597391
8828 1375 1210753
3904 2368 4444860
3345 2366 1042402
3731 8407 171253
6599 5350 1616562
4066 9655 637291
5638 6805 9503734
9823 9321 3920057
2071 4159 2521
9183 4042 1623764
1742 3943 2841837
6399 3702 1118181
358 8839 1993641
1552 1176 1922135
2750 906 745698
8805 1693 3350483
5097 343 842931
906 6336 3021641
8295 3754 3107780
9364 6851 159228
8725 8799 2745534
7298 9207 2856329
3709 2009 627112
1623 9414 1550946
4424 7878 513936
2061 5744 3981819
6618 7197 441393
