74
5641 5545 2289829
2428 2662 455956
2627 8202 1216497
3993 4037 277264
8487 3066 3144130
7824 2917 7286487
9037 1115 616796
5652 6429 1180308
3120 916 378584
3915 9068 433440
4899 8636 920887
9501 4640 809696
8934 1890 491443
8904 5863 26138
4488 9495 677922
9900 1063 2099136
9426 4841 300582
8020 8825 460105
7968 5628 2133499
6956 4470 342112
4367 8767 516123
3724 1613 811001
5600 2557 2776787
5143 9626 1402691
8786 846 254661
4720 6439 502096
4679 9007 4843411
2896 288 1758645
3602 2336 587728
9107 1058 483058
4354 5802 1599059
9862 4782 5388783
2218 3289 2323150
5769 749 1669571
7937 828 1944815
4580 3213 1120924
6139 8049 607215
1178 3704 2226026
4052 4493 1965596
9565 8920 1101398
9567 4548 446348
5641 3000 4270618
4509 8824 593321
8529 8661 831258
8139 2522 1817915
6449 1955 1480682
2712 5668 1089955
7996 9066 323699
1919 7894 721920
9154 5974 1726719
3823 6905 536498
4949 3827 262937
4491 4605 946382
4047 4531 871372
6246 2367 763476
8582 4606 2165451
529 9160 899522
1078 5809 787757
3552 6311 155667
7330 4598 850991
1608 1081 2591980
5996 3668 390347
1853 8651 707397
2115 5700 3178910
692 3734 5000320
3149 4152 34902
1176 2358 417432
5289 2096 302191
5448 6458 873307
4927 2949 1905776
2573 9028 520423
1939 1 1981629
7260 7763 963070
7288 2003 166279
