63
6223 9069 1267034
5261 9597 644728
7478 3165 2716831
667 2023 1334676
5417 3864 1032363
8656 1216 1317256
556 8046 516536
9159 771 6779303
1345 1096 5296150
9484 2862 2368679
2033 6691 83108
1913 5192 2004018
7380 3557 143866
4674 9869 150203
6012 4301 3637368
3081 8269 4726632
6286 3915 1707964
5100 5470 646847
6088 571 80272
9620 8877 918183
1637 9341 2171745
4132 1608 1316033
884 603 1164469
5858 3098 1961002
4445 623 2583547
5592 3282 417880
6286 5697 1399243
1535 3707 2671340
1583 7806 3665958
9068 8907 3575979
458 3664 1889870
8821 3205 7125
7109 739 147419
4818 8537 4947432
5508 7949 1710580
9375 6305 440357
4524 9118 2862818
574 7398 321825
8309 4230 36789
6475 9040 1065549
4683 8562 44646
5273 9920 1239206
4298 1716 2235781
3742 8535 739375
9424 2375 1666189
6992 3937 47640
5481 7471 1542188
3045 4958 1762711
6148 5460 1187843
3901 2050 721233
7651 9660 1042473
9072 8533 112421
324 1225 894345
6697 8436 2154235
2962 9045 168879
4860 9383 2105853
7735 9221 3796827
542 8020 1785535
1691 9120 850809
3402 7806 2510450
8756 5723 1179218
4880 8503 216870
615 5566 266296
