65
8842 6012 108591
9357 3940 3695093
5072 3926 1852304
5382 4721 4394210
2968 4212 114850
3058 3634 1496687
3800 4717 1541237
8756 6627 2239437
5846 9892 207169
3270 5561 574296
2226 3105 2615576
4993 598 2165143
6193 1445 1088597
3094 6192 1085342
9495 2120 7783228
9820 2052 1630372
7231 8426 2895149
4059 549 1557154
3545 9940 3674107
7632 9743 217057
1844 9339 1908088
8130 9739 114414
6512 5438 1643527
6816 8210 3583853
7927 1663 5368607
2235 9362 1058840
1325 224 540515
7543 533 815462
8905 3070 1965279
2309 780 543097
7873 3152 878789
1813 7237 836587
4916 1694 88322
2780 6651 3012550
6179 2188 1969443
2992 5310 293581
9401 2264 4981916
778 5957 698893
9553 6729 893819
3047 9111 307882
2275 9362 628688
3197 2136 291574
1459 7977 116718
8673 9014 734700
1000 753 355077
9194 4519 188979
9012 1027 182408
1294 5743 1851849
9168 5706 155579
3100 4834 2786378
8780 2885 2440863
3134 6740 3809013
6614 6799 223802
7871 2406 539555
9781 3290 7571
3166 3635 2309446
4445 4595 637585
2857 8139 1621715
6427 1067 1605245
3435 6127 241200
9514 9553 392959
5351 2530 681872
6756 7817 1215088
3049 448 3283489
5896 3908 1259584
