73
2336 5064 306175
9501 9343 1759840
3209 4318 1383060
5312 1767 48652
4902 4993 145547
7753 2112 1673122
3624 165 14554
342 841 42657
5017 3024 2319175
8583 7350 381020
8833 464 1823718
1178 44 1093325
4504 6531 1265912
7156 5531 1944675
1511 7497 776217
4699 1044 872798
4537 4620 1431352
9066 2400 823133
7093 7231 2528596
4970 4160 2444376
7470 3550 734712
1434 8115 240927
6166 4710 2923385
4951 2074 696690
5669 7023 1386924
9711 1518 1092390
8695 6505 72170
50 9426 28019
9317 3000 491326
6861 6499 5229884
5355 1755 1092460
2647 1631 216091
5929 9361 1756849
6448 9639 2438156
7118 8674 1099930
324 8246 506155
565 2210 1711617
5533 2095 622436
6368 7697 48846
6009 7022 1209025
9672 407 264312
5826 1914 1635114
1653 4535 1954001
1850 857 1953467
3962 1567 2506776
3174 2362 4183832
1770 2152 251318
4893 3451 2712523
4125 5471 5046816
3981 7866 2388010
2446 6415 561542
5874 7778 33930
6675 3099 558898
2289 5165 339514
1494 6669 395231
6838 1034 24570
668 2628 1381066
9147 7543 6721235
5075 2563 16907
7976 1003 1309747
8553 8126 1052819
7003 2838 750403
1579 1645 375447
9463 282 3037176
2601 9306 1789522
4512 3513 242678
8714 8333 1081610
3808 6740 2401917
9135 7664 3019178
8985 3569 702788
654 4028 3365908
8492 8575 642183
2551 4884 623666
