93
8886 3664 1085477
4935 6744 1219912
3370 4692 205409
9677 4136 2502948
407 7709 643315
1424 591 245775
4546 3430 473523
5966 9240 420766
4512 8060 133166
4362 674 2445771
4422 9544 344623
832 2256 949362
1022 4639 2018530
416 4537 705783
9451 9251 338049
9675 2585 982433
8454 2958 823054
6799 4774 2316838
858 9487 474525
3725 2124 2746688
8363 61 242273
8923 1435 3003173
2572 6871 1604275
3371 9281 1630792
4191 8536 648053
4952 9692 3276157
8769 7314 672267
1203 4162 6936
2784 7901 1301700
9824 3574 1541281
5724 1987 990684
665 9894 1523114
7105 7613 97062
2842 4697 110934
1593 3424 1173796
9324 3520 1889249
8015 8014 480365
5095 8307 1880597
2398 9585 878221
2890 9686 667852
5270 4629 1319321
6238 4249 176081
2626 6504 1328505
7100 918 793983
3590 5759 480485
3241 9460 865371
3329 2329 76269
8385 6226 914394
8456 7154 2091831
9016 7425 2127191
3035 407 314637
6336 9536 63594
7028 8349 2844724
377 6276 219816
7817 7556 144499
9886 4745 340293
6358 8378 70474
8265 5076 438957
5437 4514 2492590
3197 7184 288906
4967 7528 647419
2648 1264 335500
4376 3135 584236
7298 5650 557223
7756 1203 732234
4275 9417 226227
9446 1978 366427
6294 8009 1263745
5286 4840 3519019
112 8386 4169208
56 9072 836239
3063 5043 945342
4126 8838 737081
6059 1651 2880218
1905 3384 633684
443 5325 753801
2630 4541 40289
3610 2939 204007
5253 4177 2048465
4253 2493 316637
7229 2837 2123558
5335 168 3453247
8894 432 26153
9889 7683 402798
230 9245 638706
2389 4224 1757785
3465 540 634306
2453 516 1424354
3312 4055 1925188
111 1031 530534
7863 8513 1694829
633 7034 636263
7017 2997 868629
