80
5973 6721 365790
7739 7706 774599
5279 2743 1156241
3199 6959 1908600
2761 9777 539239
3862 2513 3805152
8784 9803 1173381
7877 4783 634798
6046 1439 42012
4251 1877 929515
7215 8714 825730
3121 7882 358416
4977 3589 54157
334 6359 39041
198 555 1430129
2950 515 262252
5126 8071 1335747
8448 146 1129346
3415 9239 501048
5591 4856 1258611
4619 3315 5156658
592 4570 148970
639 9813 2483308
9475 5329 26570
6773 7576 656818
9081 3902 276567
6637 3445 333057
1429 5628 6445088
5925 3925 979813
8873 2328 294782
9919 6706 518747
6753 6329 926396
8159 5081 2456996
8127 5871 806254
1951 7136 941083
9287 9985 40947
7112 1666 2169096
6659 2483 178863
408 1768 910966
7099 7534 590005
5501 5187 1370494
1446 6963 393914
9591 1957 2905442
3486 9540 4567563
2826 2394 1971462
3205 1787 639014
539 10 440425
9302 3317 365165
7747 8875 3081892
8792 5493 33545
913 6553 3531886
7773 9198 1729012
6439 3972 140351
8007 7876 711714
3159 1509 919017
4772 3668 1325900
8287 7984 2108513
3411 1669 175688
448 5777 806551
4023 5904 1360628
4747 8584 598606
8833 6435 1282056
2153 2184 1915780
6484 319 851547
3417 7754 485945
2264 8215 277044
1133 3945 451061
10 4471 324069
1961 2004 3091973
1897 9460 435362
165 5085 1049479
3399 9049 3342102
8931 4542 643150
9492 274 46524
6464 4571 1845233
7340 972 785525
3362 9241 4552714
3179 4625 82040
6455 6632 3534569
2404 4953 962257
