171
9658 2584 263205
9366 2647 171347
3118 2406 191467
3792 3887 809346
3297 9654 552937
3132 5736 513888
2135 4028 228780
1806 7565 379692
3326 2067 577984
1596 2894 139571
7525 5812 341146
6537 1016 662072
6298 8833 198038
5956 810 1128206
340 1109 45510
51 6356 320583
2921 8156 648878
7740 301 865178
976 6180 441205
4025 8622 1142798
1189 2691 268474
8063 3743 97662
9313 8624 1853
1500 7790 169659
592 9249 623741
1214 2467 744531
727 3270 39401
1362 1068 1009705
7141 9153 795596
1025 5037 348065
4277 3202 651726
2089 8679 402872
9111 9885 883497
8510 8022 514045
1884 3350 153335
3529 4987 558770
4377 5483 169985
6403 6839 158837
922 461 257798
7063 5501 426983
198 6454 1028618
9512 6452 45202
3046 5019 1043992
4709 5911 28991
9066 9601 351465
1932 2896 495672
2548 2227 1007542
2018 1112 5948
500 5889 695653
2295 8701 489304
1400 6428 997188
374 4740 108491
3609 4960 1532519
7663 6013 260288
295 816 44502
5396 8616 991523
3256 4669 1147132
2207 7667 1903959
8522 5182 64899
337 4109 161948
6351 5549 527161
6926 2026 1524122
1443 4870 1334261
5257 1175 1366208
4162 9427 216966
2144 4965 3816
8814 6798 406718
7196 111 264113
5028 7769 158256
6851 9278 1364033
6766 4179 417039
1448 5040 586929
2862 6620 288410
6256 1144 633076
8312 2008 713859
4510 7580 537087
4273 7775 792380
868 4899 2534231
8450 2061 328619
3733 1473 2218316
950 1517 595917
7466 4839 893275
8328 6771 1521597
3245 476 10567
2646 5017 2965830
8186 6505 418120
8422 3826 2370
9908 5542 244358
753 5619 10200
1191 7786 779698
7785 1330 732002
3596 5510 530682
8929 7970 2198025
3096 4222 1846997
6205 1552 14555
5286 1065 576629
3547 7212 337332
8191 977 722338
626 8038 89208
5927 215 662081
339 5695 794521
8604 8884 224704
1041 4852 611452
3218 2536 75429
1807 9195 1356214
8792 9292 350808
5492 3456 499856
3412 5542 725310
1626 1664 292225
4740 6290 953397
879 8153 361800
6729 8470 199811
2688 8638 49788
9857 8279 265106
5741 4728 171614
1619 6045 339970
6355 1072 1241867
1970 2803 46752
5331 479 1191714
578 635 141507
3284 3255 130380
1301 3760 270231
7791 8821 146898
1041 5723 181924
36 3042 578174
2142 1726 191061
3296 9193 98822
5962 6977 713352
35 3414 81916
9315 5767 463398
6327 3140 89758
3459 3311 416254
9348 2837 1417656
2126 9756 318972
3369 4147 33621
2856 1136 614504
341 6119 1571188
4870 2273 483311
2883 9895 1268450
3292 740 225455
3047 9053 267463
3520 5526 392736
9286 4050 1342208
7417 5665 356571
3474 7275 1082161
5502 6981 309205
502 8137 3168
4300 4080 172883
3451 5818 320332
3590 8531 225767
6074 4938 113569
373 5565 2511656
2448 3270 371698
965 8293 565451
8427 8112 246136
9443 3132 752405
3156 6566 776967
9037 6051 1428147
1040 7912 194438
2838 2055 512657
4046 4816 1213842
8900 3398 155574
5842 7890 60944
4487 8483 1166732
4682 5203 46353
8009 7999 184404
2720 8270 2153239
2135 4672 341005
8009 7615 268908
4329 2558 4673
794 6018 1598955
