54
7227 2763 13217288
2858 8257 1316343
9825 9885 3618498
8064 9055 1472257
8776 2323 20971
1029 6527 111543
4237 1024 2468001
8043 3975 7553
1353 6663 835779
471 5418 1584163
9221 884 947171
1454 8095 72220
9557 4111 5875759
4046 5019 1523454
3062 7852 3157187
4000 5771 1478537
7296 7681 2328699
5143 7033 319649
8544 1044 1399384
1157 3214 813652
2278 9316 2022561
1461 1956 495207
2354 4871 1035313
8782 2223 3323460
8545 2972 334375
8134 9456 3849773
3112 9356 541072
3841 5266 6442216
6917 8051 6599992
2275 943 345575
9278 5128 643091
2568 9240 6126324
9454 9904 2803387
6773 6484 4295160
3356 7109 454959
6485 8529 389100
7622 9600 1120126
2228 2571 1632406
6462 7302 255948
827 8890 244049
3186 4637 26757
6469 8193 1205283
7443 9891 2552124
4219 1076 962047
273 8042 312973
8003 7262 878530
8763 6299 3293136
8943 3237 609238
5178 6096 218769
5487 301 145594
6245 8470 831872
4898 17 71579
6513 9977 960207
5348 5591 2409689
