161
4520 6581 264276
7115 2002 1130849
278 6352 500875
9043 6034 682718
8187 4614 1736248
5060 263 632235
8131 7160 241917
9777 7432 808961
5906 8058 240989
1299 1302 1230761
3810 6833 2418829
8499 4057 856711
5270 3236 1394942
4304 7846 982436
5084 6167 1001403
7503 5544 109575
8489 6368 455470
6795 1921 516620
7184 7561 53978
2237 6918 376507
7094 490 557647
8358 4902 296561
6315 8085 199324
1768 1901 977267
4187 231 274107
9927 5168 276092
7362 4961 298983
6495 2932 166774
1262 6824 348707
1368 4543 1368018
3510 4740 342793
2693 3258 456082
631 9236 175796
1218 4774 107070
5659 6699 129120
3659 9232 229942
1339 8440 236063
6976 7711 916853
6336 7451 721265
9886 7517 745394
6572 4394 610315
6924 7706 36287
3385 2722 317069
4562 429 197442
2950 8813 492999
5349 7406 200975
2054 4567 700253
6799 3769 890405
3642 7779 242623
6940 2783 748886
7996 7954 592456
746 1696 2226162
2442 7016 129625
9999 1438 193467
4023 5100 249529
2806 2928 1282857
8984 1111 472706
4742 2056 232467
9002 7082 459862
3780 6086 694823
6251 4417 63689
8485 7106 1350670
7970 8248 364687
3659 1721 341488
7569 2079 242894
1343 4196 1144237
112 2537 1047984
5360 6567 172905
8322 5147 852596
5021 3347 251239
5044 5120 201456
5939 3969 459602
5202 3729 213203
9616 2225 727728
684 5737 49097
4873 3702 1700548
9207 3371 127737
9658 7925 1059722
1580 8829 917526
967 926 189988
1024 7268 96241
8555 9388 1232805
5255 3357 135772
884 1926 100083
7738 7116 185441
9857 8588 964773
1813 6055 3360355
1744 7792 35655
7236 278 487348
7354 4347 1570486
3381 792 751450
1889 3811 229941
9826 5488 97264
2715 62 329950
5298 7545 1241493
6822 2813 538774
8947 2945 587697
1241 3520 1246269
5064 2277 456735
1161 2803 172822
8567 3658 220182
9899 8756 227923
4229 6717 310814
124 1599 301167
8449 5437 444527
4222 9102 306323
7323 9560 2395267
9866 4735 13999
9953 7180 693377
7471 1478 176729
7110 9871 1241267
1132 7453 996827
5981 7110 1402253
7502 8936 1715748
8342 6858 246485
37 4289 432893
3346 5726 88838
70 4144 1332416
3396 9599 10400
2855 7622 964916
9577 1567 271682
9485 7314 857276
2198 6140 1319662
1799 3672 474414
3207 9127 918829
6968 9419 1671873
4082 5968 617597
1011 4027 1794911
482 1629 182575
8533 4284 330064
5080 6210 270882
4514 306 455190
5638 9258 500505
5066 543 2755028
341 2656 320236
4690 3893 90191
5942 9983 133320
7079 9584 92932
4592 6728 750012
2248 6070 335604
2818 1924 273437
3337 5248 822118
5052 7141 136710
7628 8353 295291
5051 1380 493368
8110 9795 222270
4494 9773 79820
3336 5806 663841
1677 926 218317
6227 4954 561049
7265 3537 1635217
3743 5822 863840
1404 6855 1802010
429 3302 474696
4513 1824 155242
6674 8963 559804
3715 3145 1175821
7816 2778 361353
7454 8132 24980
5347 4171 691215
4526 2286 92751
