98
4661 649 185560
4759 8482 2144519
1354 4689 192846
6345 6511 1757494
4750 7801 3048754
1437 4722 2061658
4502 5343 387803
6563 8392 14983
7504 107 647464
7517 3878 1344100
9570 8516 530900
3971 5361 314618
3254 6698 244971
9152 7066 56987
434 2322 377840
298 9609 654669
7965 5138 883004
2600 618 1171360
8896 625 615725
1363 159 795757
1224 992 1704348
5358 7573 1388875
5489 5308 141057
7325 8588 914543
3599 9808 1056641
4022 3650 1567330
5571 5835 1390024
1678 8040 152598
3655 6947 517577
7588 6695 172234
2427 5257 346257
8580 8354 1704301
6313 8205 1021651
6655 1703 592092
6875 243 2517028
4162 6841 103014
5648 6833 1244536
5150 8349 926460
3835 2290 1261060
7547 6834 1228421
8244 7510 156767
5661 6990 1463882
8825 9219 767833
2361 4976 1033148
4218 4392 546838
2909 2243 4317864
407 1833 688134
816 2305 1659960
2943 2827 584714
823 1754 123636
8519 7756 1008235
5469 9084 2194807
3635 6812 641435
2890 5302 1492910
3339 9343 1443011
7485 1272 264024
4977 4233 80153
8493 6640 2376210
1961 1105 1877244
1190 9930 327896
3803 8610 469334
2031 6754 1756465
2917 9210 2319800
9552 5235 348973
5951 8424 1083888
3443 6014 546924
5507 9048 1124851
3598 6237 914306
7917 1795 1385470
1359 6494 82378
2484 1046 34853
4357 6174 355520
4723 6190 648680
1130 2851 2243461
3654 8568 3609334
4182 322 547082
7140 4673 914919
3219 2816 147397
5076 2397 2523565
8138 1658 606705
1357 5082 284361
7339 8427 50216
4888 2564 1545968
9286 9889 778696
6278 9695 2509032
4700 8253 499952
6975 2562 643331
9951 6697 1240313
3176 8586 1469193
3063 9564 35124
3517 1996 486344
8653 4462 1563850
5943 5478 704217
3860 1023 378034
6358 8977 84801
4179 8911 2080979
691 3857 138007
6385 3743 3413917
