150
1208 3409 362254
1289 8798 387600
1207 4890 22211
5351 4804 158022
6316 3523 808526
6747 3669 853767
3562 8102 208142
3379 2259 389337
6336 8502 272071
3328 7068 823517
1321 4640 1351905
4305 3566 180393
2714 6221 798215
430 7342 1065874
9092 7237 2174280
3972 8914 1304502
9372 5357 435613
9293 3594 1521613
9579 9096 985489
3554 7367 58078
6324 702 392251
1829 9954 507275
6988 4300 83509
759 4746 165112
156 3725 2009536
7235 9145 277374
2731 8029 5710395
3569 5988 885702
4186 4274 943977
2937 8379 641565
2319 1476 829639
3211 8204 576584
2588 1158 359958
833 7092 62376
2283 2918 1452030
6436 6541 582740
9996 3792 40776
6107 8154 758383
6960 7508 327100
3695 2677 960100
3689 811 1193431
3097 2987 390040
6019 9889 47717
8444 6069 796416
589 3031 23158
5670 6092 142608
667 8697 4050529
5877 3808 277192
828 619 680941
5657 3084 73690
1749 52 1053038
5763 1207 1090049
69 9021 623041
4490 261 495863
8737 2140 667843
7252 7588 421255
9739 6457 1485273
844 9264 513022
9986 4627 633683
9200 7510 365358
3384 1875 220263
6984 1481 145399
2293 9888 295151
8184 6475 424530
553 7738 256219
1867 8305 511931
915 1428 146075
934 2612 461838
5622 771 1170887
5297 4069 60423
9789 3017 609175
997 64 2231265
905 543 24011
9669 8945 626676
3343 2077 547937
7132 4283 63385
1579 8986 934649
3729 3461 174056
6376 2391 748865
3723 5421 207352
5295 645 520555
3010 3219 77891
8992 9623 648758
6135 2131 113946
5763 4632 251844
3697 4933 5757
4680 1513 361918
7203 757 21806
5847 8641 1087982
3544 7179 373512
1980 2480 3261106
5249 6113 784819
2858 5491 247977
3674 1781 235050
2546 2939 103805
9616 1821 542309
6542 7872 127733
8321 535 85774
4704 6131 718683
7260 9598 884933
1506 1348 1143393
2882 6147 134994
1277 5974 637180
664 7566 190818
2345 4160 1437855
2163 1899 426502
5982 9549 582867
1184 2760 766811
3913 2350 239956
5492 7347 746199
239 4844 600488
1959 969 182256
8481 1363 1059416
4130 975 720138
9141 2398 465659
8458 3585 777048
1009 8315 629049
9751 8445 781485
2831 6549 270231
2689 6174 15029
6984 4183 335678
6349 2266 392234
9315 560 208817
2221 430 643895
809 35 4836
9310 1876 435952
1453 5246 390828
9497 9009 72530
7203 2591 223401
5082 7052 95312
2282 8730 128561
4022 1305 963911
6072 1218 1783676
5893 2575 788057
9263 5256 262033
4238 1518 2081479
993 3301 295564
7339 3038 1404422
7930 308 610631
8925 1683 988656
3277 1967 573887
1995 2324 291808
670 5169 323939
1312 440 2991069
702 8250 1106526
5367 2237 47381
3773 6725 2631809
941 3695 312452
720 8229 549486
2790 8313 185613
