59
8994 8207 2687024
7791 4187 865089
2753 2174 98008
2157 4830 77550
5817 359 171585
9760 820 2224971
1378 2103 826916
3898 7698 192990
253 6386 744209
1376 5206 3086667
7660 6476 2249507
3783 3771 944953
4616 3119 489404
6968 4798 3163004
7134 3302 4499058
4600 4962 641802
5612 7786 2126336
630 8280 87866
3370 657 876935
6810 331 2418729
3393 9470 889224
3699 9861 4089009
9026 2064 2247297
9965 1543 280561
305 8050 1297703
3417 3261 2513289
1513 3046 596081
3091 4576 3589103
634 9327 3749286
242 8542 248699
5491 5951 6553828
4072 215 1958941
8322 5297 2467774
3023 9197 2124033
3643 368 2243059
497 7479 1616623
4273 893 3796306
4280 1407 2199150
9052 5393 499181
9682 1089 2332488
5695 8065 274235
2037 2806 258440
2273 9942 598453
128 8567 218669
1273 7557 216952
8184 9794 623793
1441 6225 408053
8028 7472 1378172
5110 8374 992272
389 5086 3596500
2387 2620 532315
3682 2170 844362
584 1566 5319539
9591 7683 544905
7348 9836 902938
7820 6073 2770555
5831 2682 1178964
322 6914 3285866
7028 9331 2290779
