82
1237 5520 664618
2440 5709 317080
5630 5539 283106
3133 2994 3634075
7335 3738 470428
8869 4743 96061
3044 2088 2444448
7455 9995 92327
6663 6267 2195593
8006 2667 1466782
2634 2522 110477
2825 5729 427309
7734 9233 1604181
6767 2697 783360
8505 5090 2410045
6381 8766 219760
315 2896 3095871
5631 6249 21412
9272 9085 248859
4459 3046 2667009
2203 8582 3376869
7741 2544 395167
1275 9291 1325454
229 7807 4585855
3770 3468 909360
1559 9881 1214384
9820 1918 139129
2568 1089 303705
6387 8357 117292
7693 7344 611257
2167 9488 837758
3006 1775 2032771
8873 8243 5759859
1068 2399 697459
5334 4472 207802
6155 5238 784107
8423 1148 541414
4445 8436 720833
6340 912 582808
485 5334 188334
8654 8679 1592237
2391 6376 827121
6736 6327 584979
2773 8230 630355
4193 8726 1600173
8419 4809 151267
7760 7737 720475
452 8386 48145
6556 4495 132045
6973 8689 1348184
5948 478 236816
5685 4904 1789558
296 2776 706088
6698 8 5941272
425 7400 2941237
1371 967 338994
7407 2019 556710
3934 3027 663542
9870 5940 81158
5142 2261 1483839
1322 2426 378110
6357 1381 1188117
4672 4304 988331
3547 6996 143077
3722 8902 836195
6146 9025 184963
3348 7310 424560
977 5270 4715143
7430 1981 1015891
7948 7074 1816648
5347 9804 911145
2099 29 2576951
9472 6661 952184
7620 5512 429813
4522 5218 1410156
8166 7291 604431
7361 8640 168103
391 3083 1820748
6422 2844 2425114
7188 4464 3234624
2495 5782 575790
6492 6483 2241293
