98
9270 1644 228724
383 8799 93444
9997 467 1503868
2915 9995 1790228
5621 8161 970136
1817 8175 25769
5941 8939 585555
3859 4312 401770
4487 9397 406803
9756 2791 95095
8964 3095 627339
3755 9645 143912
8927 1182 2303383
4031 4786 1457049
748 1882 351545
9311 6697 37233
8769 7490 129165
3864 2977 33054
4861 9006 2164186
9296 5393 2912420
1253 1508 577410
7981 7941 463095
8131 105 3010514
4717 5998 692785
9310 3727 2243879
7221 1126 400381
7613 7150 1881493
7380 9338 214632
8719 776 1668547
4242 886 1300453
7816 3777 511331
2067 8707 2858806
9596 3420 2403919
6690 1030 1336846
476 9592 2277293
3255 7434 142584
7179 3339 777720
2593 6660 458677
597 2656 3658340
7119 4464 2151274
2554 6677 1302495
7443 8657 1412412
3809 7727 506623
1145 5232 248591
1897 1964 1338387
5250 499 2081412
9213 1408 768634
8654 500 1042209
152 1194 643925
8198 9943 1477874
3627 9404 1542305
5413 1578 878520
7787 1850 1685345
8503 1592 646465
8880 894 2454392
152 8793 1875998
6386 7607 1303080
3096 3029 1296999
7148 937 255424
8796 9756 279420
7115 4924 1304360
106 9842 17353
1151 193 485141
8045 394 2293911
6456 6235 147443
8600 3452 77855
9384 8998 929372
2197 2072 3015781
3639 8815 1972183
2919 2424 347784
9387 360 219412
3187 2111 1216936
9367 173 67961
2452 1721 43209
8389 3308 92160
9743 1083 510368
1430 9577 830737
5222 3861 117772
2386 1466 90024
9233 2278 1249570
9765 8955 2687088
6206 1917 970246
5283 6246 985479
6135 3367 1028888
7616 2681 490353
1922 8859 838622
8472 2272 1477390
4120 398 1013366
9589 9186 362141
7876 5615 1572
3762 6102 25789
8634 997 440521
5609 8476 1654330
8968 5875 254635
2817 1606 1139411
2944 4266 1464633
8129 7794 441771
8192 8466 1363266
