167
6539 9012 407506
4715 8305 101056
1206 8186 15656
976 8592 94689
6132 2112 127161
1603 6929 353170
2926 4362 24352
4738 6017 1706978
9064 1158 1270142
6618 4103 651578
2714 6033 742797
6903 4914 333546
6735 4017 1947260
8271 1559 2127982
6263 6464 201809
6135 999 194573
5395 6280 1430039
6080 2026 45727
9307 9487 234837
8366 8552 851441
2598 3591 1686076
8554 8416 25747
2453 2643 252839
7181 4369 1044796
4905 9103 276985
6302 2026 727834
8898 1716 478210
7455 4068 559483
192 1903 998429
1715 5704 1023480
9499 6981 327683
4271 7739 260549
1297 8021 436906
1616 622 1031716
84 1325 607572
1037 4106 228910
8444 8894 528191
6572 1639 104503
7836 3563 831932
8836 1828 1046337
5398 102 79389
5965 6308 2654066
3820 1774 146707
8900 6635 1842245
8336 2297 2201635
2071 6711 144665
2341 4769 306625
4092 3440 202356
3751 6922 607512
448 7600 293964
6819 7248 149405
2960 6531 1067706
5383 9927 860719
1177 9784 282420
1472 3753 261804
3690 5326 893025
5444 5534 632474
2842 8590 73803
2522 1822 621565
1380 3142 2486723
9422 4855 502387
3950 3704 311162
8410 424 215745
6120 4315 819482
8190 5550 86475
4914 4055 466477
6695 1216 75204
8144 5052 430251
7745 3191 1441023
3400 353 185325
9051 9505 96340
1824 2788 1910687
9286 6814 442310
6370 4744 609195
9888 5754 132355
6059 9450 1111447
9928 3141 3008351
594 1037 220983
4767 3624 394240
4450 9949 94373
1708 2029 197269
1366 476 229453
6045 4113 1053828
3064 8022 133971
5198 3877 509731
9755 9875 100980
8742 8268 978821
2389 9845 1194975
6140 1353 413005
602 9482 353865
1848 4937 88128
9919 3827 113760
9519 8279 299127
8502 3308 195228
694 3326 54468
3564 3008 624642
759 3780 671160
1889 494 278342
5200 7952 490994
2626 906 458551
3458 246 118125
9701 3189 159500
5681 724 651224
8408 5505 311455
7106 1275 523869
2631 646 19198
2616 6654 353910
8144 8204 461477
1561 1378 1639395
732 2186 511766
6768 707 226310
5138 885 657489
6537 7470 452088
4147 6992 818102
602 7829 522171
1967 3012 215896
2545 4773 48668
1068 4007 1741702
938 4482 367153
3692 254 826666
7596 4394 201197
8809 8117 989229
5302 2547 437094
4601 8919 336675
6533 4033 287594
9898 5560 502691
6399 3879 548963
8019 5681 1181986
756 454 1084732
1092 4379 62044
1594 2562 555261
6602 5406 24149
1742 9866 194377
8765 2065 340187
1791 8046 306977
9666 6441 279893
6203 7917 1535372
4369 6060 1894604
7427 9117 211962
2823 5741 640711
6535 677 1059894
8070 59 323319
7618 9910 681166
1052 2709 871734
2215 530 244513
1106 7485 2038359
9712 8186 232856
4427 7376 2069852
3933 5198 118804
265 2369 317742
8514 8045 363900
715 9780 455156
5044 1291 235976
7324 3045 361656
6691 4003 169575
2110 2237 178762
4370 9603 10982
3034 3746 794201
9361 9432 313116
7899 6514 780877
9323 315 162059
6541 8050 257548
1376 52 249009
8436 8963 258053
2259 5009 1670573
6422 3346 1108278
9860 5629 286783
