102
493 1154 97954
1461 4463 489492
5553 8802 232857
5084 4604 1481066
6438 3381 147062
8910 3153 2207255
5953 7867 797633
3672 64 862792
6585 2009 958340
4734 5680 3820
1061 6757 205210
8299 3693 758957
8230 1477 3399165
4098 5723 1444316
3335 3430 867756
9406 2455 289678
9906 2482 278017
3588 1319 10018
8760 405 1329175
2788 3864 1011805
1072 3638 349835
2935 71 161526
2031 9142 375158
3151 2885 675049
8120 3114 465781
6112 5138 604219
6402 5504 1096390
8739 781 774237
8124 6858 1417046
2981 2987 219439
2432 8179 1641268
6448 6590 5210
5147 1167 865399
820 3580 1614487
7709 6190 411142
3902 1411 776649
4699 4067 580350
8025 5924 626336
4185 3599 184632
4187 4202 2064519
2640 8153 467189
5533 2842 11288
4159 6696 318751
3868 6697 1456570
5575 4145 1044502
6766 8333 1581473
2844 7938 417588
3985 4372 2861097
2190 3265 1143364
9486 9615 1862435
6252 8076 90092
8831 2985 111591
9230 4411 964490
7542 722 730723
1187 7716 1743518
2706 5276 1509176
3259 9453 988378
8606 2540 168672
2383 6394 3504941
3603 8091 1117606
4506 225 3425399
943 279 169872
964 845 3322555
8446 3456 365259
1175 1457 3845396
2130 534 877162
3467 2431 1079412
8615 3369 1546199
3692 2073 739530
5651 853 39600
4972 9333 1689968
1549 3597 1641698
810 2416 3009997
9312 6456 323492
4560 6553 1267417
6336 6608 870420
7789 3220 700385
5823 4213 492863
4184 3040 120389
4500 2615 1046764
4065 9975 2165114
7665 4338 1451732
9308 6739 4873
4158 595 3179545
6174 9469 900087
2704 1025 707241
9893 8392 1106258
2775 9592 927293
6654 6986 383595
3426 1487 5664
4528 1971 499266
9400 5653 913873
9505 2192 462704
7218 1775 2342827
8795 378 398466
9973 4159 4515
262 9781 823328
9323 7600 1370116
8507 9170 149041
4168 7077 4351
2097 5380 1566390
9905 8048 185460
