95
3206 1761 131046
9745 9214 957476
1018 2130 55722
8228 8247 393533
1996 9876 281952
1029 1177 1670210
1395 7929 331203
9150 2220 120780
6920 3370 661124
6919 5885 92465
4102 5931 2768864
7751 8371 1983534
1540 2798 281537
3085 596 191105
7190 6041 3422751
589 2603 1026451
7963 2126 315193
9603 974 1265380
4350 9025 256644
7991 9249 1850520
6520 219 930272
2570 1126 415345
5914 5450 1490
6156 9494 823280
4282 8393 185
9292 2873 237191
4200 2595 1470020
9499 5072 1756226
9848 1978 390577
536 1586 1005871
2706 6137 254358
6712 3068 1645111
12 421 1354878
2159 8272 2203750
9195 2237 1514915
300 4815 585285
5096 3978 1116
1694 349 807938
5451 6954 1773145
7138 6017 1262430
9845 2256 6210894
1958 9877 2180470
2346 2208 320845
7038 4429 1391511
4547 2236 446441
6566 9575 1774633
6421 5310 401744
4721 200 2035165
7800 3695 1950659
9260 2139 1838709
8262 8977 1601563
6496 9025 1204024
1986 2015 2852793
7260 4156 632779
6628 2408 1241136
6199 9917 1555000
7915 792 2778616
4524 8199 243681
8244 4160 35316
5597 7363 901496
8769 1654 994199
8985 8256 925228
382 1712 455288
4566 8969 809760
6140 7820 1181085
3922 5484 1887054
3591 6848 794847
3876 1528 141170
839 890 756910
3200 4533 549250
998 6331 1074222
448 7110 149326
9986 1793 1351662
2274 8993 477128
6592 831 77565
2525 6760 1200305
8838 7285 1224248
1496 7987 3353977
647 2204 971246
1243 3263 657632
8102 6290 314018
2021 6668 483397
9297 3811 293164
1747 2146 1329336
459 2778 810677
5424 6182 13293
384 4829 2660834
4713 2310 3015060
343 9498 34587
2333 7010 219573
943 7621 101311
556 7547 512559
2266 8369 742790
1603 7732 1878140
6352 6372 470811
