127
9838 1393 140132
1343 8605 2875
1728 3995 241423
3261 6375 99338
5035 868 410924
9138 8903 345539
162 5089 249951
6051 1809 800504
4472 7795 2265719
7533 9289 1243885
2682 7080 161362
7131 2060 740942
951 1435 680052
6569 9686 749010
1099 9917 104720
9062 4434 490241
2579 4478 648608
2474 9184 297023
1713 5182 978668
8516 1315 553852
6924 7126 1659826
9302 8714 773513
4272 9061 4105765
9361 1845 39705
303 3897 477062
4052 2737 556182
8681 2072 271681
5297 532 440939
9400 5452 28586
6679 3157 40962
376 3985 1023585
7510 8562 3819253
7844 7483 1243108
8488 872 356231
4204 1846 284462
8705 6280 337337
4835 5292 926174
7495 2793 824526
2096 4025 669061
7408 805 437420
1732 1874 1182578
1474 8255 432697
389 8722 2064308
137 4010 1555108
266 1013 1093005
8992 105 1724650
1552 1708 1775414
8060 5672 14163
4337 337 214345
6083 5032 14291
4750 4583 564478
1582 6269 287042
6739 3889 78717
4167 7143 369713
7685 3785 1223634
7180 9525 2130192
2596 9644 468731
8764 3602 293787
784 6666 476467
6637 3602 2353011
3710 4645 1588323
9868 1479 643974
4458 5344 1326082
902 5807 705736
8787 8471 6762
8029 817 490369
2587 1017 768031
8772 1928 2818424
9611 2785 1032298
4643 2259 457227
4263 362 34853
9510 3139 1493760
6805 5690 503028
3344 1717 77064
4215 2678 450203
2916 486 248988
8575 4553 38318
3566 7933 57194
3782 7473 569604
7492 3367 1038956
3133 7892 707051
9080 7467 550476
7718 5774 1306624
3882 8350 130640
6850 6024 656163
8891 8195 517989
7655 296 248741
7926 3485 2599892
4997 6188 1337939
8221 2183 689802
1506 486 1895912
1617 6859 146757
9339 576 2615270
3767 5172 1781212
5648 2338 499186
2921 6231 290937
1438 5745 744754
2859 4634 2829815
7313 4572 150662
8944 9690 432407
5906 9241 949152
9691 8637 244063
1455 9318 75089
3352 3585 1001609
8534 730 277912
5591 976 740167
5768 8354 576646
2661 4632 908035
6562 6738 14303
4596 5730 79860
3511 7092 1798642
9835 6370 1375195
4538 9079 29665
8708 4617 545408
8022 8084 51838
8261 8355 313174
4894 8181 150352
6338 7422 175733
3554 4999 12138
9723 309 972301
2651 4135 2316873
4639 1840 668223
9470 995 983316
7166 3405 1593072
4610 932 1272426
6905 8632 258345
5760 1240 298563
