140
3549 1934 108144
642 2742 35599
2685 599 62291
9351 3310 769053
7021 1206 1209527
5493 8629 308837
9513 522 661796
3435 6918 926875
2825 6553 682379
8818 1422 246326
2180 7403 100142
4284 540 1668031
7332 989 1945434
4511 1761 788008
6409 4264 403350
7661 87 2144
7493 1864 951154
3647 8508 31315
4758 4949 902654
3792 856 1077540
8281 7092 405230
7316 2463 1703223
5637 5861 227725
2119 3156 1825976
3048 5386 416747
2681 6819 1308898
5779 7200 460176
397 2635 1228551
698 5515 786732
1574 4148 103106
1535 4487 205711
5213 6526 1934401
9770 195 386023
513 3380 290061
7945 373 468487
8328 4463 44927
2734 5502 95235
7374 3094 3247642
4064 2978 146657
9642 6261 575030
5465 4909 201202
6835 3493 924815
5517 3562 959258
5398 6168 892159
195 3914 111252
2383 4354 250710
3963 9655 718793
4526 542 51602
1849 5861 318392
1891 5563 1259583
8046 2927 457885
2700 7184 2598740
9737 2964 1798775
2570 7142 1185284
5315 1933 8807
48 7127 919141
4455 3886 286002
9552 7721 580402
2900 6850 21194
886 769 1647833
9522 7189 539962
2943 9407 553601
9169 6813 842216
6097 2006 1296835
4848 2619 375539
6908 922 1060074
8636 8671 345703
5023 737 348102
7984 2137 1601625
4048 1782 593681
1269 2116 1217944
2789 7175 700764
8593 1057 784383
5832 9894 167775
5346 9995 280785
1495 254 163898
678 842 212402
4879 6291 2045650
3193 6612 635699
342 536 6521872
262 2584 839717
3989 7315 512950
100 7086 432496
6128 6872 648190
9957 9686 28790
1871 1813 1801261
5425 1377 294449
5875 8062 348095
3900 7482 996851
218 2523 1213368
3501 7960 124185
1699 732 85149
3574 1112 646178
2659 5294 200133
5515 6899 903635
2709 4279 718109
1509 1173 3094688
4162 1100 1216513
9476 2874 73885
2495 3601 1121839
16 4904 231682
7860 1153 781364
9285 6644 699179
3415 6925 489027
2927 8383 152326
6515 7326 92304
5326 1960 181154
2817 9078 496690
6515 969 1002995
6643 3757 3313
596 2194 261337
3701 8505 1477699
9609 773 1135419
5154 8182 112647
2763 4472 157805
9912 3192 304065
5495 7095 317549
646 5196 748011
8390 4930 353038
9392 4056 509603
7153 5783 578682
3208 3426 72678
284 1610 204265
5872 9947 146248
1518 254 1203320
9379 7008 92338
1534 5965 1059314
1950 6246 756653
6870 7918 85351
7137 3490 239523
4319 6187 765597
8789 4325 56280
5967 3830 431167
8348 7395 44844
5301 1066 2873551
6401 5498 907679
1962 3979 177444
8112 2866 510493
518 1802 36577
6009 7636 728832
