106
4258 1356 768132
1096 3596 1153252
9300 341 1160604
5794 9254 1492866
3166 5859 696883
2746 8838 1618923
9820 6044 1733053
1665 3287 1223537
1824 7336 190126
601 4512 2131676
2680 9267 2732213
1382 3095 464800
308 1819 1646715
5656 4372 142794
8789 7051 504320
6540 2851 487962
6910 7870 469086
1895 943 2245614
2191 2392 1865539
4989 244 434869
2927 8602 766737
9453 5639 2067483
8434 5314 1125017
9314 6897 1440282
1882 3270 282877
1737 6335 516670
3394 3574 285175
9936 8338 2339245
286 5495 131846
5580 2120 194573
777 5304 581329
1002 5932 2910210
3316 6344 107038
221 6438 2087706
1186 2971 508838
2401 3877 255529
2220 2351 1579396
1405 4081 490866
9976 6705 2037280
8397 5088 2324897
5783 5453 133638
4143 8508 2051430
914 8406 541547
7732 8595 192580
2815 5828 178297
875 3020 56298
1059 6152 2291412
6117 4754 994229
3089 374 1389249
9086 209 128825
7059 4853 637177
2688 6237 415491
8791 9560 2670910
3874 8304 116729
4605 2220 250191
3475 8605 1180914
8474 3645 1434373
1585 5757 146726
295 4424 449201
7297 6794 608518
8305 373 20278
8383 7239 2344630
8 9155 292642
3330 9840 2816265
3138 3415 394934
7872 5911 2595220
7748 834 539128
9089 2205 2306085
2103 7662 316433
92 2055 496448
15 6411 509933
7765 6095 915136
4631 9468 60020
514 2263 681747
6322 3018 37897
1973 1626 1795485
8243 6863 184972
6073 839 59275
473 259 29119
4470 7547 38171
7991 188 969361
9744 7498 1071265
8021 7337 611623
5265 6080 310513
4665 3111 761355
1833 8102 3495822
5037 7345 527391
4135 27 851975
7759 1716 596034
4345 4712 284882
1873 5846 740432
7241 2734 121646
7469 7077 1369590
4525 6987 550491
4486 2080 228975
4458 704 2220836
8847 30 1426021
708 406 12676
6911 7074 1327213
5595 3219 1027967
266 3604 1075655
7535 9015 571800
2298 3958 468665
8302 8234 408878
7149 5106 545740
1404 6591 925683
