168
1341 1854 506345
3451 6522 1015189
9252 3440 953539
9572 3551 295194
1245 410 337661
8185 4137 52024
3830 2118 1626904
375 405 108450
1166 9961 1404777
8657 2749 1696943
4867 2911 43251
3098 2031 1080368
7147 201 1902443
7635 466 798036
2584 5650 825648
6499 191 1484279
906 1416 2511071
5860 5142 1280460
6711 2088 28577
1258 3343 380852
1577 4437 307820
215 2546 776984
9380 280 477306
5732 7032 549850
4316 531 1017077
6316 7287 244345
1748 3659 572766
8001 6403 587599
968 3827 4262
9955 2838 425761
7860 25 129659
895 1445 769641
2023 4750 66387
7452 4711 129617
6429 8581 724619
696 851 1987247
7438 9218 148147
1486 6205 2384308
6876 6156 502011
1321 428 2469716
2297 1166 104580
1200 3970 210023
289 6810 292906
609 4733 52982
5375 4362 105784
6469 6439 1460969
5157 8074 1144954
9614 3417 155615
4583 3742 337930
5131 4436 596422
4570 5844 343683
291 6162 1686480
5473 1802 257641
7971 9563 87415
3260 6548 258264
2475 6287 1287856
7772 3712 1076519
3960 768 2056752
347 6605 116996
1683 9934 607994
4855 8786 305375
4893 7872 359282
8111 9894 1115339
8832 6643 112375
3218 5388 646809
2033 7597 314846
6832 7392 196155
9588 1851 553749
6247 1429 247506
679 8127 623796
3198 9670 42836
9891 5325 1055542
2853 3367 548806
5981 766 1628651
7653 2158 568727
9817 3256 862812
8638 9743 637123
7062 6303 41222
2599 6164 484261
1794 8562 26609
7304 5830 364791
4588 8181 880699
3382 7968 210416
4404 9804 110793
2884 3449 1120145
7380 9845 327588
1331 4528 485931
1470 495 53416
8055 5604 269549
8563 9101 487552
2400 8111 297999
5643 1567 565351
4532 9441 705777
5029 6791 173399
2128 6022 350401
381 7669 994636
2652 5291 1041916
1232 7210 144338
7827 3004 944649
2222 7191 207313
4880 8839 392476
5660 6055 58370
7874 1474 390454
9705 8415 812802
7398 3888 78458
8138 5401 565714
6385 5841 55873
1559 7387 330120
271 7874 754989
3154 1944 9087
3448 7357 243520
9099 4 753901
7547 8026 334129
3049 8630 1045414
8890 3432 167605
3649 2621 511114
615 1577 322440
3040 3232 260615
83 3753 887883
9648 7137 176517
6371 4440 994632
6065 740 331658
2036 8102 536076
8515 6061 66889
4560 7064 550547
5320 8477 818773
6812 5106 432625
5997 6444 825868
7458 534 278192
6038 4173 377750
2361 1348 902946
1337 8240 637847
2854 7689 318911
9437 4829 1145747
8835 4137 266820
5021 2207 1361565
2795 4397 246795
2283 6246 201957
413 7537 720982
8155 7863 133790
1639 4479 1343437
3492 5818 741223
5273 4039 736773
9719 9857 575224
5238 1391 379641
293 8315 59502
8620 1058 982396
7557 418 854848
1139 2169 19955
8056 9239 73030
3370 3634 666972
6902 1551 400494
3560 1559 110786
2711 3230 1271083
554 8743 479014
7410 2391 1159469
8581 6822 851742
4548 6700 1586315
6433 4003 399319
6665 3132 569780
4098 7765 46455
868 9167 302456
2264 6389 180164
8464 5366 1092442
1405 1596 480506
2752 9344 191310
5701 646 810
2915 4414 185625
