98
8557 9763 2759162
3268 7965 557826
3211 1154 1261061
4878 6379 713189
9125 4969 276926
5845 4847 431105
7790 8724 232485
2658 3825 702678
3005 45 471814
725 5418 693375
5138 5938 664302
2052 6171 478161
3823 5238 577190
5168 2153 466219
7878 9725 2409650
6320 3597 2343297
7820 932 3668203
4198 9395 868968
3633 8460 568664
2872 4668 509229
8527 9612 544961
7252 707 372423
3878 9734 140674
7798 4096 20248
2212 8035 2356106
5737 6620 61290
1622 9852 1025048
4577 1321 1079482
4463 3532 405123
2120 9048 1592240
8858 9817 1150244
7758 8485 329009
6513 4662 912097
9320 1678 2723317
6136 3102 100627
7348 2970 736137
4664 8043 768892
9053 8201 752041
6916 7308 3522258
3303 2127 915625
2955 191 2222668
4671 5084 173288
427 8818 776271
1862 4295 1589477
8864 8060 488439
6820 9676 9236
9470 9440 196352
7246 721 1894333
3408 999 1722725
9899 4594 2306574
5950 2011 544482
9534 4002 488079
6540 6652 1601458
4680 7749 1220034
7961 8836 3284677
1693 27 946206
4207 9288 1268015
8831 4724 261532
7117 1749 791315
8395 5475 476913
3519 430 1101357
3788 3690 785040
18 9776 1084842
9238 7324 367249
4409 8838 555683
6219 7578 785851
9546 5531 2899169
1340 6071 542253
6036 6321 3924232
1481 7121 1520119
2396 269 642263
8409 4831 271423
5953 6008 1011815
4220 886 39285
8557 6420 841618
7217 3645 2032023
6082 8146 1890625
7302 7257 1727427
8548 4200 1222291
7664 7404 1022393
7 587 1383378
7452 6125 1398082
4473 9623 21805
7679 6608 673972
4403 680 152283
4541 9373 1105649
7388 5913 958480
6081 1848 652166
7884 3871 177741
6584 5905 1059439
9517 3310 2884435
2564 7581 89050
2930 3043 615533
4379 9719 46270
4216 9500 317145
7825 3008 858624
3439 8245 298543
676 3520 617027
