181
9647 7284 180897
3162 8898 781288
1609 8094 2477602
6220 9390 18683
5513 3189 88546
7834 1619 627527
6319 3700 44676
7790 3184 809797
610 6953 198479
1845 3296 5949
4132 8238 64067
4339 8332 72812
1003 6261 561719
8603 76 1153453
4328 6874 55312
8229 26 838334
4387 5393 166501
3469 1292 157816
1850 6433 703235
9823 6331 549166
7760 5634 721991
5911 842 304739
7064 9800 876765
3784 9551 558731
7013 9855 962280
4088 7603 340352
5525 9258 340064
329 1983 214268
2546 8031 470629
8225 4450 255489
3249 6883 693082
9730 3775 168048
5915 1281 897617
5472 1836 338521
8772 1171 748181
3462 5626 123946
6490 5493 790180
1907 9726 1519823
5115 7339 1233684
4547 6109 376535
8564 2271 8329
8689 9347 658187
6440 3742 1145185
6359 8715 381552
1699 2710 92745
4750 4849 1638807
2789 1602 784883
360 4607 384904
2911 3175 268367
2348 2925 1406472
4259 3172 222814
5386 7777 334291
663 8169 42355
1875 387 116276
6639 6204 440537
4996 8203 965114
6845 7371 622242
7413 4358 95448
4906 8235 2334701
1412 314 371973
4196 9118 364613
5249 8339 22963
9730 3618 64852
2179 238 21210
1279 3479 232800
5669 9064 13520
7878 2015 894130
1017 6341 239741
9961 3054 595763
6666 2580 2468851
8131 4063 60444
2760 2625 318848
7561 9310 557808
4696 8406 212870
1909 814 1028336
1621 7417 527855
4064 8464 90330
8628 875 362858
4295 4251 445222
3088 5583 117996
7875 8597 152426
5572 5605 221483
7732 8506 104662
823 5366 254276
7181 1097 24091
4002 5682 977315
6131 3868 375909
9900 7917 86009
6792 230 577961
9804 5191 508216
7800 6261 2240151
2436 226 265863
6237 7385 791299
1365 7575 2551433
2897 1995 431288
7426 6396 1465555
3128 9828 290587
4148 8930 1528926
5193 9294 690219
1088 3329 143046
9933 214 120318
78 9082 1009571
3740 7374 3021
7247 746 197604
6116 7601 136921
4335 8024 69039
5599 4570 316245
6357 2085 114085
5753 3989 149688
2766 238 912823
6828 5036 566843
5947 9768 3096569
7118 8883 134934
9163 6513 420308
8253 1702 432041
5544 7392 89316
3682 7595 618049
275 7432 154660
245 4839 113587
6556 7298 276568
4004 3511 386462
62 9502 789532
8783 7930 10155
78 2189 252777
2 6636 162688
3700 4303 339727
4036 3165 313053
9204 8014 167721
1220 4119 1044310
9382 3276 110005
9842 5103 1152540
5830 8270 56111
6730 1353 657137
8596 6469 149322
131 165 381995
3137 2093 583384
4688 4148 370302
6166 1380 1023647
3867 1776 599266
1611 6900 1724127
1056 4484 12948
7303 606 99930
7614 4341 957982
2494 1677 868463
5225 8793 356846
1057 4205 151350
2497 681 60434
2847 7095 208668
3748 9411 572454
9384 4246 1939522
3734 7082 38921
8968 5123 676554
8000 6025 308823
6273 7775 227553
2695 4609 22274
93 9782 57573
4553 91 2190594
5170 8054 108456
9323 1193 948533
4071 1712 195878
4697 2108 1176417
444 3943 536675
301 5376 66936
3542 9963 532232
665 7655 1144108
5926 6601 398546
246 6687 676087
7682 684 1084072
5844 6249 355539
4623 9749 20949
4769 6091 554607
5226 9679 331166
2176 8791 415123
7359 2656 951681
5422 9992 302891
2514 5889 679133
9645 7856 2125175
3564 151 89796
9473 1890 1353142
5385 3468 1507008
2337 6637 360819
