183
5566 6590 5077
7970 950 553038
8563 8731 514732
8127 6082 354145
1516 3745 601978
7381 6448 62076
2968 9028 799813
1538 7688 48637
4644 293 396349
5070 2352 451205
7169 3914 417874
2658 7821 843672
2170 6992 277187
3754 179 3016238
5627 5145 287006
5473 7542 573294
4385 1024 951178
544 6166 841051
6213 130 44672
7010 6536 302924
6400 433 1665442
6090 3430 265928
4665 9876 308587
9550 6707 817905
1286 8143 1829642
3614 2874 1736950
8297 3717 579410
5427 1449 177523
8455 725 246584
3241 8598 1126614
1638 4780 134611
4596 486 1421086
4512 602 27386
5964 8617 271946
7892 2209 1430881
181 3694 223583
1135 9333 685767
4820 7301 411692
5125 6827 302917
5679 5921 1593735
6185 7110 826577
5946 9287 45927
1677 9068 456404
3211 300 106877
9708 646 646067
9915 7307 1163727
2809 9269 248511
4592 9386 408504
3737 5765 568358
7367 8644 45403
6397 3069 104043
2386 6665 670289
7973 5856 93872
92 4860 147149
3538 5626 492949
7580 6329 964215
5723 5126 184608
135 8051 1003569
9733 2931 154355
6701 7662 115536
416 3403 556116
3101 4197 188051
6651 6488 222969
5267 7494 197339
3912 5944 220646
6941 8988 1182116
8894 2205 489468
3867 9935 277926
6267 7500 547210
8901 4381 159604
1860 8564 812043
7849 3161 628307
3777 4685 2341981
7576 4292 224167
6961 5357 197150
1971 3739 105751
5555 2707 97742
7764 1142 620721
4921 2223 597725
460 3757 235945
1501 732 1459054
4075 3756 899086
7768 5189 1023434
2925 5614 1083469
8578 3456 38115
1272 1529 1010896
6922 3145 288757
5189 9231 83811
6362 389 1478899
307 3997 1445369
7118 261 408484
526 6441 164254
1329 4148 291397
8091 7284 541258
1746 8149 1333714
2686 2363 144934
1010 9263 1208319
9809 5191 273939
2371 4412 519703
2798 1248 425662
9252 9560 129359
1308 3391 161813
7113 5900 26155
5744 3711 712259
3830 8047 1001674
7499 1661 193566
777 609 60009
5692 876 445917
5156 6706 681317
8422 4247 615655
9992 6455 609143
175 9439 378519
4427 2191 327202
1689 9094 934667
8667 6431 86481
73 6319 779618
4790 1373 19566
6482 8241 611211
2598 4909 642081
649 6405 162495
347 7275 377335
2939 44 1312106
2742 9977 14214
3773 6883 73443
911 4726 133863
283 7518 122640
7077 4550 145909
4064 1313 108957
3255 9091 551193
3186 6241 742049
4103 9662 345009
4625 8586 1106481
7009 1094 985033
4810 4337 483144
6462 577 322876
399 8837 657510
8359 828 243941
69 4184 223371
9124 2474 143004
7298 178 15365
1711 2454 761738
3944 4703 60064
5189 6670 1499364
3877 1673 717382
1656 4696 113169
7755 2658 75285
1198 3934 283996
5750 9506 255803
6991 9116 263671
4454 3821 731221
1994 3552 1789597
4318 3833 587930
8532 200 385492
6478 1042 822777
3733 3814 181663
7581 1553 108375
6697 7257 603357
967 1717 1423478
3878 3759 2553911
1981 6566 62565
8568 1709 493240
8 7797 40155
2165 8009 471721
4447 6682 1258759
4280 8325 44021
7725 8455 150031
6958 8139 735447
9840 1815 177035
21 8563 471292
693 9389 342430
197 1406 760772
6069 5906 946623
4668 4065 164135
4724 2410 302582
237 7755 168546
6609 9128 545116
5709 7979 491748
5450 7860 95893
2137 9986 946223
3081 2877 747936
8112 5082 629833
1408 24 943038
8378 3936 33630
