109
7171 9691 191635
2089 8347 996723
252 4501 530907
3496 2478 1618559
2102 2052 27258
4482 584 2050485
2337 2653 762471
2249 2691 1862281
952 3223 2622186
4411 3359 1635961
4652 6434 1032572
7006 6573 1485893
9345 2277 1249555
82 5286 118251
5435 727 1759705
924 6748 1293631
4032 8480 1626947
9977 3092 376829
810 9378 166388
8140 3941 2190737
5784 3803 3133524
6431 1165 257358
5623 3087 2116657
2539 9063 2157093
9996 4067 64008
8375 5115 1854375
9715 4147 734754
263 2914 1298372
2596 6968 162959
9551 6033 389956
1988 8326 638347
1813 3552 84131
8282 7998 21744
5592 9530 1135104
1172 932 699432
9495 2757 1508801
2335 6980 414608
1839 4556 1334033
7468 5293 6920
2445 8722 2902944
5569 4711 37844
8936 2003 137641
307 3654 250816
5488 1433 1963962
8980 761 92834
4366 4197 1022408
6540 6714 873767
5925 1667 752608
4228 5160 693935
990 983 391385
8364 8770 2766190
1384 6762 606324
5901 1179 2045473
2923 3597 586854
4643 6828 923801
2799 9229 67425
6690 3572 308595
6081 9037 260837
9347 7356 1543410
2060 8567 1746995
7943 2361 728716
7986 577 2203969
7298 7131 1210458
6280 3781 143480
6684 9180 552267
4334 2151 70892
849 4909 237421
8711 2746 1924099
859 1962 881393
4049 5275 902665
3792 401 603114
8648 4564 1081693
2442 8547 270476
4309 3100 601124
5478 3341 533332
6328 7558 193279
1784 9545 366228
5931 1423 168651
7817 7413 1893659
6775 3639 482352
1006 1936 523538
2652 1708 803394
6555 4038 446577
1302 1853 21230
8697 260 2999572
7845 7322 385727
2420 9546 495049
449 9302 3363795
2957 1409 89352
9292 3690 154480
2992 2267 557049
8856 3902 149551
2814 6802 207279
9718 854 23312
8271 3690 302580
2668 6177 1744066
2955 1073 660135
499 94 275128
8996 5520 1397947
96 865 461736
6830 9612 165859
5491 5022 669051
3310 2051 753064
3027 2973 1065686
1568 1621 1656409
5055 2870 576175
4844 6508 1714322
2283 9095 436501
2039 3306 1264970
