111
7852 6311 2693309
714 7587 232019
2130 5029 915103
1481 651 491892
5806 147 551384
3501 3631 1475987
3377 3660 573920
9581 5613 337867
3644 9827 1112884
8695 1853 1001435
4035 236 1991784
4789 221 258413
5769 4593 298353
3128 1658 456197
500 564 491822
7193 9886 451619
5548 7625 327916
6874 3172 971629
6416 2672 2142344
5542 4813 1120882
726 3058 12444
8111 804 332256
1583 4843 1013284
3590 8630 242261
4257 4254 1906364
3158 7676 1801
8014 8327 590764
1522 826 505008
7148 5244 308731
3920 4430 1544755
6592 1306 301001
1989 1550 191095
676 2556 145987
7567 8596 247950
4056 3299 664453
3004 5281 65896
8831 9583 51562
3128 6032 736133
9392 4665 153781
3818 2948 71654
8381 9843 146266
5911 4033 1646325
7965 8497 1171382
4712 8264 411412
7659 6244 1568648
1050 6727 1016154
6449 1483 769665
2989 3503 672826
6761 6620 210715
7407 3330 1399006
8339 4007 30022
4239 5663 6249040
3150 2043 394481
5670 3298 626890
96 6199 814544
5365 5773 589156
6277 1972 82406
7163 7509 714878
1061 7753 3338304
4558 6783 2021817
8978 5805 2053039
9389 7966 366540
4506 7187 2618189
3588 6785 286011
2664 5819 1027070
2114 5377 138065
9329 2144 1541441
4607 1777 813335
56 8694 679145
9808 2675 1829724
717 3290 116987
2980 1564 1415466
3349 7200 2524730
9606 3709 258292
3494 1415 983408
5160 917 1874050
6197 4161 71666
8695 8620 696234
7375 5430 1274329
2836 4456 1557532
4542 2030 739111
8689 3870 1193203
6282 1271 586162
1431 5839 7362
1907 5876 2709914
2188 6918 640948
3535 893 1346706
9975 6098 782821
104 7349 1055053
6505 7137 1554163
5303 8984 1042370
572 202 981451
3061 4922 205204
9718 5177 304851
3531 9939 1856866
9479 7320 733518
8766 433 2164777
3640 1466 501942
3886 20 97831
2899 9320 266164
329 8408 546966
4676 5567 1028774
2227 6075 530081
5185 2987 2223603
2213 2063 825906
1718 1097 95380
4187 1845 153918
4648 23 813961
364 3936 299782
6912 1283 460524
6271 2366 1267559
