70
8670 5254 4209664
8854 7975 275255
8214 1038 2770555
6861 688 330092
3836 4235 172790
111 220 8701
4690 5596 64303
6480 3709 1195060
9143 433 382915
8960 796 5749855
5380 2149 404225
9474 1647 1754040
8525 6913 1499205
5151 5085 2271822
9227 1734 509526
1092 5637 3495389
6407 8011 571026
8177 6037 251860
7190 1668 47774
4363 5539 2675634
7587 8224 1547342
1171 8320 574226
6965 2630 2397716
2139 9277 240113
2756 4873 253947
4812 1047 422316
9488 6014 3388959
2979 4023 3668602
1182 3012 1683723
4329 3713 4406653
2236 2879 479553
8268 8462 1382409
3871 4576 801887
1905 476 743320
8600 2452 5419503
6664 8116 70459
3902 8824 510553
6199 6598 1854132
4422 2714 2198436
1781 8359 2062396
1506 7579 574701
9442 183 912298
4478 5468 823636
4161 1682 343111
7044 413 670077
7395 1111 481296
1258 153 1593331
673 1244 2642409
3550 2397 1962393
2763 3257 1984463
6459 5270 3020087
814 8774 1245150
4982 1476 2510042
9458 5953 706744
472 9315 172846
8610 519 90968
3373 1508 382636
608 4494 3445487
475 7937 261589
1154 9555 1030355
2815 7647 1471947
964 5616 2331956
405 6772 2072796
4356 4715 992939
3513 2162 329852
2510 5662 2085112
7314 347 881255
6746 259 599442
5149 6790 1474390
7060 2568 160756
