55
7519 2763 54282
192 1494 1720722
2368 641 1263603
5085 2965 459751
3865 4847 1515660
7353 1979 5200893
1377 8944 845000
1774 7301 646542
5893 7901 302910
7741 564 2180118
4304 3184 2872691
9637 4210 4661625
1891 4701 1071258
6115 7755 2810269
360 2156 444981
6043 1945 21853
6687 1937 137244
6735 4727 1930742
5116 4842 1603859
329 7307 2756754
905 5127 169722
2025 2048 766606
3363 1344 299240
1239 9681 960217
2814 6787 1890765
1010 6856 9485675
244 5082 4581842
7859 4030 566239
1139 5618 195400
5202 3744 1143823
7551 1156 2231200
1116 1020 3063628
1550 5659 517198
9199 5519 1457906
9043 9974 2151550
7472 597 565513
5237 1107 5440235
1820 8185 2950495
9174 7522 788149
5034 7217 1251235
3263 1246 1137262
8798 7690 86808
7287 2025 199442
5142 6417 837163
6511 8939 225371
6361 7995 5962264
8960 2227 2223147
2081 7351 282803
4112 933 311484
4018 4038 772011
1552 3164 3992223
6191 1845 3419169
3930 9718 1519035
8103 9429 4925595
8484 1956 1128828
