86
1522 9678 393071
7402 1405 763354
1598 8800 744747
1379 1546 794879
5461 10 1082606
8986 8768 329633
5072 8105 143758
7504 1355 1646450
1639 833 1993814
8521 4665 423708
8899 4683 1534742
8274 2493 1449136
6584 4191 478223
5989 5472 1118883
7047 6925 1188480
5449 6100 694704
9023 8186 665049
5288 9653 1413606
8393 7128 1140336
7795 1537 258120
6833 3944 2209757
6284 8438 1269976
4707 5651 1125826
7069 3260 710890
6808 6216 169068
8461 7925 1425283
2869 2473 1041856
3282 5177 1600806
5330 1037 358609
2026 1582 434065
6432 7739 868589
1962 7370 267761
3978 4865 984704
2908 1429 183763
9957 2816 876323
7846 681 116710
1992 9023 927764
2744 8527 508595
1784 3571 766775
9117 5350 1112145
264 1658 2692234
8356 9282 2254475
1964 3738 1130068
8258 3575 14208
8233 6930 3574235
4537 9791 2050076
5300 9276 1810045
3001 357 1025749
7890 5126 180235
6078 2598 3514254
4741 5540 1468404
5515 3611 1317863
5614 6716 444738
6073 5530 265375
934 1681 4526893
5987 6873 841644
2608 965 184050
9221 9538 200566
1292 2579 63301
13 6365 5754869
9731 8986 1054793
6278 4883 1001901
7353 3945 700733
4742 5942 3241591
6765 3076 461560
1359 7407 1193581
4968 3006 1187939
4703 1039 425033
1949 9439 2377043
9668 7135 1526925
4751 5404 2449946
5739 7563 878093
774 4042 370244
9279 8019 5541
7461 5919 993560
7840 5342 76193
6303 6726 162398
6331 451 1181183
2355 3298 190069
4091 9469 2067537
796 5662 81033
5610 9952 2869629
3371 9203 389904
3606 543 195718
9249 4758 4868108
2644 4854 1519899
