53
8721 7134 4904338
6157 3379 3434538
6938 4393 3485263
9811 2055 248147
4742 1000 336409
9413 5629 1057934
4666 5132 380583
5580 3235 2889821
2538 6394 1485002
717 266 5920
2685 6090 429797
2701 1826 116410
3007 7890 6011304
2072 1402 154806
9705 707 441352
663 9598 1335737
8528 8144 6698101
9305 9837 6129141
7389 9772 3155375
6981 4065 229920
9830 2499 1463558
2232 9501 16070
8026 9025 808378
7675 5315 1737296
3189 7732 700083
7471 6545 1440196
8975 7470 70197
7782 4783 513198
1427 9453 821999
6402 7551 346975
3383 4994 1100496
9734 5932 4851267
9499 9486 639554
2057 1468 4098857
7436 5565 4013993
3738 9212 1641220
2613 9415 1674915
9030 5348 1337681
6215 7780 3215428
7374 5273 2543812
3914 1040 1735029
3339 889 2703857
4640 5781 1866358
9205 9555 1724019
2690 7436 4007226
1244 1335 406240
2994 594 47680
896 4098 360214
2364 292 1502133
9632 8533 3339394
8839 59 2438803
3693 4884 3424922
4717 6888 479054
