141
266 6204 978981
3715 2994 756730
7652 6804 76319
6773 2587 64181
9286 5561 1070753
9790 9147 291573
6107 4149 713236
6424 1469 1022318
9530 4712 770118
203 4471 978996
2964 2295 586228
6169 2635 83723
2311 4291 305360
7538 269 1226068
8044 3275 284656
2394 420 374977
1441 3086 41704
688 8260 183479
2505 2673 307617
1467 9220 16840
3249 4260 870201
4863 4603 1172033
2652 8539 622986
4689 8134 80183
2023 5254 299003
3887 4887 186949
7286 7271 1912904
4412 677 896652
3672 2208 1169938
6884 5466 2430229
8953 5669 935953
476 4004 403525
6840 726 519149
7747 714 31344
4566 297 417922
3832 2358 999090
112 7616 1591473
9662 1750 476294
2050 1935 217018
8335 3713 1192788
7672 6153 932894
1260 9853 331969
3507 9699 160990
6154 4280 854103
7092 8211 395863
2568 1126 890969
1364 5720 703466
9871 9733 1206672
4646 1763 547961
142 9507 526901
4115 9961 1397431
8587 4315 397138
7563 1832 813714
9558 4088 1983832
9928 9320 3054328
5806 3325 463044
4898 3317 15552
6893 9463 222360
8506 5596 756515
2901 2961 709105
4660 1093 1454789
8419 3307 1042747
293 4146 197917
7194 8667 302472
2407 1529 539190
8336 6934 43026
6961 958 1088349
9440 3031 53365
3227 7899 35285
1859 9704 740241
4929 3395 12684
2793 2755 227210
7855 1924 503916
1704 9434 114669
5925 1820 1666760
3607 1162 562994
8339 8768 991543
5354 2539 10644
7180 3641 576838
2408 7384 392543
4489 331 3059247
3537 8059 772398
8846 3472 19660
1578 3800 445672
7605 5857 991795
5521 7738 654845
5047 1578 502021
4976 5234 363962
7375 1313 84035
1559 7283 82202
948 9723 266021
4610 1059 1919782
9539 8676 105527
1233 3001 1052356
3877 8078 26378
4229 5809 959542
5165 2826 1041198
7330 1152 259376
2481 6156 523152
8991 3572 189790
7065 6542 410655
3611 943 312884
3923 7316 632333
5025 6663 1217449
8044 7964 655694
1481 8106 586020
231 9037 104560
6794 6096 2078235
2335 9496 875066
2997 2666 1632922
3605 3024 165515
6340 2441 756655
8313 6517 380395
575 8255 164350
1440 1733 1730544
443 4934 102396
3159 8303 2104001
6151 4401 541953
4515 1523 116858
9890 5693 1200544
6605 3189 333289
2312 3155 2497161
9428 8137 550302
4944 5662 2869478
1674 9110 1004940
4423 5595 621
1603 2277 1566003
5543 9629 1257255
6280 4103 195538
2279 1464 415192
8339 1735 510647
8175 9797 184662
9264 6433 1295538
7654 4054 502766
628 5848 1851527
9188 3627 568982
2583 2099 474239
3715 7652 407449
7409 6237 619909
4089 6444 35862
8043 9161 289172
