57
194 7474 1669880
8603 4588 789094
964 8268 125431
5924 9284 3946857
9680 5978 904192
7921 9337 7410
2072 1014 184319
223 3935 423370
2788 6465 534844
2962 3398 4167071
7546 3230 1538865
2380 4227 250201
5349 3681 761699
3163 6603 3476879
2854 9348 2249424
2165 7378 573392
3523 9537 413068
1648 7456 324920
2836 3239 1109343
2246 1113 5443904
2739 3975 3272646
4649 3573 1482513
426 1725 127150
6813 9074 2298113
7916 2964 421661
9472 5279 653466
70 9912 5940801
3608 3405 2038755
4564 4668 319222
550 74 250253
2864 4659 2929258
2313 2088 845819
9552 2664 970899
7796 4149 904348
9748 5414 441591
1164 5180 190112
6874 5919 3026258
1198 9669 2663419
2441 4233 34329
4077 8883 1661567
4894 8325 7104375
6935 9094 2312582
4134 3910 2145999
677 4863 503002
2435 4242 4439772
6831 6084 520531
7366 8360 974717
7124 7513 3437971
1739 5259 639409
1170 6376 2674439
8751 7464 762094
9896 140 309079
918 6497 4792660
6320 5197 381470
8280 9083 1202957
7676 8429 6221959
8762 7241 2210641
