67
709 5301 5341719
615 6279 3181751
3802 7940 423734
7794 1692 148335
2194 4542 1397055
5952 2599 5361524
6038 7269 126302
6054 2047 3747897
378 6640 859447
531 3900 733437
28 4481 4097789
2288 8621 1589614
8665 9260 3233739
2803 5535 1489236
8331 4948 450589
7633 7439 3698590
3613 3566 181777
5014 2537 550547
253 5772 264952
1578 4071 75496
7775 4790 1525241
101 5154 82281
5303 9636 498077
4010 7085 613480
9847 3164 1826966
6192 4705 3612055
3098 9298 2160247
3971 2678 655697
2706 8912 884520
560 207 1849946
2732 3705 646637
516 8425 2096845
1911 1806 219936
5185 4933 313089
6435 8155 1148719
2516 3291 1542059
568 1588 56919
5691 7385 399548
2599 7589 2265892
911 9785 650005
5363 822 300282
9877 3461 3168517
5574 6724 418513
9955 173 1051356
2617 8557 2645021
5122 2975 2586496
8793 9165 985778
683 8383 1335435
1220 1060 70531
9223 9545 422390
7915 9235 397600
9658 5455 5772765
5128 8097 1288915
9699 3126 62462
2161 5132 1606719
4624 8627 25726
2903 4624 154309
4048 5658 1843821
4850 2343 1757661
5629 8442 282571
1115 6191 2093527
6678 2946 1860914
3102 7149 1887745
2518 7393 2646249
2047 6094 2206980
2088 9656 2675346
7704 3025 450682
