83
7549 3317 387182
910 4310 878027
5181 8222 2400849
2350 1855 969318
2690 9208 1279303
1511 4707 86390
8233 4998 859057
2414 2207 965348
9646 4143 839896
5942 6150 1466128
4097 3102 1737124
5635 212 3397670
8777 8504 857401
4908 7978 574456
1172 128 1998221
9384 9660 3076329
325 4345 1806809
4151 400 336541
1583 8332 1495282
7072 4979 97149
5081 6690 1143994
7356 2273 1788802
1018 5923 509218
3176 2262 1164093
4205 745 1517662
3692 791 1740454
4862 5111 25820
1334 9256 953068
4554 9818 235923
8396 1431 3081355
6991 6492 93944
2423 7501 1794571
5019 6784 1070118
4653 3351 444007
7747 4941 209143
6853 3413 2800553
2640 2222 1078118
2068 5511 2102934
4209 5193 1191989
5740 5212 1684200
568 9944 1081527
2407 9988 1818639
1858 7933 608002
2738 1938 993946
1904 6713 799462
613 9059 138950
8533 3935 69208
5375 8066 1728908
4357 6727 1077971
9740 786 346069
6691 1263 2939672
1041 1348 3312100
2334 5519 4498485
662 1484 53958
6196 8906 861768
2093 8233 481892
3252 8165 1165665
8382 2144 1672157
6897 7486 2812801
8986 3443 1198044
1512 3882 697541
9478 4547 1186148
2911 7571 1593756
5320 2516 743797
5162 4801 1723674
838 7335 942691
8016 5742 208667
7673 443 20812
5447 9258 2888780
9589 6748 744675
6683 1457 330630
7756 993 1053206
9131 4760 882195
6908 5028 2002965
2108 672 1259367
8465 6536 453358
8993 6669 732481
2268 7939 201429
6881 7459 2046173
1653 1448 168578
2238 9091 76490
4892 7593 877924
1022 5235 1366993
