107
2328 6726 470584
6819 1780 2400541
2173 5498 1241628
4128 4795 187717
1372 7077 249852
7980 8073 2067325
7065 2928 388582
8929 4616 99121
1158 2659 519051
4754 8466 941547
104 7713 2535801
489 8087 1729618
1859 4280 761605
8737 7623 311158
7264 6563 2116673
3425 6190 613054
8898 6691 2176142
2196 6434 1118171
299 6193 8406
4966 6643 647682
3038 2863 1860949
1430 2839 191123
1760 9302 2075556
7184 8317 349533
4715 6543 2204596
3405 6827 704432
6497 2496 1918211
5259 7469 529757
4758 2100 721025
5833 4160 1939928
7167 1994 1124676
7119 7870 2101879
3889 1910 2521541
6989 8118 312628
4647 7095 890558
6712 1660 1953497
4357 6857 53475
7959 5865 475168
8546 6507 2106648
4386 9748 792903
5849 8281 1895294
9451 5238 1030923
8768 7726 550174
3359 8100 335299
4114 4660 1181454
888 4396 685328
6453 5817 1344756
6254 1009 1531377
2336 3387 469130
6172 394 663330
9682 8339 58498
352 6395 486594
1452 6158 459966
6319 4765 27615
1333 603 273623
5118 7201 355384
3642 11 183673
6480 6209 20409
1948 2652 61247
7689 7060 100945
9529 7711 239640
2651 7051 4994035
2374 1398 571003
6673 8943 454119
5216 8972 1736303
8447 1336 1401858
6568 921 893765
2715 5627 1541286
3960 3989 4475166
6595 990 195012
4827 8553 2830344
5837 92 874684
8027 7042 1120152
8048 4215 239923
4110 1717 1123310
2836 3350 443346
1949 9785 1536085
4659 2390 291194
7125 9418 1116417
4970 2073 180417
7736 942 329304
4893 5861 568441
2447 2096 105222
9026 1397 82603
2431 4313 27823
7719 6913 27249
2141 5995 1329586
6705 8972 426199
8615 2584 376657
2168 6037 1941431
5550 2897 814325
4483 4717 436402
2107 6919 43720
1400 1588 1301425
4141 7951 91340
8411 6872 1074264
9508 4920 765564
3406 9988 72993
9357 7919 12979
5101 1747 499880
7255 4125 1195481
3327 7853 439107
6730 917 1585644
7468 3930 20396
6985 278 1388548
7436 6695 912493
2822 6223 745505
