88
5933 9849 445788
1433 7939 3899918
6485 6536 31393
4119 5190 1684653
984 5499 1635775
8982 9095 1379011
4327 2428 953011
7605 9881 2196439
3613 3819 1309885
5859 4043 678006
7091 1716 421788
4065 8850 255391
6993 5254 1116278
1936 234 1591066
8332 8489 1235815
5159 6787 1086739
7605 6995 1485194
5608 2904 2314087
8259 66 864928
5888 858 1036246
9078 1203 1610376
3365 2601 835690
4406 8876 2095886
9017 9767 917914
7744 7269 2542992
5763 4029 775211
8766 6145 598497
5384 4640 672897
8097 4169 956745
5651 2299 2444580
9436 9067 1577494
2411 2234 930816
4211 380 364882
6747 3710 954988
634 1142 3108885
8282 7770 314618
3820 9980 656539
4621 6846 625402
5415 6265 1560879
2936 2723 104831
2303 625 2156610
6926 4110 685748
961 4818 350768
1351 9756 820571
1085 2825 2516491
7776 6975 1400359
6873 599 181804
5230 5133 1280689
4764 225 378219
2827 2913 1032597
4358 4635 339337
2188 335 366492
5225 1844 1166863
7799 8563 740428
6282 8566 953937
8417 4071 1209219
145 1726 1692407
185 641 39681
154 4686 934578
459 4772 1887401
3376 1318 22460
4839 4657 896552
6995 8764 3394797
4787 2374 68331
5565 6526 1846509
3631 7077 1560233
5109 320 2620
5405 3828 1289062
5847 7883 1314164
2995 1988 916161
2552 1783 125890
3149 7686 424776
2821 4385 319296
9210 8595 389979
1665 3787 1179841
2994 3278 3046677
6632 7961 1339219
4092 195 2196646
9141 500 1832090
1788 2524 159361
4430 7436 810240
7515 2247 1242853
5154 9913 1286793
5170 6941 2085774
5089 9650 66898
3622 2996 413812
8406 9419 1760801
749 1781 602433
