54
8535 4051 304850
9909 3577 878490
9434 8990 2572159
1532 7678 1672611
7276 6271 2388099
3886 6442 351868
408 4813 738675
5070 5590 166907
5796 4226 2234908
3192 459 1778374
5915 9185 499010
967 7055 2393610
8275 3303 523083
4797 4753 680811
3887 3096 533450
778 692 2906760
5996 1536 5415651
6655 1904 2331310
5834 9988 1270003
9268 2679 1961641
7124 5039 507690
5226 4768 2423620
1595 3791 1411286
5130 3412 3187418
3433 5078 240469
8479 8280 1625397
7956 936 2836154
2676 6026 3865894
6044 6348 1318400
7999 6643 4361408
6890 5066 1204048
7942 7613 2447606
6108 2691 313848
6370 4359 2460813
109 4638 1551678
3414 8443 6814651
2848 904 3337428
8352 3742 858354
5031 2618 1012080
5889 573 6325014
6385 2514 349757
1685 6681 583648
3567 4003 1076509
881 8683 3442147
5897 6499 991234
9403 2786 528811
4040 6805 41411
8909 5585 485408
1672 8857 5349766
8542 5428 675726
5914 504 568956
233 4701 4915892
4865 4363 904357
3908 4749 380852
