133
8536 447 99193
7466 9852 67366
1625 6748 830778
1288 5317 1319525
754 482 2187334
6357 9571 533134
5693 2712 43845
206 5902 1992497
2714 3106 13020
7310 9176 966291
1890 2077 269851
628 4334 1209229
1308 5078 135145
3659 2689 204086
6161 168 289409
5907 8407 11094
3461 1194 182324
8199 4162 1005188
8082 1021 179628
3007 6311 35550
8014 9404 1642151
3199 9162 1938621
2843 8481 164434
7133 8532 1555960
6356 5296 623530
4059 5377 666316
4082 8092 300731
698 7725 347954
3227 8884 105831
476 798 1165516
7243 5781 1801827
2675 2162 165799
2892 5416 336445
9802 9090 112292
2452 5057 345813
5312 2824 1687816
8897 2435 195762
290 3033 2899583
9954 3347 1011277
7884 9248 160318
1484 5105 638104
6015 6799 2617563
4299 9976 2187458
7587 3627 1046089
1685 1014 411432
2293 6155 216328
3750 6309 178180
7640 6160 995078
8501 9862 1623083
9137 7643 311099
973 9571 1023624
10 7773 57834
8749 1288 4601
4472 8517 106461
8616 8698 1072961
9070 6042 230970
6897 3607 177837
1190 3601 297348
1988 8890 645045
3755 9536 985401
3584 3754 318410
9884 98 2176775
6014 4729 1707718
3767 9726 1013443
9693 8961 2169843
9503 2226 234611
936 7154 201557
6339 4734 1751899
4332 2754 535104
2816 7343 1705148
6501 8385 806730
2502 415 180711
8034 7411 62262
3511 5844 1288569
7841 1272 1417941
2119 1134 702704
5872 2468 447299
6673 6108 3483387
6829 785 640683
3643 7255 225514
1866 1451 1176831
6098 778 397706
6553 7273 1098636
377 8123 675861
5331 523 1518614
7796 3975 76296
4530 1520 154321
8386 4687 761667
786 3609 13068
2254 7790 46276
9680 1248 479162
7197 9242 175541
6304 3872 115648
745 6299 597894
3592 7130 677709
2888 1410 7781
4527 4262 602540
6990 8742 416327
8331 8718 172500
2455 2940 2282246
6424 7370 391599
8550 1971 734693
6909 5959 9410
4116 7014 798392
4835 8363 159048
5848 8040 686930
1122 3078 691995
9449 659 3538783
6270 488 233521
2983 8080 497110
6797 6602 568385
7316 1381 1787972
7769 3895 710304
1249 6175 19791
1001 5377 295532
5285 2402 672648
4295 6061 110509
593 5640 488619
7959 8722 697907
5179 4560 513114
6164 7471 2539885
7701 1194 627100
4833 3609 533529
2271 1468 140668
3719 3692 162949
623 4100 914684
2905 3399 487920
6533 9203 491264
1842 5141 921504
4229 7669 1427252
9594 2795 932197
3943 8952 959883
6492 3122 109012
