92
8575 6948 121068
4610 4259 51164
4256 8777 575907
8826 5956 4110768
5318 8127 1251043
7453 6374 1102661
8387 2976 1269755
423 2168 114302
8939 9192 1079300
7170 53 136480
8491 6445 1002538
5558 6322 2315784
3355 5492 1715843
4389 7342 1046690
8810 8083 959093
6662 1375 315154
4853 2981 153349
9889 6732 1007640
8048 8615 249935
9297 1691 1328675
9113 7682 2114102
7412 684 4691925
6060 7482 706077
3289 7695 1866945
8353 2268 1295207
7526 9174 4228424
6646 7893 259893
273 8334 1437227
493 2620 1405012
2058 7716 225096
819 1413 360743
2725 6326 1186313
4529 6622 195520
3088 1495 915460
2405 3629 1618718
6870 1935 191476
6005 8095 3652762
7450 4451 1339323
3509 4599 649610
7347 1817 2116811
7030 9587 170738
4264 2038 854776
3772 3016 278175
9817 5801 166620
2769 8662 864955
9087 719 171798
579 3915 448986
1204 2820 55119
7065 806 685476
1050 691 702490
9410 5904 152506
9515 3654 1087367
2440 8600 310497
1470 5337 901745
5871 1949 1740097
4845 7380 101955
279 5614 1219390
979 9117 368578
4218 7460 151641
5293 5772 305065
7735 6454 1156868
2322 3948 3331864
8815 217 535380
4989 9320 863587
3602 5587 861088
806 367 523101
7026 281 1120024
8296 646 157650
810 7600 63266
6761 3398 529566
7183 4548 1436686
6066 515 132590
7445 9872 918642
6074 8018 526239
6639 7308 1560710
9697 6056 610470
2708 5273 627739
8191 1647 1942640
7823 2459 1965823
9535 9455 1032795
7619 2844 699175
1136 2523 153853
6615 7662 55438
6778 8888 2574472
5917 2173 6456101
4605 8969 20182
5889 3023 2864952
6381 8468 1214637
2508 6027 1261569
4563 9154 887994
351 5373 2575903
8512 9039 237229
