60
9723 1835 2606965
8638 2936 1679802
3527 3430 1166753
2709 9489 3243609
8722 3364 758821
1470 4441 1592482
1610 2232 2068999
9933 3642 1425448
2361 2085 2271801
7583 9863 443152
8743 7404 275882
3579 2194 530791
1746 3277 11627
7236 1518 3587319
2150 2111 1111885
5059 1605 3985867
7472 2828 447906
6718 9502 1838262
3028 3914 1585392
7130 9225 162145
1718 8641 1397123
5497 7840 1500647
1743 6860 2515453
2368 807 2771162
8658 2864 3177262
5331 5899 3541803
6231 4794 2203056
9500 9784 1096441
1767 1091 1336769
6094 6808 804161
4519 4051 39697
8644 3854 4062661
2367 2130 163372
4298 2388 1094932
5890 4706 1064566
6565 8620 969390
7549 2985 701833
6341 201 3252408
8740 7410 3780405
9360 4108 1496582
7050 9437 1563899
141 2363 628209
5015 2771 400640
7798 2187 6952956
5239 3978 2318599
6836 4438 2124982
3231 3077 1803313
4530 9752 1554162
3392 6597 6636
4034 5922 2504
8103 157 69267
396 7444 346839
5436 4561 3163330
8211 4095 3514138
9148 2793 611817
4526 2199 81398
3394 9772 54494
6995 171 562754
7321 6303 209221
1133 2262 6266211
