74
8107 7971 959518
8944 5471 906545
9080 8681 173923
7079 2361 154147
462 4103 1841104
4296 1068 847255
2539 5677 589567
7705 879 2076627
1334 2372 2735373
7991 2469 2124664
9721 806 637376
146 7113 2583544
1248 7521 4524338
5408 6618 1262315
5625 622 330148
9504 7865 3742715
6105 2474 759495
5283 1515 1243687
3381 4048 189689
7 8594 6053717
7511 3076 2635800
5779 2200 1787692
1670 6604 505306
9165 9641 1704863
4512 2691 1280633
790 8195 46648
7702 2086 138606
5396 5934 352818
5381 8687 114924
5614 5990 1084504
5969 8617 271453
567 4845 1097069
6750 2566 4187013
5061 287 4753988
8504 7385 723472
2150 5409 539082
4328 9390 471816
7880 8319 2714281
8633 3359 3748300
5724 9301 894296
1436 6164 1652263
6241 3266 1249207
4263 1493 166781
3185 9891 1520891
2356 717 2155497
4232 3529 1409411
6774 2225 1794735
601 459 512462
5273 6742 334296
8062 5700 829747
1216 9189 148710
6432 662 580691
7667 931 1176311
7215 8702 323902
155 8634 1191517
7407 634 622492
336 132 1298386
9039 6419 1890704
7701 2448 2039685
4814 5221 1549742
9015 3503 462534
7120 4685 170927
946 2494 1737276
4545 3389 2247523
4560 3916 1052083
7497 1513 1166600
3805 9575 110113
8826 3521 3295602
2332 1150 449108
8889 9648 783794
7468 9790 474761
7908 836 56517
1840 994 2596407
5150 6736 161014
