77
5391 5182 1786733
3250 2598 1986118
2252 9118 1359996
3733 7296 1809600
9028 9377 1816646
8072 831 218611
1360 1156 128929
217 8545 2706471
6539 9024 680403
8394 243 208536
4595 6503 5121783
2455 8160 507883
5619 7280 1608154
9405 873 922879
5648 1479 1273129
2661 7655 416453
4303 7719 283845
4618 5128 5380913
933 8056 599371
2757 4276 470846
1277 6285 1039310
5349 190 983587
1233 8153 963100
8007 5904 175170
6514 8834 1764430
6828 2863 975021
7195 9598 220304
2059 215 127461
8789 7667 1162089
3068 4212 107656
7787 2421 1393579
7436 24 1413231
5189 9949 1214503
8092 5770 50332
6021 3568 52338
5707 4002 4479623
7805 4203 110932
4843 8815 697479
761 7467 1103682
4693 8870 75459
1731 6169 6209295
1569 3511 1902533
1010 4613 360943
2378 6500 2171321
7101 4873 566338
462 6889 959107
8903 9371 879099
6932 8372 4845079
9146 4417 425654
3817 98 537755
161 2972 700203
6088 7417 1306476
3328 4847 133054
9637 4658 565866
4583 3151 94736
2255 1241 2231197
8287 2350 548442
5719 5182 134788
9433 6792 66693
2166 20 585372
2651 6917 8802542
7926 9426 1881048
8375 8167 258824
3332 9171 235978
2286 7018 1028202
2700 6379 418664
2835 9850 160571
2189 9193 2305489
3631 3831 534360
6300 9482 1330481
4691 9112 4036632
4540 9200 1482429
1863 9126 2953169
9948 562 750644
3243 4035 886033
8758 6049 142689
1796 8605 171709
