98
8414 105 90164
5430 9621 1963811
1879 5627 343646
9609 3543 192778
302 3416 626878
6203 3222 2675516
9447 7132 132057
6239 5230 479286
7895 6039 1509220
4367 1827 1184070
7825 8047 1261810
40 9711 40520
7882 8295 365604
5796 7123 456918
9465 972 137879
8108 7739 1338844
6925 3716 2434242
7221 4376 1475361
6591 8266 2594300
9016 9711 402232
846 9584 144744
5493 9997 437590
2687 588 280751
3476 6497 935823
3487 1804 497628
6362 9169 288712
8257 5222 481842
3974 6710 194669
2835 8721 1280479
8095 1478 375674
7120 9883 613960
6423 8791 235431
1450 1114 2676889
2612 2032 1197683
9846 8954 234981
687 1383 54893
4676 9249 1402597
6556 4766 250497
4938 5577 566591
658 7160 192620
8175 3098 1738029
9085 5423 1988134
5392 4770 1127349
5324 5478 262852
3025 1744 3227100
9043 5076 717756
9024 593 1416312
3359 2799 2850439
9015 4985 980006
8449 7796 2564208
5044 5212 731476
6239 819 361447
1541 3972 752687
4277 4217 465518
4439 4368 137003
3527 2462 1340253
552 4904 1661442
300 7289 893371
8624 5014 1059914
6237 2273 5000104
6695 2725 671460
6407 7582 2005115
9942 3526 193241
7723 3037 206520
5728 9163 596653
9774 7455 129450
8106 410 1333547
5746 9767 1080588
8196 590 456935
3642 2004 5277981
471 4674 229220
8043 5871 1199321
1950 7737 1148638
7195 4294 2661605
3851 9501 288230
358 7231 1211141
1376 6471 598265
2547 3591 75066
9205 9837 53857
9501 5245 909698
219 5291 1865266
4756 1956 674756
3340 6804 26577
5733 1332 1102354
7466 1990 2551376
8813 147 352914
3777 5453 1837477
2648 2854 1594706
3494 4830 1941964
2706 4489 831557
7490 4285 212126
7772 2227 1205646
7922 505 314344
3947 5400 10379
6517 1647 556212
8840 941 1570268
2415 6188 858089
1339 4109 842868
