54
3699 6841 1187008
7782 1188 1440618
5765 1243 1555833
2731 3564 1713731
6182 1519 827561
1365 8829 965694
4475 2439 4240444
1462 5642 106160
1298 6974 6462497
333 1622 901854
7348 4022 751833
1846 1687 1770393
9008 9025 766977
6987 2719 3076440
3683 5656 596068
4508 7319 2983586
3719 4778 4773637
3297 4411 5268
4140 1096 4529701
8751 2562 1138162
8516 1888 745787
7487 6325 89880
3947 1914 1754301
6320 1115 1195049
6756 8958 1560561
6733 1962 1065341
6909 6962 571772
2944 8641 2361928
67 7392 13557
7819 2525 2529529
547 3 2299434
2904 2517 2078902
8963 2507 134851
2324 6522 505541
3220 7827 575678
9605 4923 5826471
6295 7146 2783376
1710 44 1545926
546 5002 1650458
1808 8669 2635455
8683 7256 575401
3619 7105 540254
5947 7717 2967225
6751 1092 4970182
9203 574 382971
7897 7316 4863294
1364 9951 426666
2153 6060 6891954
3953 8808 1490846
6352 2857 12115
3921 9325 1474931
147 2078 727476
976 93 2918938
8342 8028 40485
