79
9971 5017 1359085
8666 3017 1720091
4781 944 2103627
1413 1804 1634167
2106 1424 508709
9098 3994 1020969
2377 4338 2160135
234 3119 164727
3017 5435 2369383
1191 6463 87640
1789 3164 2367201
8726 6763 1536223
7574 4937 101391
5026 2885 858748
574 3439 330156
149 8277 615806
2671 8654 90744
4690 273 1667151
1825 2150 127476
8196 7570 1856918
5181 3881 2479526
2239 6901 1271280
8624 8980 262103
3956 7528 2195368
8860 3694 4438670
3233 8043 472385
4481 2058 943746
6795 6673 88203
3357 4494 1050718
4952 4331 4013960
7632 3029 830523
2604 5675 289869
5158 8265 3568630
2346 6653 351860
3093 4619 379177
2337 4283 1020432
7635 9525 49511
4854 9298 183880
7653 9828 3880552
5062 3154 170985
1223 2624 1192992
4755 5898 93694
5592 8445 739055
8635 4802 142126
9386 6385 443065
5832 3508 1905655
8143 1762 4116910
7451 3505 1622152
1871 2887 153315
5678 1759 1109282
3089 2195 229977
1216 8895 60354
4074 5407 1219976
8763 8706 2076624
9006 8548 864140
92 3352 309343
2102 8038 744930
2731 4861 948711
8467 4579 167830
6061 181 330533
7623 9910 1259520
4194 2304 1154010
3539 3802 3516749
2793 1142 1453483
4176 4923 2333515
74 7707 2539055
129 8706 1718830
371 817 1988047
3124 6821 593094
2883 1374 2935657
9598 576 225797
4592 3384 504912
9679 8715 4082019
5463 5311 248631
1635 2000 1059166
4368 3811 692205
4394 5033 2689598
2996 1550 1379283
8483 6807 534040
