98
2096 9090 2482430
228 2606 544766
8626 602 929468
2006 6772 188623
6753 4407 413856
8553 2615 2359043
9560 7760 1743440
7530 9867 872311
8799 8399 527571
7064 4603 275182
7015 8169 1214572
1042 8869 310297
3001 8779 891737
5565 1254 2304717
8383 4513 761907
1659 4825 888000
1064 4099 2028855
9483 5347 362859
9273 88 2191732
7801 4299 802753
9146 1213 203590
1467 7289 490338
2949 8929 338535
5857 2107 503210
2475 2449 179652
4581 7550 1436012
8487 4102 1624510
9570 564 1390471
9393 5536 587033
7209 3834 529261
3019 8608 592721
5075 9198 541079
6555 5323 1324718
4928 991 446841
8946 8323 1685818
8944 9221 519036
2300 6251 1292458
2764 6773 271148
5697 8933 1685713
9907 1047 124860
6923 8756 3157242
8380 578 777747
3703 9624 1065595
3546 5659 748435
7454 2179 493618
7737 2983 2127263
2253 4950 1384659
3576 1360 857696
7540 5780 307023
1892 996 2379692
7547 4959 199937
4863 6511 106659
7941 1219 1774589
623 5374 20950
4651 616 619498
7289 6786 1056976
8715 4259 3870051
6118 1860 1168009
8608 2526 536452
3723 4295 1142343
3036 4596 131690
3929 3731 1507775
6591 4235 661216
2954 401 1397217
5113 9252 456631
3516 9288 87523
6041 4375 164406
4339 7379 256744
9620 5439 714029
7779 3467 1090336
8303 6213 1253353
6158 4225 1670131
1365 4488 958470
1324 3250 1068708
4459 7060 1678249
4794 713 142119
6492 3110 272040
4244 1738 4642287
2602 3747 462503
4764 5435 2324117
1294 2026 14794
1545 3418 1783664
9478 8303 559487
9966 8948 9419
9259 179 423388
2228 1125 170963
7547 5347 2846668
2279 3751 698412
812 8872 1865007
6961 7244 2152488
4487 6537 115983
2594 8612 404297
2044 9147 421046
5952 2376 1641853
9120 7964 3203683
9949 7206 142759
9543 680 703760
9678 7700 247228
