50
5422 69 894436
646 2200 3312371
474 798 3082577
777 7922 745896
4026 1633 249186
9631 1468 593177
5914 7549 836952
7229 9093 1050701
959 1797 71130
5161 280 11678092
834 9612 87654
5301 4844 2422833
7937 9417 186286
550 2825 622356
9778 4236 607800
8107 1663 1746721
6336 9140 542593
1435 6592 112338
2771 5686 713320
6843 7477 855425
785 9592 1257642
5000 555 1564951
1364 1619 1061959
3554 8652 8604646
8226 7893 541268
2917 2295 5583469
9973 4268 8022472
3751 2283 575716
4502 9770 1413971
7002 825 1127556
910 8413 1688755
6696 3491 148758
8849 1844 159412
4021 6020 814344
7458 5189 2360806
4113 8348 4450904
9144 7327 1265389
9031 9151 6087866
6576 9267 2320284
9644 4187 829148
1153 4848 7882832
2994 8808 1653548
4465 2646 479442
2922 1438 3456024
4669 9995 3296243
7591 468 83215
8615 8880 1399887
3889 2202 98464
8489 4301 1300923
5243 5413 58262
