157
7134 1657 1093275
4342 9428 584
9321 6250 774983
5228 6566 672640
3040 2235 352450
2928 4578 816902
4896 381 504245
1541 2710 2245134
1481 2938 2150
6544 3694 518425
8124 8196 1317793
6421 8475 417880
2872 4208 1040304
3392 9499 363805
5957 5065 752052
2581 9173 1081125
6511 6454 884653
3916 2776 598044
1334 916 356009
421 5268 161625
1941 3494 639153
8091 4689 337529
8978 9861 40344
1580 2916 172805
7175 6207 37607
3778 9579 736872
1206 1370 293337
3814 5936 455373
7149 7765 1067575
4135 2569 679284
6948 7165 552662
322 5317 621884
6306 8225 363050
165 9175 289581
9987 36 2250925
4292 5140 130702
7101 5887 164539
5857 4767 2690
5211 4626 569914
8665 7304 121628
3470 6668 86319
1248 2310 2111404
3049 6009 346377
7824 5972 596857
1244 9027 496030
3215 8322 163643
1226 4396 385229
8003 7803 1093800
1251 7898 50818
3311 1031 285251
7730 4948 2451973
2027 8747 922839
6221 7210 224625
2691 3060 1476636
7102 479 605236
3773 5404 172729
4321 6233 353652
1098 1124 1081049
1419 4076 3400868
850 2695 150426
9112 6405 37401
8125 4677 298573
1169 6978 341791
1727 1293 878852
3529 6817 298448
3889 1451 628347
3446 8702 81826
479 9396 22884
2478 2215 1896229
9346 3013 1287580
7812 3205 291239
660 2025 116303
8508 9296 622805
1495 9884 28491
7726 5701 865615
3625 4972 1124518
6310 2008 475453
9534 3817 185848
199 2161 630038
5223 7425 643507
3543 7096 1616787
7372 1760 190636
1506 4140 516293
6295 9460 299971
1643 9845 234385
6492 6654 16201
9492 9563 909886
5925 1327 312449
3580 491 71589
816 1181 988313
8282 4713 789153
7676 5823 720576
2315 1779 257377
2937 9192 2625985
4667 3655 2375543
3018 4803 1324075
9321 2091 1849858
2584 2100 193550
7832 2235 36132
227 7847 497444
837 9415 549917
941 9422 172691
6349 240 647045
1955 1072 662757
2755 7737 228119
2931 436 532980
7345 2614 202243
3153 8694 1535391
2702 1763 1356119
7364 2067 301926
3072 3259 381153
6695 3300 207572
8246 5680 224817
5965 9479 370711
995 9337 353278
7506 5493 429547
7461 1217 2198220
6120 7215 69575
191 9891 71144
4919 2539 470472
1365 1546 1109110
537 6485 160394
7787 2107 49555
9391 3274 458488
6464 9234 1164802
1129 9588 1652914
5023 3047 22764
8252 3291 425786
5217 2641 514387
3375 6207 89913
9664 1174 188129
6342 4324 572354
9626 4006 1899033
6503 2989 251754
8537 5521 2702036
3719 9320 1986829
2392 1781 162140
4426 2375 858804
876 375 249602
6704 1400 708484
5218 3911 91954
5710 11 78056
2966 9668 84839
2900 5397 190692
5193 2177 523169
542 2040 85309
8404 1922 16452
5458 2566 1021188
2405 3026 40389
4452 8972 279436
4901 8302 325995
8949 4529 11188
2417 4384 504467
7835 2292 816494
5208 9217 1285056
5038 4359 87750
9713 8775 1845367
