66
3897 129 2142782
5800 7660 655097
1143 1937 411395
6372 5318 2348525
2694 3320 129694
8788 8444 603819
2540 538 271609
2027 2002 1092685
4478 5626 181458
3396 3674 316164
2667 1776 987415
1262 4712 2441469
8685 6735 2351596
5039 4135 979847
3870 9390 2199332
3609 532 1678435
5478 8416 823705
5673 4405 928367
8809 510 612682
4492 2659 1322765
4801 9330 899705
9645 1214 2712512
3657 8938 1995309
7023 361 1165829
6419 9273 2593112
7552 2940 2060182
1033 9943 1027423
3856 7666 11614801
6584 9861 615657
4579 8094 2526073
2836 8045 2455507
3950 1163 2586846
9287 3907 2097453
3102 2944 3069691
3860 6367 1486028
8024 4421 1012330
7692 5525 396284
4382 6368 552569
919 9765 830343
5154 7920 1509209
1771 3101 582470
8774 7943 2600450
7115 4101 2288222
6862 9476 1758177
3450 4331 307960
1398 6971 1078949
6615 2934 183153
7631 1656 812581
9949 2748 275197
1430 997 1133952
123 2575 150726
1219 7478 379866
9667 7392 2580933
6553 3099 466984
6948 6595 734405
7809 4096 2650877
3988 5709 618196
4768 9665 1603526
958 3849 438037
9565 7337 817515
5423 2913 4725332
6264 7827 1243643
7985 2938 1662099
2621 6762 1371958
8763 1864 1839818
8447 2627 2009270
