54
3864 9050 8475271
1131 9567 61917
1758 117 422520
8634 7549 2488994
9981 8551 1484714
7495 7627 413039
7066 9706 424045
2167 560 64329
5620 2874 773387
479 1220 880214
8947 7580 1233581
9461 6570 1433285
2137 5899 4526237
643 384 1752012
8527 8494 1612510
8185 3468 709434
2805 3699 99234
3658 5341 1178953
8808 6289 814670
2480 2832 1305902
9718 1888 780703
1686 4802 4204812
5079 4102 1522624
2541 4130 3545373
4605 2599 6603187
6729 899 2037927
3410 2835 766354
1239 5277 3421319
436 2275 4709456
8574 6495 2281612
1211 8378 2312311
6190 4105 1006575
3713 4504 48595
5030 7513 3355807
4406 2857 1356839
1801 3203 466651
1513 9623 723749
8866 4043 266439
3527 9898 534150
1727 815 2622406
2080 5423 481227
4906 265 1413613
1024 7679 1562495
6507 6968 1354100
555 140 2902289
4828 2021 2445683
2646 5690 293460
4803 8187 5325722
3870 4251 2323768
646 9386 4229921
3123 9824 918819
6258 2069 1143614
5251 2697 964459
6297 6599 1919693
