130
1370 1186 27623
8345 6325 167272
6116 2083 441168
4026 4297 2156832
5892 2627 1133014
4073 3339 1394766
2355 4039 221035
8660 9617 11053
1033 9120 723129
494 6087 1050266
6220 7614 527616
7357 6615 379956
8579 2169 26030
5611 4 1051406
8519 4913 151348
9508 2617 56908
6242 5893 35450
7348 6672 105888
2700 5160 213768
872 1989 511575
7670 7378 1583852
95 6506 1134638
3477 2361 426107
2432 3794 2943352
1909 5110 1090488
7607 179 413068
1687 1685 2194654
973 5012 532521
5011 230 324727
2282 9140 561089
1380 5684 420325
3347 8787 264359
514 5343 159721
2645 279 48562
5197 6890 73433
2306 5071 1201405
1839 5577 290926
8751 3752 132740
5835 7327 1070462
7540 1667 703699
3756 580 1256032
6536 5879 884299
7776 7186 761197
9908 5507 230720
8225 8698 608719
3052 9609 210216
3868 2741 452645
5131 9720 448647
917 9656 3353183
3563 1849 1519156
5402 8510 1020855
7300 7036 422931
5094 5352 434639
9032 4880 285167
7277 259 42880
8503 7354 700636
5839 9122 95235
2358 1177 581006
3179 75 54833
7739 9154 33475
1285 2170 595386
6675 9266 906270
7242 7832 133851
6002 4173 151475
9282 3953 717240
1774 8613 114114
3301 8596 129871
9190 9435 391865
613 6867 3098969
9871 8025 1750110
4442 2129 666509
8786 1332 94534
4970 2568 570789
8778 912 1306920
5439 4292 2712749
3716 3737 52804
6126 3832 1291634
1011 243 295984
4292 3033 517519
1534 7530 221312
142 807 806355
5359 9842 192703
5090 8874 807894
3915 5900 505488
253 5536 3596411
8090 7469 7909
7402 8835 38480
1193 8499 1258896
2418 1447 407156
3247 8295 304464
4166 2588 83004
4697 8103 605683
9428 3912 309044
4791 178 1212080
5521 4985 701457
5848 4008 162999
4204 3627 2185
1722 7723 663732
4203 8144 7784
9529 8030 2578734
8340 7042 2826452
807 8257 1310954
7734 3356 220261
2300 3184 823227
1788 6393 1139702
9954 801 273060
8746 9592 766328
3598 8776 422052
2563 2769 311153
5323 4487 849465
7845 3786 115398
787 5237 624864
7025 4337 1437180
7381 3985 3787897
2729 5157 572994
8650 5372 801810
8371 2420 1300212
2378 4892 1253291
2202 8445 726138
5088 8795 679825
9171 1450 489627
9858 7249 2840007
5369 4856 823156
2387 4561 504735
591 3449 534792
6799 778 1979315
5287 962 646350
2557 1192 474436
3276 5586 1901768
3348 4352 238486
