100
9152 800 938204
9161 7792 440062
9567 7527 2115335
3983 4941 360989
6839 2157 183292
8736 4582 52098
5889 8998 460376
344 4852 1892211
8427 6754 3687615
4753 1695 16576
9934 5476 1827058
3024 9678 2026449
3568 7274 119657
8541 7433 634396
3827 8497 2365671
9363 8152 212782
8680 806 1300158
7452 265 369245
8648 7181 1448125
5967 7727 551733
6281 2934 516901
5690 9880 626003
7756 685 76783
917 5505 632382
8260 6568 1431569
2564 8304 305812
4775 1701 631277
6328 4450 1104238
4654 683 1438327
357 4220 1956641
6880 261 240094
5194 9339 422854
8982 5911 12272
5174 6343 1526335
1997 3848 869637
8451 8619 1115115
982 5611 294055
7826 3184 1665702
1777 5057 4156273
7779 7696 703189
8594 97 2219949
8260 4537 614390
2881 4272 3606532
3504 6319 1602452
9586 8829 344188
3360 4582 21461
67 4176 1949383
7449 5946 790067
5032 4085 2917469
9349 2933 317727
3962 4645 440846
8506 5075 1798748
1769 4357 141661
8355 4990 1158629
2687 9277 731104
1457 2612 462052
2000 3387 1854637
8942 9530 2418711
9379 9192 1746814
1866 5535 1423293
7028 5950 136923
8519 8777 1653580
4148 3809 693729
8298 8934 154843
2121 5858 257464
2793 6562 192564
785 6340 806571
1752 5725 1577117
3040 8274 1030338
9829 9640 2923841
4651 2254 364551
3092 7947 932212
4358 3103 324260
308 267 469604
5407 5535 73738
7943 6165 1622188
3365 8823 201310
4413 8140 970303
1920 1251 2202699
353 4061 376323
1421 7134 535363
2404 8944 511536
1861 2885 754396
4128 4876 485992
4670 715 1048158
3967 5972 528328
4180 4503 226770
2421 3533 354586
5625 1812 708792
6389 6506 1162375
7626 8196 1726379
2191 1904 1848655
6911 1699 15108
9323 2902 862155
5241 5663 755945
8422 563 456684
6551 37 1821137
4729 6398 715810
4514 4605 1188279
592 2241 41790
