60
2631 8896 1582913
7487 5735 533119
7169 6784 537891
1387 2649 773246
2582 5370 3258490
9579 174 4749078
674 6346 293336
7308 2826 621982
2968 9381 806161
1893 4523 976418
6025 7942 687055
4065 2104 305747
3019 5564 1655856
624 3761 1426713
981 6465 1195904
2130 4925 1102738
7748 2481 2079297
6858 5859 1440417
4496 7037 1759696
3209 4568 3077908
9988 7317 3784979
5937 7975 992817
6207 1314 1130591
6248 288 1321659
9890 9714 2536351
3908 5088 1571620
4494 6339 384853
7750 3302 1224163
3150 1205 5922623
712 4747 510110
9710 1908 302340
1131 2125 1574533
9939 5449 291746
3912 7413 733617
6670 2995 642684
8676 3655 396190
1779 8659 435392
6146 7912 28564
3514 5384 1289400
6889 1299 820020
1511 8577 926879
3795 149 2876588
2337 640 1808435
8333 6288 3325759
339 9546 2183533
8774 5165 1538924
588 5981 1914814
5258 3195 1087055
1689 9973 1692705
3304 586 1059595
9763 7820 1364232
4422 7346 1326731
1433 2453 3636316
5931 4863 593145
4616 8574 552845
9300 1695 807001
5149 3637 8386931
9271 8450 3092516
7494 3774 3529412
6909 8513 3538367
