55
5387 4703 2517086
250 5145 803942
1907 5623 639126
3903 2946 1448764
3719 364 1384288
3640 9956 229714
3262 5202 472144
1738 9466 2980446
6552 1457 1917012
6775 9019 185267
1759 6462 2643933
5773 1090 8541667
6751 2551 3519572
4578 7609 5268253
7118 6598 909836
3792 1669 4375781
4218 8989 1824532
8847 3197 237130
8270 7325 4161646
3406 9293 2958330
1991 1333 255101
4928 1684 2474524
707 549 1047278
8138 937 316765
6631 3540 722630
4978 266 1118729
3511 2058 952681
5566 826 836870
495 2337 486863
7339 6888 2927046
4436 8113 221454
6978 6943 721551
6610 4506 93852
5847 8622 594403
2735 4543 3201793
8614 3328 1047291
5575 2059 1766035
9965 5600 1153137
733 7387 496713
9103 3257 596484
8886 3647 6668215
262 5789 375321
3988 6581 3560933
5721 2248 1307923
762 2612 3318538
1249 911 4072688
7875 8034 1067152
8990 6363 523432
7074 9850 1137651
9623 4549 447899
3682 8420 168497
7946 725 3652584
3924 3611 2532448
4416 6440 1535970
8997 5849 1581080
