135
3451 7817 112491
8380 5729 419854
4127 9034 874602
1452 2794 217048
4216 9304 36660
8696 5231 1182910
7097 9820 477076
4545 9103 189943
3988 6097 1431576
6086 5229 228412
317 9541 140500
3535 2428 382726
7108 1687 229501
6273 2164 1741031
8330 8374 165405
3714 456 133642
1051 2791 707289
1643 8516 1865028
7765 5862 1061917
2269 5749 205931
6701 8028 597335
4641 2091 187572
8337 212 754747
5835 9001 96438
6395 5759 101146
4492 7522 33933
195 7757 837977
7036 7608 575486
5585 2476 961296
3090 3891 199453
3875 4608 243762
36 2817 710780
9976 8724 85762
9941 9864 752266
727 6951 1297638
1633 461 1174400
7 4079 798850
1324 1312 1197323
744 7782 261592
3612 7080 1160974
7565 7499 2431830
3531 9358 4306
8601 9944 1053087
6384 738 3604672
8393 2394 869275
2426 899 2083683
8713 4224 165887
8436 6257 1407992
3969 3295 29309
5338 9964 4004
3007 7878 355819
1364 9101 542717
9348 7746 964246
5074 9542 509432
4896 8255 1015173
6759 2230 616523
5474 6190 1202451
496 9461 1267502
1921 1250 104377
153 7878 813644
1178 7969 24588
26 5595 1504755
6998 6523 597518
505 6956 1673287
5935 6154 1689046
8588 4786 1383418
7916 638 30910
2599 5936 722019
947 1120 395645
683 5677 189586
61 202 1141030
1307 6627 572168
5313 4505 1671406
6901 7070 100441
8628 7248 239436
7810 4401 1430257
7842 9118 153009
2163 937 72152
1340 1644 1650422
1486 1155 147573
8316 2510 1207314
1857 2614 576021
6110 6401 733254
6135 3876 556874
1664 5718 706617
6989 482 450608
7345 3330 681697
4660 6797 460152
5899 8363 467337
2799 8274 680467
8589 5025 2817512
108 9542 742017
9315 6129 1001967
5570 6126 286288
6667 2519 1895809
684 3887 970397
9968 2973 410406
3102 4736 107438
5980 3891 564870
9302 2292 137817
7813 4670 49569
649 9446 11134
9376 6675 558952
1856 9135 707941
5635 466 86158
4990 4973 16241
4394 8322 1375343
1574 5784 466283
8821 8736 120014
463 6951 54354
2469 7843 3112508
5988 8403 166203
4211 2424 145135
5357 5314 199027
1088 4185 1045435
8679 4307 658820
4805 774 360763
6509 1250 3944421
3171 8980 471059
8712 5102 946603
3508 2498 969324
6479 5667 124772
3370 2185 335950
5076 8192 924235
7111 1979 2149047
2978 8012 252285
6382 5537 275441
8979 7481 1733116
5076 9529 1183303
2098 1980 134295
7644 9013 490208
6650 8181 237029
7897 1154 1871724
3678 600 1084103
1124 7541 17476
