120
7807 4858 162686
8813 2233 907934
5164 8870 2578882
7701 7198 15338
7597 8004 813868
2353 4174 322735
1971 6038 184953
8913 2728 797335
6393 8456 2708539
3872 6180 145085
5754 6582 332271
6819 4697 979387
5522 6213 982844
9873 8124 3324802
8786 5021 841163
3314 1512 2810
1610 7066 152717
4311 5171 227650
8154 6363 37692
2469 5802 252039
953 5331 1729840
4129 4012 736041
5593 3484 738447
261 1202 59294
2117 3993 93101
3388 6059 129179
491 3226 473171
962 2097 575186
3568 9367 989648
3266 2584 3782304
584 4362 120340
2314 2287 266120
547 3581 1417364
7982 7936 73152
692 3978 706396
6461 5984 235884
2964 3516 492793
9479 642 1171253
7117 2672 1402226
7193 6635 76635
2021 3891 1770221
8757 5662 1500121
311 128 830378
8608 2627 1509091
6161 1611 1188109
3284 8786 759193
4449 7726 900139
9755 6435 267295
8787 7922 58144
6999 8255 2204330
4177 9309 4026253
6307 9528 14775
7254 9210 56086
3281 3645 203548
6211 1873 2733
4149 3708 1654618
8921 8170 205705
7107 4520 600268
8576 4739 620078
5617 6018 852153
3225 4671 345220
4260 660 733830
3840 5320 1526744
9604 7609 243268
195 7253 1832999
3359 9861 701024
2598 2554 619833
4152 4398 583037
1894 6107 506263
9451 7995 632578
8055 5899 1320651
3492 2725 1219821
5349 3544 22498
4299 3275 97831
1673 5460 608175
510 8886 1940769
6583 3230 1404717
6718 6766 64013
6361 8644 982551
5743 916 3177003
2103 3141 651190
8124 30 328153
4874 5122 1338737
3990 1800 1199126
7233 9420 338815
5096 4568 578261
5451 2771 539909
3340 151 1855974
2760 6414 1446522
3866 5116 853147
2545 4349 632411
5313 8240 937112
293 6431 402967
926 4847 1515817
5784 2827 1948826
5023 1316 670191
2235 2033 553973
3809 2823 1860188
6638 9286 249552
7495 1883 737563
155 9080 536117
4040 4172 108739
3482 2298 308322
4769 632 910305
6440 4570 1038463
7885 6886 806744
2028 5567 118093
2542 518 467862
7874 2201 734807
3071 1466 1275170
147 3320 288792
2274 99 919615
541 6145 382629
6617 5034 1484048
7787 729 567642
4375 2151 458674
7013 5105 13216
7680 1271 59801
7805 1375 1328245
855 9503 729115
