134
4072 7299 927377
3508 2308 1954929
2425 2891 1902200
1607 5620 991949
2694 5059 45141
5994 479 836465
5412 301 795210
4845 8839 652526
6026 4446 916525
4002 6125 1113015
3154 6813 1046401
2612 8848 1188778
2166 6755 958710
9070 804 411060
2365 4308 815542
4000 6721 489844
9719 7352 504027
8024 4578 108690
2213 8355 283148
8192 4913 46341
8493 7284 412944
8343 6217 2764222
9238 1621 225015
3478 1229 71397
6189 9777 1326198
5803 8808 419914
5673 9897 522161
8925 3598 587735
5969 9299 1326795
6011 8784 1519176
5838 8199 443393
2829 1516 76502
1390 432 370411
6677 3125 1071641
8609 8208 1243880
8023 866 1087037
492 6697 497475
4428 1141 886
5255 9584 874897
9435 3970 951921
1893 4815 1284145
1639 2333 18044
3301 2660 1636595
7870 6727 1396616
4792 4368 275255
1517 4377 795014
4977 3444 45045
7797 6998 297105
6666 8876 2745338
672 7077 1531378
2638 2994 350274
3480 5433 139386
7943 7732 644851
4107 9211 882475
6944 4923 391351
7600 4058 345042
6293 6699 535005
9412 4313 1426047
1845 4692 2554431
5798 3676 729649
7461 2732 964363
7235 7612 995515
381 7561 805082
7254 6134 467114
251 8012 1485633
3343 6651 102847
4654 5432 212652
4029 2496 386290
7727 7278 268944
879 8151 522359
2550 4897 416893
429 4557 742126
6237 6399 1452739
876 673 170319
2314 3748 3873
6847 2117 1264593
8547 3499 1766388
5655 3613 1490526
9325 6172 142555
7942 9944 510381
4773 3974 933167
2031 2631 2165239
1001 4370 9321
3171 6054 22008
8878 4421 123012
877 9785 1021082
8558 7560 591384
6223 3777 516631
4187 100 1340864
1202 2264 941365
8025 6398 20412
3197 9159 381719
7484 4368 1063490
2419 1901 468233
9227 9075 8210
4025 6558 167214
4137 4426 1885799
4449 6106 682562
1335 4800 565410
3914 8211 295666
3835 1340 404713
5712 7935 15198
521 6119 433019
1482 5248 407524
7335 6284 316214
1273 617 741941
1494 5157 30024
7268 7490 587338
6935 5610 37127
4975 2410 598119
803 3058 692613
6557 7795 128246
962 57 156049
5377 1676 621947
3647 4763 569362
4111 9048 2003091
7677 2615 514431
2676 8050 732554
4837 6464 436883
4746 5752 923341
3866 288 143991
3565 4530 1626238
2524 1110 2038796
2153 350 11720
8751 4501 856623
2986 273 1136953
4337 1933 408502
6368 2969 1394902
9684 6310 239292
7290 1831 105455
4441 5271 1507421
4307 3005 2130267
2787 15 128504
1459 9859 743098
