86
1193 8634 732411
4975 6702 492948
8251 2379 4708776
2101 5825 213289
1541 5683 665857
3740 5328 2004538
6443 1205 2449274
407 5477 372796
1555 5153 668998
6163 2505 2502201
3833 1740 1786762
1809 6729 1690081
6519 5354 309626
1792 2294 1296073
9193 7668 60322
972 2174 839874
502 4223 2156438
1362 6382 1533742
1193 2024 2862644
3054 1696 468643
9898 5459 609312
2259 2958 489093
1883 1467 40635
1645 7969 1284726
3594 3934 740121
9231 6922 445093
6925 2725 1128560
8240 7582 1039666
9040 2533 366046
3884 2322 1411107
3543 5251 1025010
4385 7161 986632
3390 2233 2091220
1478 4158 1848563
5567 1828 3214336
8643 6315 440332
6451 851 32401
4195 4497 54438
7450 6729 1753840
5248 752 2118102
7412 6127 4529349
6636 8605 210108
1505 2006 1516377
159 1321 103932
2488 444 931528
385 7054 725895
9422 529 704306
7558 3925 883020
55 4410 272885
7835 7142 2162558
5870 1225 560973
6474 1449 1213066
5004 8130 6160353
9327 7161 299740
3216 9885 784089
1734 1082 527880
5361 9458 1245896
5759 8799 7732
4984 5949 2778458
3145 3773 352038
1976 2413 70104
1440 1298 482777
9234 5980 1687609
6534 4598 1076605
6866 4274 2252407
5825 2029 163372
3315 4632 681300
2637 1448 682858
7063 6335 26304
7991 6000 99478
8993 5058 828027
5882 7600 2817847
4191 1247 1433688
2273 6008 814148
3244 2209 426154
5585 8126 962941
876 7325 471980
9075 5439 999163
499 5586 662834
7368 7489 65181
9587 1707 4254193
3615 2406 458551
3082 9901 93090
5942 8567 383124
7684 4528 1073520
9632 877 2128036
