144
6654 9300 664259
9476 253 1961432
9603 8915 1316941
5296 5303 310180
5558 6846 1124869
4539 2655 250113
4876 3524 194331
6367 7942 1202384
8992 3102 296220
108 4131 1166898
8980 2170 1311600
7782 5173 275612
9072 9526 1293632
3064 9065 721928
6567 5462 357950
6126 9104 1936604
7561 6814 38773
8023 5835 526310
74 2748 647349
242 9441 192111
3235 5896 358322
9931 9010 2305187
8679 8421 342476
8227 8908 264227
9249 9080 221074
257 9494 35013
8343 5927 527053
30 1087 597417
1974 8815 640216
4967 6401 508715
2354 9913 243500
3342 7757 462296
7907 2931 708818
6236 9153 265925
8000 9456 1480278
4290 4608 484905
8629 5785 33475
3687 4154 44886
1336 9943 488830
8393 3632 326021
6309 483 337670
1985 5206 52797
4415 8645 395265
2649 9858 1211638
9027 5144 134338
5800 3735 263133
9590 9333 374698
2536 7508 456570
5616 7559 50134
2215 7902 398530
7216 2526 306795
6187 7448 1280118
8006 6515 743873
6843 3683 1588753
5875 7456 986957
7295 7360 705891
6615 94 1724261
6726 9292 484873
3416 5746 94606
4874 1308 212875
8700 8191 904864
7605 1018 2585762
8204 9469 1528036
1750 5292 191477
8442 1576 3570594
1584 3503 390117
7153 8251 302106
7580 520 17488
7264 4130 1465538
984 1669 898672
8440 8487 743974
8841 8749 118094
1554 7729 57928
9346 7193 1006694
9848 3618 131028
4118 3958 971845
4181 5176 157371
5418 6631 2221675
7876 9032 31668
5684 8624 1039753
6419 6884 1184226
8767 6584 875959
4414 2139 96791
1374 6260 2736214
832 9062 1686562
824 2237 115832
7118 6936 1581692
9140 9040 622072
1549 2490 9758
6889 5635 104410
6403 4133 1133680
3116 6860 13679
8187 4082 2228779
3862 4193 56189
5613 3912 736283
6139 9572 1008711
6958 6628 51124
1026 299 410500
6701 5629 375970
9934 6771 734400
2702 9148 63022
3389 3980 621153
6826 5739 2352651
3094 1163 1029208
5215 9416 329617
7673 4122 315519
1900 6734 1579792
8903 8952 718349
2724 3987 73287
6177 3744 118485
1582 1854 313082
6974 1995 2121102
5474 7249 91735
4658 4432 387914
2859 6690 480695
2078 6520 272711
6421 5581 11592
9407 2775 388896
8234 6189 467103
3878 6551 73688
7151 5429 1548611
2789 5889 205210
2797 9511 156716
2939 2292 842331
7907 407 782165
4012 5968 371590
7456 8379 150958
6627 530 352679
2692 1037 2466809
4384 52 316769
6715 7229 311898
6290 7964 895027
2666 8176 435405
2249 2411 51923
9233 2180 485168
1485 545 2272132
9040 8267 43739
3867 2428 607621
2540 1773 953454
6275 2947 721382
3024 2525 381897
3759 2877 137299
2322 6547 1661892
6397 2012 8304
