60
5973 4461 462954
6801 5072 3466387
1516 3711 5619456
5648 9122 5650833
4984 4772 895906
5463 6136 132771
8935 8003 257457
7081 4286 305507
8257 1318 2750370
4645 3081 312963
4282 828 529327
4385 4961 1025811
5998 757 4056424
8200 1809 2576882
9275 8077 912725
6228 2942 667431
8822 9960 239114
9057 5325 5026379
6898 7469 101901
8936 8225 1105070
2913 4554 801896
800 3426 1110709
2178 4953 257277
8576 8463 1822392
4077 9174 26371
7537 5163 2819121
3213 1705 1837249
2429 1268 1359355
7349 1273 28024
6972 2545 4671088
7337 8876 491759
7408 1141 3283914
9978 7313 1327194
4432 2300 1127084
2756 2585 2272512
4694 8342 1446402
9756 2748 2273868
850 7459 567808
2839 353 2744611
246 6248 2349986
7319 1935 2241023
4654 7150 96730
2214 8360 1305260
2021 5234 628201
8576 1595 2101203
8241 5030 1827285
8991 5061 2183464
3844 2635 2797316
2997 567 135927
2640 1668 671500
5886 2847 1858891
9825 9375 29878
6814 1911 2113250
5990 1711 5152801
7087 5186 2321160
9460 2337 3988526
4467 652 92262
5328 8217 643383
1415 6252 1025818
3003 8844 71834
