51
5314 9387 180264
8541 1590 5188931
5113 2393 6356986
9283 3578 3919641
3450 2601 5777253
5789 7350 269403
9790 4988 1557861
4703 926 139532
3210 3210 358476
6584 6538 2728544
8035 1390 487562
1339 7697 1720818
7684 3212 217708
4671 4178 795081
5854 3259 4039257
342 7057 188032
2684 4605 74129
2473 4532 1276855
7314 7083 270441
51 7943 1799360
7812 9114 1290370
8231 7428 1707094
2468 4393 1946226
6336 3083 4879784
6504 1919 906964
7147 3748 1876386
5686 4775 334379
959 7336 6620101
5809 3111 1776750
7915 8889 1377870
1637 5052 10384258
7763 5768 44585
8259 7541 90612
9002 2842 1527444
6968 4908 1317116
3971 7434 1459685
7979 5750 2315299
3515 2374 2034272
3002 577 4185352
4523 2557 1274345
6746 3685 2001786
1139 4527 1645540
848 2682 3305650
3835 8148 373088
1168 6672 1555638
1465 6737 288630
3170 6336 2684961
8664 5728 769336
4626 111 442945
9938 3020 1772157
9156 1528 465243
