76
683 74 1161775
5537 7123 380794
4495 7857 1193558
8158 7899 342966
2690 7248 571478
1286 734 2541256
6743 7268 406040
6631 8035 135304
4588 2894 923856
5778 9471 528720
384 7654 558486
1256 8766 613384
3035 2512 3623895
7739 7612 65524
827 7964 2709191
5314 7681 2080834
6271 6973 1228792
1207 1580 128294
8202 5575 805901
5909 7436 5113558
2003 7589 71802
2656 649 211933
1426 2841 552723
4265 3914 2475943
389 2381 2102053
7286 6420 3235381
6084 5794 157612
7788 8314 4022054
2560 8806 3108685
9940 4566 156423
6937 1975 1803871
220 9187 548058
3176 9171 293247
5310 962 1763354
3652 3010 1348020
3127 4219 3801184
1883 5857 1225083
8253 7848 1318330
9504 4583 1133
9856 4411 3606951
1751 342 286833
3304 6431 1398803
7705 5907 150351
5311 5691 885029
8771 7496 114599
6740 3095 2997959
9793 6497 79028
4904 7041 872532
9781 9580 172086
8786 4072 349640
9375 6433 1232996
1852 63 68268
9285 4256 1456721
4495 4155 1222874
4673 7588 4753728
2500 4387 2170351
2025 2217 1904117
6713 5241 457553
8109 5118 467283
5375 7945 63667
2555 480 57161
3699 9318 350141
3977 7264 4875
5269 8545 1151671
61 8475 347366
4500 6672 189959
2097 4311 1398327
7032 9835 887810
3581 3222 7417531
7840 6286 754175
9211 8309 1208348
4242 4123 1246928
8161 6876 5637219
1653 6596 85159
2048 4123 796512
9228 3577 444954
