78
2816 4656 684382
9688 1049 1283463
7283 1039 3059147
5242 9403 1494854
5894 8743 660638
2974 5546 1367328
9728 2910 1740164
1641 5150 1146847
3669 5466 3665115
7610 6471 4320605
619 922 1121483
5163 6342 732780
9610 5545 195822
3674 9594 583896
8108 3134 1295390
2465 5447 4548590
6112 5518 1816140
5488 4146 2492069
1459 3916 540103
7358 272 201468
1577 7786 2913071
7083 3742 2969804
7506 5837 3454731
3755 6478 733754
1260 8944 102076
5402 9111 2788100
7041 9220 1534753
6417 1949 126195
6391 3238 392417
2603 9889 284710
2268 5904 3624007
1607 8157 281257
3365 1462 1509974
8389 6438 289741
1480 3663 3063978
8599 911 56968
6999 6153 563357
4384 94 189797
5800 7751 1587878
9262 4090 578499
2653 4809 516088
239 9197 2200319
4567 6507 1037034
8965 1701 212493
9912 1951 2529000
4948 1775 1748724
8499 2057 2308948
1451 6657 264520
8031 7440 319391
3654 3241 501542
4401 7984 401486
122 8687 578861
4596 1942 70125
8396 2149 2310953
9433 6893 686250
5646 2866 721517
9332 9636 370417
682 1788 339639
1793 5102 916063
6772 5323 1061561
4975 7968 70284
4820 223 115953
2230 1783 697125
7216 4158 1280801
6733 4149 11121
9927 7383 355279
2377 7832 18938
7155 6946 2205330
9298 1229 3984056
7091 504 997012
944 8251 1136052
1615 1450 4688814
5064 1370 1994000
5259 3476 618648
6509 9567 276732
4276 6215 1670754
9288 2959 227186
768 3097 561633
