152
393 2305 1884621
3088 4305 40349
8074 4083 56389
2684 3744 22229
8595 5884 573189
2688 2895 29528
1144 6514 693455
5102 2214 299590
9574 4741 126480
2908 4435 316131
4977 3464 614586
8534 6878 30900
9499 7629 73174
7531 6257 907808
6752 4028 298770
8791 4574 186691
2002 5217 838596
331 712 792705
9312 2987 2120333
4600 3362 473560
7465 697 348723
8785 1196 1604231
3286 364 389403
5900 2199 355828
4749 8297 100121
3781 5126 37285
849 818 1083060
7272 9426 2132596
9410 3875 203853
4160 123 278121
7320 8997 1269227
6947 5172 360410
8471 5661 3092918
6710 7110 333841
161 7362 473530
9615 3619 534024
925 7324 828139
1086 187 1946797
5363 8397 594945
709 9737 193196
8908 4546 2714874
7222 536 540201
7795 6078 1327672
1487 6493 657838
477 550 788233
4641 337 130336
7782 1930 524627
6605 3008 1198108
3965 3690 2154278
5610 6849 1484441
4645 8432 641845
2291 508 830910
9069 9943 35593
2388 6002 100081
5047 407 218055
1590 3058 644049
1048 2636 752318
1086 7512 5258
6451 9488 1204917
5162 4716 413165
8537 5042 331247
9560 8053 488634
3258 1191 253849
4557 2970 4248905
9391 7083 903899
2685 8420 364254
4496 7153 2044648
7014 5123 71322
6801 9180 966690
5095 4108 292770
7217 5147 469900
1494 85 424635
9617 3527 237896
4962 4661 443210
7751 7377 133630
1225 5000 3009024
9259 7865 123527
248 5908 864778
9669 6588 202619
1004 7127 1082195
6297 4395 293719
156 6828 197383
3864 779 556666
2932 8179 462352
7023 922 291656
8684 2188 1193551
6383 4324 349786
2049 5107 1600708
533 3341 118346
3500 3912 933347
8555 5097 253377
5420 1881 841920
2875 7698 772657
6578 7003 248498
1076 8262 99643
6988 4785 888974
4947 5271 670340
5229 9114 942447
8813 661 640202
7933 3976 574747
8001 5109 431247
1157 3970 797912
9956 7569 1666132
3444 4368 330553
6329 7384 582062
7411 5946 495614
4585 3889 143044
451 8730 201480
8757 3858 177323
1983 9351 885301
7654 889 968647
1191 3258 23225
1888 4992 428418
6563 3367 732740
6580 6398 1369349
3614 1659 9485
9637 5352 371824
8072 7520 391918
1298 9262 66424
5813 2650 212105
9260 5951 542178
1880 3178 1166468
8599 1311 1812793
6111 9373 890747
8325 3587 671889
9053 3650 200311
5855 2232 1243874
3943 4288 169465
4358 7365 1848478
1177 6805 180707
3570 4788 160191
4184 6379 215643
967 7078 95341
3613 6879 135582
2655 1135 172957
6795 7329 377355
3380 1882 336726
788 5042 273828
3091 9069 34192
3924 5022 225493
7018 2127 519577
4028 1018 1460796
8165 3221 173902
6619 21 856534
8560 1293 354680
73 1535 568225
3301 1713 107690
7385 6368 593979
6359 8867 203
681 8695 582945
4991 7952 1049506
3662 97 898860
