170
777 5777 491178
4630 3346 743225
6267 2413 871456
7666 86 287259
3389 4641 590373
3540 816 590212
7122 2082 22622
3977 4863 178286
4984 2283 14414
5741 4038 364789
6441 2599 391843
1506 9533 1411924
1070 3489 389373
2942 6463 1136472
1892 4331 202472
3704 4192 238278
6926 8365 165018
2926 49 444724
7821 4609 267171
2707 8740 974324
7145 566 1185262
2397 9719 733002
911 5246 617727
5549 7143 98645
3024 8569 515777
5876 1578 837124
4085 6888 1079469
9907 6076 128315
9415 6285 287868
127 1503 1324457
4232 7776 1055147
6775 8346 1050751
2087 565 35431
8614 952 100717
6605 8711 308170
6942 5504 553585
4691 4808 504671
9348 9287 1627017
2887 6139 1493213
1606 1014 1171283
7714 246 580216
1350 2336 757395
6384 2065 1001129
2553 9779 1605525
2067 5135 804043
6854 6182 776956
3751 8681 413664
1487 7648 139993
6040 2117 1523354
1385 1835 569154
8310 5528 104061
9468 9154 459583
1913 1633 1554068
5087 8161 263897
1014 3417 342897
4651 8973 751739
2059 4321 282041
6277 5471 338392
2579 1057 248200
4397 4200 686146
8211 7067 357422
9246 4510 120007
7555 4730 868204
8008 7071 522642
8396 4225 232486
8649 5408 13594
9816 1643 100234
8269 1689 1221880
2872 6812 265415
1584 7791 281339
3343 8280 391264
3144 1033 346304
2689 6606 178381
173 2263 591412
5529 5049 623570
9249 3262 65111
6345 331 154719
5054 3909 65276
4530 4355 495205
354 7620 1417444
5062 6340 64716
9498 9306 1800754
1665 3776 505574
7867 9423 466913
5994 6108 62577
4896 6887 235916
6690 4946 268960
5383 692 1891823
5261 6371 159835
2059 1483 196718
1168 5153 9028
603 5043 499161
6506 2653 225187
8981 5351 258789
5639 8808 943270
7139 3146 52279
2123 5843 501910
2504 4303 97425
3685 4391 101578
5364 6087 1187270
1169 939 694975
8689 8022 15056
282 4029 2440320
5385 7998 201932
9943 1113 630173
3155 6733 2687037
1078 2304 216220
5922 8412 52243
1462 1430 83417
6404 4894 449090
9006 1503 879494
7853 5331 714626
7114 9382 1367104
5921 8446 126665
6159 4250 930584
1916 4005 863428
469 5248 737181
2146 1596 1261718
9432 1677 325821
3201 2752 105034
9520 7454 1153261
8738 5847 544456
4713 3596 310188
1066 3954 295831
7245 3659 894182
3503 5192 146582
2210 6315 11724
5254 2920 1730345
9567 6483 193975
3562 1634 348506
8802 6072 213062
5307 4743 624327
5861 3349 174873
8715 1457 756337
250 4517 308255
2796 9424 81661
9694 6370 2415189
9266 2909 2830
9537 4115 33597
1315 7136 533531
2696 2260 914434
3246 4733 578026
2141 7563 436684
4760 2968 137380
4133 8952 2252460
9212 5639 847514
9332 5813 245048
6149 4179 169168
8241 8806 824580
2787 4131 38646
2433 6987 10626
826 8159 647388
5745 3762 42884
3674 563 2164209
7610 5359 854954
7816 8609 612456
1724 5790 880695
357 6693 85810
7079 190 329590
4683 4061 455675
9752 1134 490584
6103 4768 671166
4762 6884 259004
3156 110 246145
2403 5914 294563
514 9931 685729
7896 8960 662224
2660 7126 888461
5271 1546 1903707
4137 6776 288271
