92
3906 962 429313
3121 2393 1376180
3823 3407 4458322
468 1747 2666045
5792 5943 2922021
498 3103 377378
6081 3845 1051795
4200 5860 1103398
9344 3758 1204136
3949 4073 2496947
5259 4461 718212
6918 4493 151566
4264 7391 666510
2990 5271 735349
3683 1774 238105
1529 6533 1169531
7038 3585 253274
2153 8750 1337883
2993 9345 694248
6322 4116 1425651
4294 917 1035411
5411 5419 662033
2264 6599 2797965
3564 5674 734545
4374 9896 1049882
939 5820 2490432
4351 5412 532576
7509 3213 367116
1499 9256 2303090
7584 7226 227398
1071 885 1161452
3165 9548 976097
7888 3702 366141
3712 7417 808007
3960 2669 134929
2305 296 1463852
3437 5053 200808
7935 8698 970472
8634 1667 1383709
1229 5942 3485790
4965 6685 826597
7846 4686 52118
9868 7626 435128
7380 7609 490997
4392 6341 1097030
7190 881 132822
9335 7343 1573967
1414 157 5100647
5433 2603 1287186
629 6463 7544
9251 7124 769477
5065 5417 701694
9855 4102 73877
8135 3375 345670
9364 762 690662
2697 4281 1356610
760 2557 323092
4309 5748 412174
4888 3663 290847
4184 7484 183823
2931 7258 317666
8783 2487 71236
886 3664 545454
8279 3243 312990
9793 1076 1337364
2661 5681 511358
71 5358 3775298
2546 9152 454475
651 4703 468524
2337 5360 1700313
1986 169 285237
6736 9492 2298826
7282 1087 302588
9118 6538 128255
7198 6811 213332
587 5796 1755772
6506 1025 1893195
847 3305 80429
7659 3621 3027902
6715 4383 439020
6475 851 58557
7929 7979 986422
2905 1683 287852
5431 5046 3857802
4829 6912 2900519
5521 7461 1607464
6663 6416 1343409
5563 812 520248
9818 7603 271907
9529 7748 1376628
378 1607 1366931
1377 7522 723496
