95
129 9177 2672430
4081 8738 417525
3982 667 1564746
6867 9569 21687
774 9899 1297294
2061 9459 1341573
780 1992 549812
3365 2580 693575
7587 7549 1326645
4913 6078 2375725
1949 839 272524
3291 4807 1762667
2711 7577 54282
7628 1596 239375
4027 1456 971045
3793 5109 55873
3683 1751 511095
7705 4866 1969092
5668 311 102081
1631 3693 4296889
6491 5026 141844
1594 8316 168837
8582 4915 1442913
4600 8013 1315339
993 4916 672334
6257 1136 1821421
1202 3717 1537981
2897 6774 2481981
8266 3270 1509284
3983 2647 1751728
108 1441 789932
5508 5144 323701
7616 4440 967262
9618 6688 653961
4934 4448 1059644
3145 2928 425076
3700 7408 831475
3533 3106 2353949
9338 9877 540462
8255 4944 687509
2517 5356 69138
4494 7482 1070852
2993 8507 1667891
2249 9486 152013
4406 4617 1304727
9455 4285 62996
2776 4684 948289
4490 5794 2066073
2373 5488 675353
2052 9494 4073388
5247 7619 1824228
2669 9043 259864
858 3347 513136
4188 5785 819640
9669 936 2982536
7398 8610 1097511
1975 1586 299994
5992 8451 913057
3767 9852 1755972
2455 9046 2356673
8149 6398 294483
9942 3363 555566
2191 2627 244090
5359 7939 1412322
5530 1410 533453
1100 6480 71486
5908 219 591575
6969 8895 83449
9835 3822 640007
507 9318 117580
7113 8366 604987
845 1296 5915756
1370 3269 58065
9249 8572 189231
6658 4007 1367210
5874 8580 1151924
8278 629 1100520
2795 6966 1258963
6463 7834 542365
5610 9712 2212421
5307 2515 904271
900 3973 325629
8514 9583 332646
8933 9917 743539
7451 3399 2366957
1050 6822 393981
6311 1463 668356
5628 6336 658392
2822 6068 119080
722 3490 210865
5609 4927 2174326
5541 2711 1091731
8605 8911 534513
7609 3839 295954
7311 4973 1348408
