171
8222 2922 394678
5363 472 618710
706 9876 1541753
7895 1615 64402
5349 1410 118772
5602 1415 211971
6664 1997 395584
8330 3448 473303
1962 5842 249431
9108 5181 956640
3251 3196 40036
8925 6637 639081
5676 2008 662234
9911 4382 694694
5933 852 378040
9071 7719 249632
4034 2344 1647090
3521 1873 848824
6627 1287 106977
9026 1596 434226
694 7728 634242
1158 5739 2143041
5952 4789 340674
7750 3436 308623
1320 7037 1927710
4964 4907 829336
9601 5323 950625
9295 2360 576976
8958 1347 1886063
2128 3689 33901
6194 4948 111264
3650 8086 2212941
1646 2142 217450
1879 1226 167273
7781 9388 866754
2664 9205 763808
3844 4151 371666
7394 8621 402432
9556 3418 1276820
5717 3715 513981
7452 8324 537054
7387 3222 152270
8901 4067 391936
6871 3987 4528049
8560 4393 385426
2362 585 387013
9627 458 829053
1846 4938 588068
1282 3342 353063
2202 5731 256711
4591 4386 418996
1253 8489 172939
7903 2578 365223
2159 7640 1310857
7233 4844 222775
2170 9675 126526
8803 4573 1813220
2133 89 7250
298 9040 168502
4119 9406 313523
1970 3997 305740
9785 7725 667985
7304 4383 194222
5352 4444 369750
2368 9733 219909
8084 9797 710439
6023 7894 1569510
6994 9398 310568
5613 1511 203611
1487 4704 902568
29 3085 700314
6499 7488 113598
1610 2407 223604
2921 6020 880591
1154 7519 45255
6951 8154 195532
6166 3323 194588
922 4829 239132
5830 977 2847000
231 7498 1201091
7207 9886 392447
899 8281 295893
5781 6543 322829
2858 6234 481222
4948 283 460989
7051 6529 54355
485 8466 104880
6573 3794 351960
665 8415 48625
7167 7988 222005
6143 6187 812671
6527 5890 309270
5926 6234 299665
4918 1103 163489
8153 9848 642
3231 4749 182721
4508 1337 8949
7110 1181 271022
5819 1789 19446
8772 6328 872237
8853 7120 48112
5752 611 1153943
8156 5512 264058
3381 1094 1008099
8479 753 289903
9289 56 687955
1884 5566 401605
7813 8280 360378
1570 4599 1346289
6154 2526 189210
472 4523 71726
4648 7879 238897
2654 1394 637118
8268 7592 62901
6211 7847 1278161
5790 1601 1024602
4243 2661 73035
8303 3494 95479
4906 2865 185426
1900 3644 293273
5064 9674 835873
1573 4891 565343
1626 7488 356749
1902 8195 3147442
1191 2459 749835
3380 7357 596057
3985 5453 3662251
362 9087 193161
2871 7226 317861
2359 6789 755878
4427 3964 122707
4834 1707 23962
8363 7268 591107
39 309 224396
9159 7328 657697
6979 5450 753431
8866 1192 686956
1843 2287 2119248
4807 1404 309794
4063 956 242140
4203 8325 13107
5800 3143 138793
8258 8977 829555
4938 2863 53184
3502 6476 1163284
9720 2160 70973
4867 5376 219266
3473 7816 657144
416 2095 231355
1711 1964 1395727
9069 1403 862409
7132 3057 672916
9559 7677 1020352
1530 4912 610295
7035 4221 169106
7096 6610 243057
3054 6828 300364
1675 7908 276097
7157 5774 624127
4670 2971 207573
9052 8091 301957
16 8568 997508
8557 357 450036
7412 1210 420038
5574 4828 106015
9746 2756 534926
7693 8872 97200
5040 4790 330346
7643 5049 1495468
7457 9098 147861
5249 6945 377467
