86
9836 5272 655232
1821 244 980550
9916 6272 1212827
6916 3052 4751621
4976 4003 191956
1703 4434 2545818
1689 2513 4021924
397 2488 16298
2342 5185 2097780
7456 3346 184631
3604 8180 2110831
4587 9660 2527561
1032 3813 494244
110 335 790828
8397 6610 2780838
8313 8861 491507
3628 3354 559176
8429 5266 1952707
1241 4665 1336149
2060 9263 1066600
1353 4343 206341
2388 7134 103605
2996 2001 1318233
1481 3020 230627
9891 1215 1793193
5145 4712 1894521
1212 4276 225541
3673 3342 32546
2883 3368 737210
9227 9140 56527
2414 6528 422131
1386 676 1245640
1676 9189 542585
7262 5288 372628
563 1487 122235
991 6261 1276510
478 2747 839048
2797 3835 1368995
6910 3822 1053682
3633 1750 450639
9666 6497 1880533
4100 2284 1117803
825 4683 1592083
8038 5905 2107095
6909 3922 1847665
5171 6658 981735
5654 7350 1592266
8376 3602 4032508
5951 8510 1788510
9815 4224 131585
918 9740 2000658
4371 3265 3118284
4058 2701 853119
8228 3069 3049678
2472 160 518904
8797 4436 1304622
5501 57 1648740
4508 101 487363
8501 7292 1567825
6181 4291 466013
123 8544 2914039
3335 8651 305475
8900 1012 1693392
9537 8686 647792
1184 3837 875056
4044 556 801207
1502 6869 215805
337 5857 245583
2179 8091 131194
6448 2555 895506
8516 7223 2753721
8058 8357 627372
849 4628 749388
5785 748 152486
7619 8496 164053
6483 3883 2359053
795 527 85380
2672 4709 291192
8738 874 700720
9882 7370 491069
5441 1997 320392
4998 1641 892519
8867 9859 336703
3046 9315 753500
7067 7797 2912768
3946 1362 536131
