175
3715 3559 208811
3261 4096 105345
5236 6245 271322
9287 2394 330897
7669 6246 1303950
2294 9859 979262
6885 6644 826680
6772 814 40898
7287 7429 149985
8600 3167 56455
6548 1475 387931
6783 5938 3363
8030 4704 550067
9764 9363 306244
8624 1234 486351
8138 3350 146208
3397 6708 326176
8044 7723 504778
4606 9695 893980
5824 1819 2249634
9099 4152 70467
7596 696 223347
6967 6259 113691
5436 7528 438857
8370 7210 1036360
8279 8596 234283
8585 2224 170366
7609 8278 154324
9085 7508 1446436
6096 2087 455069
9756 1226 43908
5904 2482 742489
6719 9489 15479
828 6717 329367
5290 2579 44809
8583 903 149638
9652 5145 866661
3216 8232 601448
3099 8127 765559
1644 898 609895
1177 2519 220600
6564 179 1521308
6891 3693 270752
6459 3910 559001
5350 3035 402606
6652 1308 126977
5106 5705 257481
8646 5584 465220
2647 7973 922343
5645 3934 171667
4071 932 18235
9734 255 256233
9000 2117 1148210
4215 8130 17266
7456 4606 88205
9551 9499 982899
9625 4454 157959
3279 9233 41878
958 8668 618900
1388 1010 338094
6766 6263 292371
5168 4311 1086168
8175 3556 2833751
648 4640 302141
8528 1986 32046
2746 805 712942
3965 7929 294633
9091 8216 442004
1273 9123 48749
8678 4350 126166
7575 7620 863041
4392 5479 332574
2013 9395 20334
281 991 460164
9206 3901 940004
4385 8129 114172
9160 8653 117469
4628 4226 1399470
9180 7869 365097
1298 7473 44845
136 3638 1231935
286 7952 2103900
2499 5369 329874
3505 1206 630929
2517 8662 169391
3460 6340 98275
380 5947 204981
7683 839 943661
3338 7114 442804
8842 3212 127080
2191 5188 382898
5422 6211 450515
1783 5468 874722
5039 6103 265556
7893 8386 342297
5006 4347 582267
3515 5594 261307
3702 7550 186669
62 8391 483875
9700 6955 286534
8058 5427 840892
7405 680 42129
1589 7453 140210
9348 8425 54926
7888 8417 175125
5427 672 59728
6604 4540 536026
2131 1143 117044
5600 2637 2344225
5088 4218 83641
5493 4522 1723551
1143 7031 511908
8986 6361 138875
21 6687 1056012
3234 1085 2665328
8413 1095 1160566
2389 7135 244269
5316 4288 295937
1457 7127 72993
2705 9209 827050
508 693 6279
6037 969 447512
9415 4668 356818
784 5367 706877
1910 5968 1303666
8616 1539 1242810
1168 7520 484877
544 4741 234587
9772 8247 1230030
3711 9518 276162
843 3472 1438157
9548 3414 420177
1838 3465 497467
2199 1372 370432
2613 4353 1135808
9 3276 1478744
3387 6769 953501
6834 8821 148611
5332 877 78065
8140 3909 1266489
2183 3824 789066
3442 466 79910
1415 8847 894856
9048 7522 2078963
590 9041 253057
1661 2243 379808
7145 4903 160952
1621 579 1334320
7163 8737 225864
9143 2643 400384
570 6699 385846
8018 5147 1013831
6410 8043 1465107
7165 590 2933464
221 1374 116935
8428 2323 250444
8086 4515 74694
6915 3484 945597
9848 1011 538940
1298 9167 1448582
3187 6889 678968
8077 80 158074
4320 9211 212620
3914 5525 497700
587 7488 361659
625 4075 83644
6937 8508 301889
9617 4086 1527803
7493 4478 480223
5472 6772 1874475
837 8046 423190
2836 7460 1004600
4613 345 133736
9339 327 409237
1708 2878 459823
