66
5670 7224 540395
5105 5242 678839
2542 4383 1583663
9313 7328 3360335
877 7428 30670
6960 5426 426638
3907 8771 1176930
3817 2992 2864261
1872 8945 65538
7126 1442 3447137
2177 2527 162301
9306 4063 1782640
1128 4768 2536354
2654 3563 133230
8789 2184 6631045
8732 548 1780948
8603 3822 32418
5437 5157 3944204
8280 5568 2601631
6652 9886 2058252
1594 7292 176732
8165 4908 2058253
917 1425 6160517
7361 8392 477569
8137 9584 3485438
8145 2967 3279333
1130 2845 917392
615 3731 921136
8965 1345 2280742
3106 8820 2959544
132 5549 1111755
4101 4083 669827
4226 8506 1020257
6898 637 367149
5824 2213 236324
5869 8308 2311253
4572 456 4021397
9738 4536 443865
7603 4732 1559017
3396 6833 2108405
2298 5089 295866
2380 2245 311681
8996 2371 435126
9561 6947 1380915
9763 9321 197240
4826 5448 1942525
9399 5650 2019877
9461 2011 206859
7424 6291 1079695
7432 8847 4038003
3278 2464 817746
8754 5246 2958298
8070 8269 1305662
3472 6518 59529
8584 8793 765293
180 9089 69169
3574 3741 496415
4001 2629 1636457
4643 2490 818330
8568 4008 3664594
6952 2308 1261995
9104 5464 269647
4316 5196 812062
5821 2128 289079
9469 9415 101741
6844 2524 362862
