96
6111 3572 1737401
7183 6566 316273
8990 2337 126150
407 8253 722544
2626 8272 515751
2619 2800 122910
9977 928 759966
6161 8447 61855
7985 8757 213399
6301 4995 2543177
4635 2780 457212
8259 5402 127158
7161 9873 658418
3409 4109 563882
5541 8513 105002
5522 5935 132775
4435 9951 605804
2662 6042 94725
5607 7674 2419007
2782 6717 547028
2221 4564 272170
5658 9595 58012
8826 4541 1374745
9600 2300 180663
8602 3552 363883
2521 4803 139923
4667 4654 232564
6261 8732 148149
7267 6049 3282153
1188 1453 312643
5569 2542 5535372
5697 9993 1902403
1753 3660 1236081
5256 1127 1164841
209 2441 3220490
5081 3933 1008905
8225 4108 2214700
6234 395 734600
5842 1848 94006
7586 6166 1196716
4243 1047 882145
2207 8734 91186
9299 7700 1975570
7118 3910 2509880
9080 9795 1403454
2142 4396 322760
4373 4621 1623937
4092 3947 1437823
5250 9247 956513
4747 2601 129344
4445 6992 205277
1802 8439 485791
3280 2026 826154
9773 8750 53077
8881 6668 1607892
7000 9578 1231392
4185 2054 313957
1165 9517 1273297
4086 2786 78367
4446 1518 4622963
5917 5192 1405145
3926 9088 902337
762 8613 27894
4574 2963 2046260
9528 4629 315866
8136 7 793632
9850 2748 1924794
8730 3555 2922208
6911 4911 1233950
8296 6208 570339
8497 6547 58669
511 54 910816
341 796 465225
2027 5096 2306267
2127 5716 457991
3787 4697 1694124
8647 3119 1099293
767 928 606484
8099 7376 891942
8409 638 118444
5030 5319 20152
5887 3456 230113
4181 5669 2011122
9517 8424 4404740
6530 5971 1086908
1602 6698 1153856
2865 3632 717989
8515 2737 1391744
8486 7945 1190736
3953 5667 408227
7189 6284 2536697
732 5201 437075
3690 4822 579069
3993 3621 1836121
9219 8872 1070849
4556 1416 638687
