88
3948 1029 1187056
5376 4271 445818
1556 5843 940561
2972 9963 2054948
6167 7913 297292
607 7693 679179
9134 3630 249499
6123 6672 1620367
6208 4736 2322783
6857 4055 1374561
6744 2083 1893365
6437 1043 149396
4932 3275 2512307
8197 5716 271350
746 9273 3497472
3277 6741 940627
260 8318 3061112
440 325 90677
5093 2914 1819544
26 6479 5207939
5423 13 227643
8966 4877 387997
5234 770 786463
8050 4924 1238929
2292 6055 4468736
4916 3641 1653592
4042 7416 63991
5139 948 276183
3024 6300 64916
9754 4060 479936
3279 1645 1639472
1860 4030 1328208
5130 3708 4825995
728 2798 141303
3166 6113 223222
7905 3073 371697
6986 637 1287376
5526 3934 1633064
6909 2466 1985735
4315 3172 1238416
9914 1636 918646
8408 4114 1167537
5119 5595 1080532
2426 4703 99123
3101 5626 1770476
3552 2679 29519
5723 6175 309113
1756 8719 1596977
551 6370 154547
8918 8461 448715
8803 3200 623704
4807 221 868656
7543 5784 550624
5861 9447 2405017
8204 4305 588935
231 3670 3241935
5035 5872 1839648
1036 7023 1004429
4590 4224 857202
4475 1499 3415694
4261 2191 1343147
4014 5877 152445
1462 237 2077503
3963 1221 346078
9544 3458 2434194
8652 1533 81833
715 173 559036
7318 776 152764
21 6205 185291
9580 9575 1741538
5485 2464 768589
6589 8025 171230
8975 7869 306074
4826 6778 1710324
8269 8935 153309
11 6521 714329
2583 870 142147
5921 8351 76366
9724 468 348760
1820 5093 836397
9857 636 1706134
3650 5963 2076986
645 4579 179004
189 1752 1044734
7464 5022 476759
7409 5115 1324448
1246 1441 964282
7728 9466 16543
