66
1234 2439 286059
8816 9588 458183
8544 2363 377258
3214 2763 3187697
508 349 1453735
6715 8992 75351
629 9425 255838
4865 8482 1360395
572 6520 675288
9028 611 4157760
6829 9979 117691
1339 9939 62806
1819 3699 8439527
3491 7285 3094391
8810 6839 3477941
8179 1583 1465054
5800 1210 1316099
5814 9864 180508
9791 1112 528352
2041 1344 156985
6717 8876 459482
7316 3663 2127580
5090 134 161164
643 4878 2367432
273 7639 4565342
3126 2218 1641666
2782 9187 362101
61 5608 257431
9866 1793 85062
1180 5571 2093965
6457 5930 3387905
8036 4579 5719963
994 6506 7890816
472 7745 1746843
2417 6709 790902
4499 5692 129054
123 8878 661632
9945 7368 1395624
1266 1537 561084
4848 8947 858287
2120 5360 867945
5301 8413 5320
9085 4065 31866
6923 8590 499257
2876 3996 58357
6277 9868 1222178
8284 206 208756
9475 6569 520844
4353 213 3427572
3231 1560 1106273
8754 5630 1124773
2725 7026 439138
7537 1004 139998
724 4028 377171
8178 5648 25134
3355 3138 7347317
9029 6907 1585614
4390 9092 1578079
3023 3402 1227860
4849 5520 728851
1072 543 577951
8970 8950 940864
4144 7609 1573709
514 9104 2616572
1207 7472 2918673
2683 5886 459675
