164
3000 9035 715210
2010 8289 605092
6665 6928 486320
2492 1965 1154762
9071 5167 216382
368 7708 494982
35 2810 338421
5629 8297 831184
6078 3987 794649
163 4093 711562
2655 2782 291588
6868 8162 117525
6095 9797 26245
6134 2608 332213
691 5275 1165709
3680 3605 569520
5738 9504 1245821
2210 1613 1396886
3709 8860 1063947
6967 1371 752432
9944 7753 985610
6352 4432 291025
7141 3365 1580929
399 6319 126266
4180 1340 887359
9487 6668 266660
781 7358 1806500
9247 2620 286111
8228 427 444496
3672 4312 99943
186 8479 555483
6950 6750 1729622
7675 358 477221
9347 1359 96220
731 826 987902
2280 4869 1978130
8369 3161 989244
5344 1796 1832201
6616 7515 40352
8405 3990 138403
5450 6983 1322161
3944 5812 270119
3917 531 201493
4640 2048 438386
1682 4891 167088
3779 7528 839338
9656 1679 671962
633 1040 91290
6078 6804 557375
6396 8661 1980657
4555 6065 1581756
2335 5439 47914
3266 5085 698977
4221 9457 1270098
662 5580 816838
6431 564 858168
2931 6710 530189
6168 8235 404207
2804 6792 716658
6286 5394 226109
6551 9895 76499
5877 6532 61479
7413 7943 239138
3302 7661 442662
4711 9047 1003816
4826 9204 32933
6554 3595 384119
4213 3479 1627996
9352 2218 35355
2307 3870 136176
1178 6436 1097674
5795 8550 1193476
4612 6631 513914
8294 6692 470684
4546 1988 1088922
616 970 471501
3981 8353 1355508
5722 9512 543548
9326 9874 166100
3574 566 1710752
2786 3880 3408054
9963 8002 205276
4081 7635 623775
6005 4321 108843
9867 5408 259710
8063 2384 105125
9827 4882 16531
591 7432 878608
1554 4869 596323
8136 8804 287741
9341 5514 675884
7226 8640 83648
9069 6086 232147
8022 5626 34739
3551 4220 550369
7030 4808 94411
4661 5916 780431
1946 9684 426697
4752 3346 1054997
9542 6439 163646
4812 8429 995778
210 3336 367475
3161 369 178084
917 8761 920434
631 8598 558563
9910 5640 88401
7945 6309 304194
8931 6190 1148399
506 3387 1191109
782 3386 320721
4027 3527 256137
7221 8412 351524
2019 8114 70058
722 5024 270763
3539 4715 27885
6155 5620 413389
8006 1235 1965833
4312 1994 299288
4912 9318 146174
7185 9858 511297
5940 3884 2289777
8000 4469 115360
2308 1189 57674
5762 8647 804315
2328 4289 450636
4164 4578 546493
9261 543 520558
6535 8063 965107
6553 7639 693068
6263 3080 108756
210 3869 414361
7787 4873 270643
7607 78 65560
6576 4211 558612
4285 652 680920
8773 1685 457246
3878 3023 831177
2125 8808 586337
9836 9098 371857
520 6085 843338
9087 6543 214820
6631 3958 582950
2364 2178 264420
3499 2831 968252
4268 7697 390368
4616 4950 48245
8123 4243 291443
6401 4308 537893
5141 3898 20150
1692 2107 1692564
235 4543 555219
1041 4032 293175
1811 7020 43469
651 2126 654798
131 6060 41862
7270 7887 571743
4755 9502 1142056
6258 2017 100594
8690 1451 1377489
1594 1076 617673
4004 1827 770633
3888 9063 242568
9862 8997 322585
9500 6558 397613
