188
5016 3938 141485
1024 241 574725
1403 9094 370325
35 7798 314869
8865 998 1167416
6471 1418 6560
1284 4805 518701
5783 9735 298941
4771 7861 1344851
7141 9737 358897
8147 2987 790372
3224 6430 837204
6752 9031 362904
2332 359 1455657
5608 1499 948766
2120 3427 1378269
306 7875 129388
8742 6353 27093
4105 1143 16455
9119 683 217273
4520 550 675076
4594 1400 661984
9162 8482 200885
2013 9646 556126
8343 8299 96268
2081 9642 1078663
5086 3215 790288
5900 4685 762617
929 7655 579298
5102 4039 673594
6992 9324 306959
9923 652 65480
4424 2911 217812
913 4782 399172
7356 5708 249479
1563 1592 809493
7181 2438 912690
304 2508 1032415
1322 3960 11771
1171 9514 107515
4545 9773 425798
3192 7800 822707
6725 6761 61254
1124 8455 60902
9885 9770 152187
2738 2233 910880
870 3673 322423
8687 9968 658814
3256 2635 596285
5558 5182 295870
2578 1127 371518
0 2021 186943
8835 3971 2107847
7604 1961 3242
7280 8363 258057
3223 9914 777046
5488 3449 140894
1009 588 1317852
5991 9842 488241
9369 9318 487265
8980 7831 778313
2470 1 706049
6395 9670 587505
8016 6402 1310004
8058 8717 444718
5495 8575 1626261
6924 3870 426691
9873 2696 470837
1157 7769 659579
1407 6283 369015
2414 7344 763791
7086 8837 342694
9059 7612 976817
6305 9308 147440
214 4181 553175
409 2673 169711
4441 1876 731841
8006 8749 82004
161 8776 1390124
8839 4912 552175
8554 7428 267471
9669 6532 316451
4362 6580 60243
9616 2832 308138
2645 1010 842539
257 1271 373344
6038 1207 1804499
4934 8700 543609
4028 6872 405319
4815 7475 275460
6051 96 714047
9315 6923 568484
9349 1724 24765
5850 2672 186074
105 3193 1471171
6728 5740 423997
9554 2455 137932
5111 6129 223272
7832 3651 250383
7045 9225 408017
3989 6759 195190
6509 7552 39174
7474 1668 102850
5101 8489 1857136
2035 7920 157126
759 5551 359288
533 5635 93628
7649 4491 218653
9320 3620 54720
1182 5540 427984
1850 8349 187089
3043 2761 24912
3425 2982 2690080
8666 8608 73725
5864 8545 272523
9075 3716 139537
5758 5312 964895
7066 5216 46750
1441 3946 529778
2156 924 103414
7238 5070 393318
874 2892 332279
3075 5278 277534
5006 7343 230136
487 5766 1770464
3920 9379 1840087
3839 5369 759569
4747 4137 258543
2507 8610 314097
797 5591 172409
9507 114 3752482
4456 9008 439788
2231 2388 43063
2846 7025 399945
1952 5470 314498
8278 4095 867846
8419 2070 443382
2771 1373 1005254
2320 6687 591939
5435 9052 954631
7627 355 1796844
2612 9397 309976
9855 4710 627420
9451 6593 1001336
5749 2477 451907
6183 67 35672
8653 857 208700
4482 1026 557277
1462 5426 331967
2888 640 1252254
2063 8509 178797
8898 4754 14805
7215 9593 388409
8316 7275 615984
8015 2182 1157367
5485 9690 233039
4646 6589 775503
990 1016 370871
8710 7693 417738
2585 5211 229772
2933 7155 69110
2451 8809 1291503
8456 8706 670119
9234 6158 129215
7375 1742 794686
9533 3139 58106
2704 6323 628
6106 2423 373959
1806 6141 75153
9381 3418 1096882
6676 5025 18002
8157 1985 752246
1172 7685 810714
2179 1374 118044
1101 7454 427935
6517 716 928899
9850 3379 265094
6084 5145 23486
5531 8544 216763
3269 9345 291121
9869 1109 401389
706 7970 506435
7094 3833 50164
9583 9402 468360
6448 7663 229106
4301 9881 8904
4953 6357 202703
8168 785 478200
