153
5578 478 3638841
2402 3478 812167
826 8741 608254
40 4942 816489
4944 9883 571649
6659 1941 333740
6660 542 780454
8162 5614 303548
266 7105 496018
9212 3543 9797
8734 7331 68464
2414 7266 837668
6774 5305 2190590
2517 8467 127343
7552 583 165278
710 3959 336417
8069 1401 2114
8530 4763 627459
9906 4931 49752
3217 567 55844
6490 1561 1686945
8629 8756 283673
2780 4270 137673
2741 6642 924603
6130 4769 148173
5884 8463 122809
5383 6808 534411
370 5864 803761
6162 1779 28884
8662 4766 137029
700 5096 415250
9723 8902 126846
4116 2433 122022
9874 5163 4891
7203 4637 285864
4320 2229 963311
9004 2472 461475
4760 8565 1399150
3995 1682 779902
1354 2201 118264
5652 4448 2384726
653 5065 17002
7811 1281 65779
9829 685 282028
50 3449 542304
530 7171 568288
9256 7196 45378
3921 8363 204478
5022 2616 641339
1935 8605 1742430
5159 9986 101616
6706 1932 100839
7041 5764 483639
6083 127 507322
3747 3130 557322
9853 6034 262294
121 2081 148706
4974 4443 4698240
9237 241 388804
7998 4349 38874
9634 4663 391481
5484 983 419773
4889 7738 688718
1578 3027 4418436
903 7987 1488311
5527 9326 265490
838 55 255595
172 3629 22133
4548 8688 239462
2363 843 257907
1206 7256 720193
8345 9962 994057
2203 9606 220618
6081 4150 601443
5214 9281 121414
779 3091 141154
9672 1420 218041
708 3501 223221
2258 6266 1224856
4592 2885 154214
4276 8683 24005
7767 4849 1161233
1635 8121 127455
1314 1153 94075
9652 9098 133652
5902 7782 1739301
400 8577 955237
9292 5043 1714831
1405 6175 837367
3710 6778 1053193
3521 5825 162008
6642 4984 497359
5741 612 431126
2647 8694 611107
8727 4471 561980
9598 2169 628155
7545 8405 143338
2737 7224 424832
2687 9617 60665
4841 8967 649434
6258 5073 397887
5058 5610 1013105
7351 5981 198841
9691 4467 1079016
1838 9234 410732
3855 6531 2404829
4523 2324 1645192
36 272 868533
6392 8696 631131
84 497 1153101
2061 3216 14218
1940 4908 327094
5227 9237 22100
9608 5169 151215
6421 7829 560859
5119 9002 55228
8932 6389 1457080
5584 9220 79264
779 1266 181213
4468 3894 1329759
9401 120 171775
4088 7880 171994
5941 7221 4772304
5476 2442 608920
3293 8034 66169
5789 3970 981106
8943 1328 259611
4148 9677 2158532
8530 1133 2073271
3376 4993 318166
5919 4364 683594
6006 8517 1874562
2592 106 557355
8431 7795 370044
4370 4541 257283
7673 4905 156283
4639 9365 114040
5963 6063 42870
4231 8656 216547
106 2338 83748
8355 380 1717123
3908 5604 1986931
9751 8951 97828
6331 2226 436704
4555 7394 429876
3103 6476 711615
7415 2116 886251
9471 4640 588552
1696 6726 214009
1326 6049 108996
5061 3183 212276
1897 3149 1484634
2773 2255 31534
