106
2277 476 1964416
7314 6235 352810
8307 1246 1946336
8777 9269 412301
8582 7104 755679
8370 8808 9688
8891 9905 300363
140 9403 380672
558 1918 478842
3767 6462 935621
5124 4598 900254
5117 3490 261219
5111 8116 1984405
2696 9418 813535
1078 498 924085
4711 839 534975
1251 1834 609545
9582 6288 517023
5905 5249 889028
8288 5050 261934
6125 6486 2334471
450 9131 223301
2310 4514 478577
2694 5252 126232
8083 7498 658827
8744 5316 1007149
4026 181 60386
4329 7627 146814
2340 3343 1804177
5082 9928 950088
307 6028 645385
9226 1202 48333
601 4315 434027
65 6339 356819
952 8991 1103039
5951 675 183339
1211 3387 861987
8365 2188 1299550
1165 2514 2018723
9386 9348 215647
1311 1544 888276
8835 7507 1292696
6062 8439 25901
9947 4670 1809866
1181 2449 372655
7504 9272 1158059
5261 3470 3480765
8167 5873 171066
3766 1907 643640
7210 6862 26557
939 5309 285999
3513 7768 467244
2271 3362 1097920
2916 1743 1683961
7108 2327 287461
9915 9587 940876
3976 1671 193920
1587 1001 285888
96 4539 30050
3736 9575 1376713
1262 2566 1383165
6570 8585 1433365
6560 7953 115648
8579 1011 428126
1041 2475 2366125
1704 3947 1137823
6202 6927 2402919
6780 3769 9551
6488 2758 83499
7541 4831 54877
3733 6059 248875
2679 170 3630369
9055 9602 176423
2919 9497 69549
9011 6433 74196
7765 149 771291
8944 8955 236173
2526 2536 726897
4992 2707 271753
2529 7553 146033
4322 9862 3625128
911 8137 741866
46 9367 3355069
3505 6319 1531651
930 9687 628190
454 4657 993953
1556 6724 283563
3415 5060 563509
5144 4884 333744
6419 5451 60751
9791 7005 1737314
7416 6548 2874985
5812 4098 2799665
6932 483 2445420
6429 5682 330040
2263 7153 882122
4091 1575 3790862
9661 3366 2104336
7655 4568 2781298
184 9853 289035
19 5225 1690970
4731 8634 401739
8046 5471 1298331
3182 9795 515797
6589 9236 390694
1256 345 1074196
