141
3713 4620 316617
620 7191 1684815
6456 9311 325158
2637 1609 408279
6831 9060 2268868
4901 2124 589335
1792 1571 1730538
945 1223 169151
7912 3881 372551
5327 4229 433467
7609 398 365078
2229 80 959923
7285 3400 76661
7089 6828 412171
7909 8562 1433053
886 2181 205275
2360 3295 2577512
7791 7810 253005
1791 2278 89093
5949 7932 877913
5450 6427 863988
6498 9770 527800
8523 4859 571107
6684 5419 10432
5053 5186 826942
3876 4652 245172
5518 9767 21337
6791 740 2632202
6892 8094 308690
866 4222 2781056
1182 1671 755764
8857 5266 403266
2494 7924 581110
6570 1227 1536453
2106 6652 1420819
5393 4013 1617427
761 323 1661022
1313 3187 365400
7493 2009 586879
933 6749 49348
6153 542 913814
3075 3591 221914
1753 9042 312445
6500 279 2509680
8378 6754 2893894
1119 3083 128557
5432 9744 575159
3069 6692 105319
6177 189 14210
7935 4298 1223782
4966 3414 582803
3902 8620 288805
2500 2862 1068085
8821 445 945215
3296 9750 206160
6016 2663 23306
3979 6939 747910
3683 7717 1502627
9879 6816 1647356
3440 6094 1283008
3104 923 442688
2546 4103 162055
2387 4888 256561
6437 5485 333963
5545 6011 581880
5769 5906 142894
3621 3594 1418915
5696 4816 136921
9527 4160 1067851
2433 1759 150028
6498 7735 1837496
9392 1101 641726
2716 4056 1879781
9404 8615 1122189
535 8032 325129
6748 20 1826555
8571 9471 426016
2740 7814 764409
639 7220 428748
5163 9720 288542
5472 7459 236244
4179 5440 967305
6134 8480 509091
7915 144 1978150
9065 8411 977540
2035 1111 273414
6174 6110 15805
800 2234 1056896
3344 1550 999886
6053 6538 389357
8513 6510 171420
9217 3711 214050
5321 1805 269406
1111 4976 38142
9298 5237 1274512
7043 5006 792285
343 1790 23745
1931 7005 690524
7148 7821 87401
7168 6693 393922
3752 3702 754552
7996 3139 485188
7356 5364 145453
6330 3831 605871
5667 4766 58231
1449 5675 1228531
3191 5140 1455053
2465 5381 529275
1021 3061 300331
5632 8511 712587
73 22 492165
4636 6653 1057894
3296 5859 1038472
6342 8621 334042
4262 1378 480024
8769 9027 1052339
5976 2946 1122823
5550 8311 304129
1507 1089 443338
5755 6844 24933
4228 7648 273833
3423 3950 676210
848 413 113883
3283 1482 241901
9313 7587 763311
8857 2866 1008329
5926 515 52295
9823 253 1461782
4955 1033 75623
6366 2562 31081
9911 1196 1253609
4527 1628 138374
1687 5625 367268
3883 9511 25984
9174 1171 488223
2335 9137 536900
3145 5460 390983
8426 1518 310901
8840 3830 8488
8015 679 2404066
5796 9058 649557
