59
2394 6802 323681
2744 8757 1736476
5004 5413 3505463
475 7284 168501
2795 9162 193029
1835 6397 1004403
3337 3853 815168
6423 2603 1762977
1546 1819 4340044
7831 9881 1238533
7620 7837 6050007
7863 3874 681213
9534 6932 586753
468 210 5909254
1258 2188 575404
7743 9021 620502
4311 5102 583751
8354 3281 6475197
6585 6596 1329103
6738 7109 761413
3566 760 2162245
5332 744 774260
8431 8656 777043
3296 4380 76312
9858 9588 71007
1630 9547 62504
4485 7127 1226959
8754 5725 1329045
2807 5159 8546205
2529 8838 1504144
3879 2631 1792269
9530 5556 1686357
6851 6617 254041
4720 9117 1735054
5034 8564 263152
7783 4623 1024324
4205 1663 56116
9079 9814 507154
2432 8027 1052250
8593 5217 494659
5070 8420 2045431
9832 3666 1331095
2243 2086 2716779
5807 5204 92280
2410 2420 1783066
8924 9712 2217909
2569 6708 2749548
9819 1114 1024619
6490 7502 977034
5320 431 369372
5554 752 3449151
9576 1571 1853100
6801 5177 2524860
4924 3471 602401
571 5753 1957751
8349 3293 46948
1812 2769 628366
5268 1077 3246391
2123 6668 6327927
