84
4382 7408 693477
2715 1886 3154974
2848 3030 719480
3099 9800 403211
1205 4989 1251102
4946 6577 122234
8637 6869 2667129
2246 1088 1063318
2473 1601 792580
6335 2810 3167228
443 3447 453442
4772 9084 909640
2392 4482 1894231
4052 8803 1127442
9339 1799 649636
621 3711 388424
5420 72 1619140
1929 8812 8718
8108 3385 611198
5662 1700 230152
8362 8580 699517
3859 2990 262483
2081 2861 4961636
4346 6281 2740739
5816 7838 2000644
7970 1982 3811932
5812 1067 256950
2668 4311 1574661
3569 233 90014
3550 2016 60268
8009 2321 1003055
9912 6311 558986
8979 4184 1749464
8962 6315 1811821
8292 5223 274350
4552 4167 1101664
7286 3211 317567
9624 6201 698580
500 6789 4788539
4782 334 1526194
1394 5844 3028655
673 2287 2383301
8737 8296 1115104
281 8667 753848
9066 9241 316239
6834 1369 226022
7167 6087 703303
8219 5819 568263
9217 4536 1040757
8880 6819 2300057
4006 775 178968
2912 742 127104
5999 6706 5430264
4666 6689 1526269
146 2433 1089771
45 6030 499888
6794 6725 1887541
1160 3719 838887
4531 2590 796564
3456 2321 368022
2103 8104 451363
6752 1090 98054
3735 3844 910237
2345 7066 176392
5220 9703 535805
9906 3296 179212
888 5352 1441022
3233 2967 731915
3526 7762 138701
6021 9171 3869585
8415 5375 554930
2522 8011 732104
1602 4468 1026362
6897 2544 743642
2370 2755 629949
7697 319 16491
3643 3404 1117907
2205 6675 1251364
8302 4680 1243137
596 5260 114960
7422 3695 258315
2806 1816 1057502
6612 4584 1784132
6581 2382 3542272
