200
6900 7933 610927
1630 508 433572
2223 2220 108699
8222 5384 236690
9304 4490 255430
2565 1050 1606438
6511 5791 324995
9440 9054 293377
3496 9466 1485080
9888 8258 1056436
9248 6728 118201
310 1780 107338
6328 7734 14616
7600 4482 430013
3833 4019 624621
5744 7362 17919
4932 2140 619043
314 5150 114645
4183 6184 1300961
3816 6094 168989
1393 2028 222677
7062 7066 117995
602 5298 799653
6433 622 43074
2271 815 391997
5559 9845 398167
5351 7713 260708
1274 5125 309950
3325 9049 266130
8552 6162 356716
4645 8692 495427
4086 7987 486477
2350 5837 299677
5407 7566 548312
2340 575 681810
9729 5232 708079
550 7373 30806
7234 1076 561782
5405 5251 24422
997 5050 260099
4966 5781 1241423
85 8135 1321679
8030 8339 99839
1753 6851 1616004
3225 2530 764262
9772 7005 663646
6416 146 198838
7794 8240 91585
8633 8842 600104
3717 5618 229415
1664 8060 935431
4130 6861 187746
6138 689 29634
4193 2751 300914
1793 4469 122191
5526 2463 220368
1284 1126 620408
8686 8213 114314
594 2037 1110863
8094 4340 427973
3092 9402 330067
4015 7987 493939
6816 3584 83895
5778 7872 191570
7288 3572 483092
394 2192 1497491
1504 2809 933879
2173 9365 680749
2396 9335 2280818
6349 8788 99837
6422 5622 1462193
4095 2780 88671
4832 3618 1501119
2666 7423 384445
1313 8444 192435
1577 3999 292201
7112 8727 151955
3268 8800 1587939
6914 8599 718417
1271 3569 1607411
8568 2065 252662
9538 7953 166057
8324 5222 679752
3856 7154 103278
6033 752 1672703
3250 9417 715071
7451 4194 338689
4692 1963 1288082
9514 1475 75299
3059 9020 842843
6231 5477 131715
4494 8323 661520
2588 3147 65864
5739 332 121721
5886 434 896371
973 6205 784830
7779 5413 36133
6292 3103 1005297
8899 5580 155991
9284 6592 881104
6247 4526 461035
1137 1270 96399
7898 3569 1322784
3076 8989 341797
8961 7130 427249
2251 4709 664533
318 5357 522098
8850 84 524078
2425 976 235346
1790 9740 452345
4652 7747 319688
2017 3363 161500
5213 7735 85148
2809 5001 82701
6066 5925 77728
5950 3193 326903
7362 3378 1452934
463 80 288811
4466 2997 218342
1231 2914 222579
2667 282 1054765
3012 7503 651774
7664 8683 341781
5303 5644 1056059
4274 6939 303287
8831 5112 133959
2327 5987 1210249
2862 452 166219
8035 1789 95924
707 5512 17737
8899 7509 121892
5491 9920 212354
4060 183 190735
5557 8595 10439
7487 601 111313
1186 2997 348600
2782 529 970912
9804 5220 1520439
9060 1932 361287
3232 1991 1094358
631 2568 90437
4060 4972 41400
8549 6524 373111
2247 1125 562447
8353 2533 472137
5834 8155 21048
1132 4056 372937
5587 8785 1277283
349 5323 65977
3777 7971 245487
6289 9217 608172
1515 8254 49347
252 364 68154
3781 6301 291226
3358 4136 301340
5198 8997 1068582
9867 9136 806552
4745 6576 700883
4368 7401 374280
1502 4655 246832
3878 4859 847076
5189 6929 37183
5791 3061 968796
7631 4180 74398
3149 1143 14107
3718 9376 176900
9611 1648 770255
6186 2684 570167
4040 4405 1275811
2454 3879 625386
6319 908 440503
9765 8660 14987
3760 8031 437216
7852 3783 496531
6484 251 508965
7347 5692 1385220
1525 5229 86427
7365 2369 552023
3114 6158 485878
3515 7734 769791
6510 2792 32817
8919 7668 852380
8385 248 1341863
765 1907 211412
1573 4698 727071
1134 5450 526428
3246 2780 1128221
6973 5 944251
8995 1304 52908
6100 7920 112949
6512 6454 203377
2387 5778 210124
1630 5225 406541
6226 3426 679639
8039 9643 393831
9257 8075 252111
6898 830 660003
9813 4986 26821
6645 176 62450
6385 5890 315780
