174
993 5441 54914
1921 9032 1097729
1039 6080 123311
6954 5018 139216
9539 7233 4024627
9306 7512 183547
4768 1712 3427933
41 2770 810576
3811 6521 1180094
8311 9493 897703
8120 4702 83834
6295 3243 698375
4613 8678 37772
8013 8345 605536
3869 7233 1963060
5697 6796 843980
6373 4998 19214
3074 2427 140425
173 7678 165872
2273 4883 189974
3236 7911 499164
2122 8839 256890
4842 812 1153103
9639 5656 256973
485 5833 307907
4721 9149 912472
3154 2525 1489213
8730 9829 424655
8582 968 1825405
6043 8918 95082
1014 5412 975128
6808 3837 221317
5912 2124 158099
3201 4931 48421
6078 5422 1776194
4843 5485 161645
3258 7745 98670
4278 6709 1118642
1594 1611 515582
9848 5098 428314
5565 2587 133983
1199 3695 596171
623 4697 1811443
5301 2386 525279
7022 4768 990965
3491 5416 477729
4960 6798 67254
6792 637 301970
1724 6253 719549
8918 3636 424808
6783 1679 695782
1687 7565 743801
6049 8392 525058
915 7972 463112
1409 7060 1206123
2767 348 1111065
9758 5726 1207269
5668 6398 187947
376 5046 20105
8748 1290 406867
664 7135 150224
8009 3822 111786
8599 6560 767867
7296 2770 444115
9910 6628 457067
7025 6893 889532
675 58 806058
1646 3396 638435
7518 1296 88902
2972 5764 24089
470 5350 687719
516 1798 230592
1321 6480 708483
6763 7559 239332
8340 4766 361729
1704 2370 33943
413 4169 85491
7878 7271 529862
7715 7054 3959
9459 7423 47274
5337 5482 545778
3369 5257 617071
1769 3101 506033
8441 275 1179137
5001 4578 127102
50 8885 152165
7279 7588 24193
7821 5636 160812
7468 8795 1532158
4071 9352 646461
6530 1753 960844
7086 7854 262181
7069 2038 1292489
6763 7450 127269
6517 4418 854879
9096 5104 273329
5346 6001 75601
7131 4566 866249
8522 7416 550926
5341 4573 459539
5210 3446 625164
3036 4925 930292
2627 1261 337607
2117 5467 905649
9247 9170 192348
9900 7142 34554
4231 1014 241491
1422 5283 829538
5157 1793 170132
3831 9692 222298
8160 7409 87166
2441 8850 186408
9766 6134 964557
6255 7475 513128
5043 5358 409160
3666 1042 478505
3589 3623 1881956
434 7688 823668
6800 6719 70579
9696 2716 872963
9270 9594 614612
2668 9892 1143120
7262 6369 914375
4120 6092 520357
6162 6519 117243
2664 1422 635579
7092 7871 173253
3827 8686 356233
4636 2532 170599
3643 8564 776507
6066 7681 38119
2514 7404 1679747
7852 9904 1120363
3509 5096 775495
6012 7189 541386
651 3149 166283
5289 5721 324084
1622 2895 777982
1302 3087 60717
708 1333 31683
5414 8084 780309
3733 6643 720220
5151 8730 354893
2761 6356 216433
2595 6578 186682
7220 5136 178837
3942 4606 778174
4662 9907 515121
6950 3259 949195
9089 2930 38053
9519 4678 215278
710 6548 788726
8309 803 1733259
4057 3067 305501
6821 4190 156541
5744 5434 2068817
1216 7984 1377464
2070 5459 395585
3953 1887 103333
6702 3571 437820
384 5095 233626
1748 7860 91324
6252 5780 574811
1790 9985 114042
8152 4103 836721
6190 377 354414
7849 3117 868229
6933 933 251407
1270 6264 335969
9283 9190 1033487
4286 1458 175566
5603 1595 172359
1890 5883 41440
717 7382 353941
