68
3058 5966 1038459
5269 8674 883248
9099 6969 265206
9293 7283 1287856
5862 163 39733
9398 6061 197804
1697 8131 1201407
6463 7693 353913
255 6756 1604497
8005 8321 3475384
2943 728 210327
9930 3534 753409
8828 3207 143787
6230 9549 850086
1339 3309 2730656
7421 1470 3084170
3870 981 3467021
9016 5113 178883
3989 7187 4175841
7904 84 442163
6744 5385 1585126
5749 3468 324530
9953 6559 2627490
1654 8207 5205745
486 4281 268934
1640 6735 1834684
5795 7290 6139
1408 6873 1543541
1141 7143 1445474
927 8597 1154274
226 5441 2918051
7802 1015 28654
3608 3338 985734
5010 8081 1153398
9970 6905 1016046
6873 7893 1834276
5916 9077 757303
3529 8881 289321
7762 7886 271958
3604 5624 2731953
6792 5766 65043
5265 4714 292374
1322 3095 1471267
5968 5567 104108
6030 1336 1263826
3671 8097 2558086
8428 6532 747565
8070 7720 1660082
3820 6926 2789473
8341 273 711331
264 8633 872436
2378 1796 124629
8355 5538 809800
7042 8773 4539064
6976 2663 1522681
9675 2260 830904
1845 5186 8157
8485 3226 389429
470 1137 761387
235 4184 2709313
8914 9000 2708413
7429 4131 7663571
1127 9750 2991481
2391 5848 4827079
1979 1462 1331814
3950 4843 718738
8840 1097 109265
1614 4216 1052203
