186
668 1562 293299
2454 4800 180652
9226 1665 345145
271 592 132525
363 2527 143543
2985 7053 218045
8415 8677 43819
4660 4918 12457
6781 1165 394140
8488 1163 671926
8746 2494 273361
7306 8248 62866
8759 9005 2987411
711 2186 192926
3275 9717 1002577
3799 4968 703144
9573 1275 971824
7530 5159 518519
1810 8358 454219
4752 6199 451290
6699 5855 1264893
1746 1792 279712
9364 677 3455359
9665 2496 157182
8036 4298 789875
1324 5659 510271
7928 1373 286103
9712 9215 159163
6702 5928 557743
3288 2233 12498
6476 7284 927534
9028 14 397861
3665 2107 29834
4322 3927 301018
4540 2574 920212
569 2111 1725551
7062 1157 744025
6698 1327 1519604
7807 9945 1989300
4725 2827 161652
1500 8609 17993
3892 9448 1319984
2045 1953 955553
8342 3316 287917
7006 676 200461
3393 9896 107486
754 5524 925838
8633 6827 501981
7964 3350 339282
3639 1129 956557
8889 2958 164329
1406 1405 155564
8966 9304 47246
5602 9768 129133
3954 9950 216295
8188 3962 200422
570 5831 674393
3385 1735 401911
9644 3828 719107
852 6942 2599
3926 3718 1016435
4918 5161 572139
3026 3488 1113778
9662 5127 1310356
5790 4437 1700555
1680 8944 70136
6907 4534 469099
9582 7794 385028
5653 7255 2255638
5942 6748 389715
9804 3931 20786
3299 156 552974
7237 5024 811823
2536 8123 51020
1768 804 1979379
7000 8124 157381
3135 205 1176030
910 9924 375815
4285 8371 1245424
6159 3857 321023
1515 6758 212250
6153 7187 68049
9179 8562 971099
8169 4971 583095
9582 3737 748289
9597 9924 1395773
8373 4197 353889
7932 3654 161935
3729 3444 145102
3354 1361 44397
4965 6891 121803
6588 4920 166677
8477 626 1583848
9607 1914 332872
9553 7560 60206
5929 8048 408116
6048 9029 524276
739 5297 52961
2344 7828 817662
370 4949 88901
9177 9013 1067932
3046 8231 52766
6079 4742 247441
6925 1788 53506
44 3819 281534
3681 3244 641204
7152 7431 95241
381 333 605075
1795 1092 328912
4740 320 50493
9954 2121 637132
6660 2070 421712
4971 7690 1741332
7954 3491 497187
5157 1692 25923
2000 6608 368665
5667 2023 32728
4106 7044 232248
4594 5935 844222
7144 9509 20920
6808 5294 143794
3800 9738 344895
3980 4451 258686
3922 6741 127137
8853 1161 708272
4220 5714 1819133
8617 3293 311042
7091 9900 90353
1191 8441 1096622
1567 7278 162178
9455 5372 345630
2410 742 203360
2305 9400 8673
7012 7226 458848
4391 2496 256043
1597 409 794864
4864 3271 145180
7877 7905 1171354
804 5626 100362
328 8594 195022
3569 4422 182208
8089 4372 726700
6304 3848 533819
8412 971 719098
2467 9419 256770
5012 2602 686092
4412 9901 1618668
6908 3702 433199
7276 6043 121451
6041 6935 485495
8763 4879 685536
7938 490 608107
5372 5500 522459
8068 6717 147459
4259 560 876057
9049 6193 389035
9970 6478 81526
5315 5407 480798
6466 3893 40098
5436 9959 44371
9772 9148 550846
8105 9598 259777
1699 4835 147252
500 8738 145115
244 5765 527862
630 9101 169642
7712 5785 261898
8177 460 1431912
1614 8208 138593
2473 3870 6959
3394 2180 1067145
1394 9318 225004
159 9700 277902
2930 3160 83920
5994 1491 138511
1319 9390 644058
4931 5770 626782
7556 8397 564847
8030 4789 244335
4592 9053 47840
6043 3579 1718731
1742 4735 306897
9180 778 557972
9424 3402 624538
9417 9267 928290
4365 8730 2293942
