184
4746 1746 336352
1568 7455 852114
1192 7559 161556
9552 4106 424745
2080 6384 1834360
9112 4647 216158
8305 8612 6910
8077 6388 374636
1655 4232 55215
4160 9341 90851
9399 3829 227104
8580 1816 204634
1599 613 571179
5483 9066 681736
3813 8447 38939
6890 2302 561056
7850 5085 105411
9232 511 807515
7722 6268 176335
9383 9445 1769710
5640 7241 634574
436 7425 304995
8488 8701 2353270
7952 8799 7909
2028 5022 64156
9239 6929 672798
3424 7382 2767216
1959 9694 1319061
7280 2141 1876063
6459 669 1236955
7248 3507 1831944
5521 5423 30468
7677 245 679800
6650 8073 45971
4722 5660 546512
429 7906 754694
4446 1352 85677
6409 8473 53370
725 3156 1426552
9700 8271 83765
2354 6537 479157
4790 9860 61757
3838 6876 73704
8208 4664 1905390
8862 8822 792102
1403 9886 183973
5680 4290 450127
3546 4510 351875
4894 8844 3441511
4355 4708 2027
5196 1720 228081
707 9068 254994
2962 4926 234164
3764 7850 109777
7765 1808 720131
4847 6872 37658
2895 6766 1169767
6604 7073 347612
4627 4283 1595918
8358 4853 58021
5320 5767 994256
4520 6776 40859
6576 966 850100
1789 6418 172458
6854 5243 726210
8501 8015 140144
8219 2629 76494
9523 9937 75920
9468 6531 207738
4855 4335 658593
947 1069 423189
4328 7463 113534
9326 9364 1559928
3286 8797 325284
4597 6715 78682
5257 2716 221576
6878 6217 1043011
6958 4238 888645
1811 8495 242918
4745 4714 129645
5231 3918 122762
1682 6969 217403
3255 9424 456222
319 929 80958
4802 3636 852719
4931 3306 50317
3048 1686 928395
5197 7709 264633
7923 823 390334
4996 2043 197552
2941 734 322
1163 7156 431889
1834 1801 197613
4094 4150 9594
3501 1819 1214944
9824 3432 164748
6103 8394 728511
9625 1979 95743
1137 347 401322
3704 6601 57108
7686 2059 1254087
9177 2617 35992
329 9005 357582
6593 4975 488367
1970 7422 36095
7711 3056 81813
7700 5234 573471
1177 5743 565395
2219 4529 1322055
3675 9310 52055
4854 8756 473347
5764 1324 208923
1184 3898 839165
6777 5173 223077
8858 7460 82102
1691 897 940788
6049 3117 742931
7739 636 452354
7930 3798 564409
1676 4857 241877
1607 9957 636742
2087 2241 78480
5821 8151 128431
8369 8328 107382
5547 308 233220
9555 7047 30944
9057 593 423347
8194 652 1504459
9491 3559 632265
5126 4982 170075
730 4602 333148
5507 4334 1583965
7101 4457 36867
2770 341 619096
3240 3398 84693
7120 2852 433312
9228 9660 446197
9426 2437 517210
5394 6427 238450
919 6152 80684
3135 2525 616721
3354 9456 347874
2166 5406 181683
7943 2661 85638
1104 9290 923541
7773 7028 1262992
9348 872 1352453
4339 6314 106659
8167 4543 725459
8646 3100 252166
9297 3989 310577
3604 783 455176
4848 2362 641962
9622 3581 472768
7499 935 1053363
7974 2681 63463
4382 459 25017
6102 9439 1265236
3073 2234 850671
6242 4120 143984
2581 675 179653
4070 3406 1841711
4927 7638 455167
2108 8779 280190
8387 9918 1155167
4056 7163 752291
4211 8617 21131
9024 6453 1252983
737 742 439988
760 6412 147855
8076 3166 616718
286 5745 821713
9899 5916 16865
3720 1211 87731
9061 4077 3210208
9161 6249 198984
4200 9058 247884
6883 4969 293904
7777 8716 222135
841 8955 973741
1617 9943 538603
9494 7149 95712
6409 1741 684939
6287 488 1870187
