106
4883 2070 2381169
4972 8577 282229
4947 6917 2462051
272 7436 225546
963 5754 208358
6051 4934 1068134
8853 3391 886143
9445 5224 483113
2537 7035 1316501
2176 2515 57689
4436 2349 331551
9692 8948 1775838
3597 4287 598030
822 1378 619394
463 7747 975797
3427 9603 159206
1583 8533 1173364
3354 7288 993615
8478 3624 2223
2688 9924 959786
4181 1325 145689
4100 4771 464970
9509 2900 127899
8890 3406 347219
3155 4516 659189
9585 1996 1242688
9425 9127 415327
6274 4790 3893469
6612 6646 151972
5218 4036 758308
655 3754 783318
7473 7592 65796
3042 9788 5938578
3490 4239 934944
9083 1596 400557
8648 1079 1252414
8183 3306 1475336
1362 4697 1405881
6880 2720 371564
764 7935 204677
3338 4850 2173441
8107 7586 2112852
3932 2395 518422
6015 6254 954982
561 4930 410470
7696 1943 3274837
1570 3215 2091748
6932 6560 98656
9924 7548 2223460
9163 901 423704
9292 7584 422760
3119 627 703548
2228 4529 748616
257 9080 1114219
998 9657 385530
1643 3384 5110
8361 9306 470327
4521 9279 144877
5489 3268 986646
310 2542 1504043
6202 6648 18412
1052 319 303490
797 7239 378547
8881 1552 11928
6439 9526 2897384
9102 4493 175447
1865 9116 499789
4732 7256 1222079
6165 1367 191565
3548 5541 2624343
5952 5181 201026
5392 2095 50212
1329 7969 74313
5791 1692 744767
547 1233 1964483
6979 8478 151510
7386 7280 684329
3545 1119 1263360
6956 2552 873817
7340 8985 28619
8975 9442 374736
9793 1775 4211846
8509 5200 686384
3996 3698 790519
2806 5846 741998
8845 6405 19676
6338 7919 240668
7173 9050 2767359
9041 4768 572898
4636 5561 940684
9260 8734 4204547
1778 288 33513
3277 4763 525683
6821 5273 2064
9728 7703 1866663
9316 3171 14712
707 5250 3169693
6876 4072 181734
8041 5847 432468
8866 7242 1400934
7656 2092 1092245
9991 1078 150025
2439 7437 328272
4404 8514 1456620
9783 6834 288058
5961 4539 378801
