140
213 755 19576
9760 4311 582608
9932 3035 888217
1537 5870 294283
9673 7020 164062
7642 2190 107399
7713 3946 849863
2278 7453 1376972
8805 264 2794295
9151 2160 899347
9725 6910 4307171
1475 4948 43680
6918 4003 26082
112 820 231447
5245 8668 384775
763 6376 440773
6967 9409 391053
4950 1386 687465
3959 7606 426054
2615 2510 330691
5737 2916 1479788
7966 6237 898352
727 3925 319194
8946 8264 602822
1168 1439 1246617
825 4952 29437
7420 1278 1057830
6433 2205 6373112
4287 9602 49163
4524 9877 566168
6685 640 1304586
2272 6772 354186
5291 7627 335186
1905 1646 310932
6952 4640 672255
8456 5069 140871
3658 9148 422240
1903 868 506274
5448 53 426964
694 8819 215226
9812 6465 227919
1820 8911 474358
2243 9323 1333165
207 1768 157643
4653 6047 116774
5552 845 210654
2850 3218 76772
1247 813 2937057
4949 5079 3102370
9974 8768 515153
2944 4795 183364
5405 7273 80629
9749 1938 223146
1867 3586 915299
9495 4182 1408147
7569 8188 331197
6925 3609 44176
1871 2595 75943
1632 3729 310373
3022 3414 1131152
9955 2621 1127508
5871 6612 1052030
4463 348 617481
9218 975 37175
869 3100 423636
2246 2835 326929
2551 2203 1850210
6291 3280 623160
8883 6530 16167
4865 8706 967616
7016 5916 1182376
7395 9618 422292
5026 7636 159998
9615 6597 966050
5216 1913 79814
4682 9368 395239
3029 3530 385904
6965 1692 476782
8719 5299 380251
9235 4874 703140
4914 3600 2321244
3667 5691 669858
3097 3525 396336
3152 7114 770821
9804 7393 317484
120 4689 68258
7682 9702 137446
3856 4810 1200372
4371 9466 567334
5094 1958 1217550
9256 422 2920976
438 5962 74358
9139 5895 391496
3624 7623 183939
1154 8851 181178
5619 5605 1524923
757 3317 97352
354 2014 67040
2893 858 135923
1000 4794 1593504
7372 3626 1033747
3601 8840 1469894
6156 1009 1590651
2411 3598 508310
2778 6970 726072
5733 8426 1243871
8838 4989 169039
5565 1429 313971
5232 8065 1186943
6054 5403 707880
9164 9290 1993179
142 7645 121179
4191 2053 143699
1663 6396 517119
5182 7828 360850
768 3063 87443
9372 996 817550
8773 506 292150
8655 9220 518110
7799 977 7305
5463 1874 214491
6589 5748 60758
379 8863 712982
7566 6373 148088
317 8391 385608
9067 657 2697473
5773 9435 2469535
5204 9597 1050450
9088 6462 208552
4460 6015 530430
8862 9086 291389
667 5458 433530
196 8519 705230
7158 7285 113484
4517 1307 919667
2703 4846 222812
7346 3255 770733
5271 6002 67125
688 2422 730388
8646 7119 14856
