164
8127 1548 1339997
7711 9401 1581166
8617 185 1187330
9747 9421 316009
4312 7499 69821
7806 7039 133217
8822 397 402706
5592 9747 295735
4075 8845 1769173
9839 5620 191663
8811 7413 433112
2619 3524 92031
1174 7720 172119
5000 1545 609852
7305 3416 615515
1333 9309 525695
3052 9014 831995
1286 2966 152532
6389 900 61949
4390 9577 758530
1688 2969 5210
3009 5192 1206705
3787 2257 217822
5465 4308 29414
2237 2504 690120
5559 1052 1603910
4330 8682 29295
3109 1125 43385
9422 9466 1823017
415 197 3234
6399 2309 538280
3334 3673 1058253
5670 3448 174285
5777 6235 15653
9296 6614 128814
5443 3359 79590
4891 625 148735
5894 6922 273167
8462 753 274833
5665 6368 218131
6413 8714 191731
2161 3340 1236282
2996 4833 2283331
8274 222 825133
9021 9523 1031446
8840 5675 40374
5063 441 295317
6785 3105 277337
6285 4131 281014
4848 2598 693311
2719 8602 435979
2148 7339 44748
8389 194 101727
9554 7456 153225
5197 821 1173021
6596 6799 1331911
908 6095 1413399
5243 1260 140841
2084 6617 22343
9747 5315 204417
7138 9420 51214
273 6969 1772840
2296 5613 46319
4300 8588 517394
2839 7523 2067947
4581 8465 2693878
5920 9106 603698
8642 2205 26541
7169 3388 177524
6788 2049 1283486
365 5153 31739
5090 1747 949710
6839 7707 247751
8497 6315 348100
3627 9360 677731
6872 8176 407725
8678 4966 204800
6978 3759 66684
4237 7597 2964815
2201 2787 180607
5270 3064 266448
9264 7053 1082813
1149 2428 742932
7114 4982 1079795
2992 4271 14752
9992 7740 1153766
3087 7259 133845
6796 6458 388272
3213 5022 375958
3859 2059 141812
6845 6676 82059
2779 5664 375834
6412 9063 1063585
8621 740 3436846
5058 8753 580191
7222 6869 358065
9795 8185 89218
5604 3314 3535393
9140 1807 359066
7895 9477 247954
5046 6984 795741
7248 4974 345803
2120 6063 32887
535 1445 441781
6894 7064 142957
6623 9044 5508
4869 9145 78875
696 7604 10271
626 3385 747535
2372 8434 634278
4898 4612 726197
3632 5690 727669
8116 2931 236923
2843 5567 26198
2011 7014 781753
558 5294 658220
3148 1931 750237
2500 9887 108213
6942 6251 360726
5693 811 1351510
5119 6607 988613
1604 3031 323236
6099 72 976141
9507 9808 96784
1208 9870 1534912
9468 7231 681181
7525 9576 1146510
7336 4467 172422
5040 2312 1440564
4824 3588 897488
8681 8055 665226
3091 4699 19953
7590 8150 26570
1479 1263 1057890
6907 4376 242117
9175 378 1011109
7506 8662 276729
3487 9633 778938
6384 2324 1232860
7400 7859 164651
7429 1730 256838
8061 5696 304901
1595 952 56593
1288 5727 123194
3347 3418 817644
1858 5015 75362
4815 6143 12185
3683 5912 881078
4779 9117 1480850
8891 7873 1400513
6350 941 149243
7334 5283 69460
2251 9213 187806
5296 2125 281174
562 1707 173487
184 1121 268044
1379 5255 2425883
6515 3706 650308
3744 4988 1052166
2886 4558 996065
5839 6901 132670
8597 3453 681776
9290 8371 1056517
1564 5239 661073
