192
8030 6026 119484
5210 5774 63470
1737 3093 107131
3331 3526 122634
3395 878 453881
8141 7230 329623
638 4581 110451
4491 6028 138352
3092 5255 484054
1704 9396 124050
8758 5008 272809
2558 8577 47399
5293 6621 132676
9456 4538 263067
5731 6088 1094912
7307 4915 491544
3166 6348 178354
2823 1138 679883
1697 8915 10779
1831 4168 808231
2360 6993 90041
3220 1980 996714
2163 2549 67697
7838 4470 506131
6601 982 174986
1740 3826 27680
5667 4295 232471
2025 3567 155605
5343 226 197019
3943 3791 915020
9599 4624 13053
5315 2098 47818
958 5462 395671
473 7397 188793
3169 6157 115667
252 2239 390106
6651 5660 448726
6412 4152 92375
5986 3694 58332
768 1252 91477
4497 7219 1860032
7719 4080 563973
6040 4023 585642
7007 4909 140982
2251 9643 2464792
677 2941 459399
9121 29 41645
2825 1019 946345
6089 5643 312755
9468 434 273530
3750 9543 797363
4710 9642 112352
4389 4925 1393897
1698 9857 525909
1437 5321 74098
3057 4688 239324
2155 5243 88968
3539 9392 195615
9348 7159 165813
806 4899 279633
5779 3680 1487285
3794 7688 330163
566 8606 113604
2270 8909 374396
4296 4233 283474
3345 3721 2508972
2911 2752 752657
2779 7438 86344
2390 8155 377143
2741 304 151500
2744 1219 28023
8137 2864 345288
3564 2190 800508
6921 3601 690169
7653 5441 1547411
851 6864 124336
3459 349 483184
5280 6152 259905
3047 8357 845218
5300 4185 1075196
6044 4088 1102266
9372 431 299227
5629 7447 241893
4947 1673 210277
9274 8751 251854
7099 3313 221371
1095 731 126724
3720 3750 634623
1139 497 306653
767 2118 417380
6820 2125 921848
9538 5270 232583
2938 2316 552868
7703 6350 312456
105 4529 81248
7981 647 2212876
1173 5814 47540
4469 7910 486288
5448 4590 1159131
8831 4436 197251
4163 3885 1559615
1927 7112 14366
3347 6610 456850
1509 2568 34913
7631 7533 201643
3106 2252 6029
4149 9654 756234
7604 4238 708079
3363 4184 1279266
3409 2330 245833
2637 8853 53992
4713 5895 578072
4968 945 321841
6863 7906 1888952
829 1799 1383873
9361 8065 240089
8849 2771 201318
2662 1000 259948
9305 3993 381589
5555 9699 555420
3737 8425 537785
9078 7940 9456
3926 5740 574239
9016 2345 428667
1046 5098 1218618
340 6430 2551115
6425 3144 489888
342 6275 336498
4954 3080 476738
8023 6315 360301
917 849 609263
9975 9164 1573901
7129 8519 83064
2681 8432 3511303
2038 5605 942549
910 6715 1466916
1496 7928 147481
4403 9398 70324
8265 636 1192361
8458 6681 447896
4670 1952 277888
2516 2487 657681
2265 4295 505475
6392 6440 183496
7584 9078 345877
6943 4890 49420
7911 6165 764133
5619 4978 596770
4915 9747 624867
1404 9290 782963
8801 4000 154514
5130 219 1705988
8280 5248 182245
2868 2452 1086850
6939 1385 1086275
2974 711 409726
884 1611 22555
2363 3793 557342
2794 7191 63762
3989 2318 256997
2542 7226 370403
8168 5948 84983
8684 2632 59192
9550 3095 512591
9759 3850 303258
3952 5750 2930737
1198 8943 18712
5621 9508 140738
8706 5597 1423278
6145 3016 96890
4889 4829 319838
7547 4085 224808
1615 6458 4888
4497 2799 390281
7525 1866 469180
1278 4849 143508
8989 7201 289638
3182 3852 909548
7660 815 169186
2532 3901 1077794
2941 3686 17516
4814 4208 834066
5486 3411 1104364
9662 4628 57155
2977 3086 207511
6794 1411 293927
5149 4239 320436
96 4875 1089797
2442 4851 400073
2276 8958 432983
2784 7003 570277
2240 3758 819969
