69
6741 3476 1076382
2443 6641 88044
8541 5724 206715
9727 3873 1529709
5188 6278 538047
1404 433 395
8535 1405 4994986
1904 4256 1465955
1074 7125 779231
8408 1447 987457
2128 1004 4908552
1483 21 1484688
3623 3034 3477528
9146 119 1060293
828 6707 130559
3754 8902 323504
320 9511 200436
135 4374 817340
172 6933 267146
6483 6075 4138334
4585 4991 339744
916 4862 1503142
8407 4350 762992
5293 360 2306000
9764 2281 3335941
2153 681 2329498
6108 9087 826187
9926 3800 640416
7897 8780 1778641
3442 3033 1046782
8581 5091 87430
1810 4282 891840
4930 8912 938699
9088 8882 1564815
6891 1340 975435
7508 8096 2933986
3327 9087 317184
9816 9717 175325
1465 5605 652388
1637 5659 3755013
7648 9545 808988
4732 8963 1223295
5880 2282 1075157
5575 2371 178632
41 4631 715418
2262 409 1209965
4977 3683 841599
3476 2339 1864979
5150 96 1704808
4893 2762 5866
8995 7595 582379
7477 7295 1060143
6463 8529 1487219
6089 7192 1658017
9337 3938 751770
7580 9842 4205705
1839 996 397038
2948 4281 1154221
3184 7877 338706
5759 607 2624922
8763 1388 2694127
5059 268 6134068
4524 5274 4148184
8873 6513 2329575
562 74 561593
6095 5872 50988
3930 1389 2185628
4862 4872 984922
5354 2049 1385329
