77
3786 8045 591712
9347 5738 756309
700 7326 3519699
6068 1530 3509753
1827 5270 59898
5444 2309 1153692
1965 2098 2895070
8409 5673 966327
9585 4638 384926
4773 4280 370480
239 143 1175511
9799 1687 1430920
8584 7970 213765
1378 5515 1377686
5367 9032 1932338
7545 7228 1367402
593 5844 649990
6260 8654 1119659
1285 4367 2023807
9365 6798 196847
5961 9694 473422
9340 7762 280962
2719 7170 168751
2586 5489 2608760
7856 4058 2142344
1478 3755 3931019
8648 6568 1019617
3989 9682 6015315
1443 8153 494685
9964 1332 228609
3216 2368 1959233
5103 1183 426070
8945 6242 1158818
1468 1642 639821
7983 1178 2475139
3453 4509 713591
666 930 2510454
5872 6613 903699
7923 1428 165460
2851 4374 347415
1340 5112 478118
8977 5006 2065243
2712 6068 2001813
4412 1861 5455196
7242 8771 22340
9810 4707 3365805
2789 1847 1227203
3712 1929 663870
2941 1040 324017
8539 5662 1585074
2831 5804 3153610
3987 4318 348329
4155 6533 934275
2928 3532 1344280
8926 5206 1319557
2961 6879 364007
2354 224 76043
5718 7476 806768
7970 6689 534820
3480 8897 863289
3454 4609 1268888
6985 5008 144994
6263 9790 1467158
2445 8521 39203
2419 2353 2855943
9447 1030 673063
6703 9732 1620636
6817 945 324693
241 3668 445694
8355 8960 1667762
1448 6372 650469
5911 8764 192006
5665 4626 1247737
3078 6032 556044
2829 18 954315
8758 2434 1934330
7843 4667 2664433
