64
9195 4893 2212884
531 1843 657020
3256 4230 3395357
1 7753 1721746
6347 5314 133521
5495 1433 302456
379 8353 1851273
7513 5090 152061
46 5020 3012152
9083 4348 227060
1732 5307 256644
9242 1067 1184796
8173 7637 4372733
1524 4942 4462159
4403 2732 978761
120 4840 2338419
8568 1702 314454
6016 7638 2674072
1309 1000 1972368
4209 1965 3415098
8017 2167 5297489
3511 633 2401745
432 2467 806912
1702 1894 2788544
354 8439 432668
4869 330 303447
5488 3029 945091
4430 3166 332372
3925 7168 393108
9322 9752 1121938
5683 9747 269332
8185 655 743294
3405 7861 71015
7502 2816 64814
985 2063 182436
5909 7533 4609146
1365 1763 876501
8959 6722 3483793
7808 4181 481108
1998 7164 2128745
4035 4629 383705
1470 4046 902816
104 919 2311672
7838 9569 259177
9932 5629 512317
9711 5484 356536
9962 2862 136946
2787 9031 1199965
7708 4494 472934
5934 3217 646252
9197 2282 7310748
5590 1451 1214750
9344 9291 109026
3974 3118 106488
3227 5989 3832345
5400 1423 628944
1408 4714 2489721
1544 4455 4430231
3151 4728 5111505
63 8044 203109
8393 6922 292020
6530 4293 1223653
9393 9206 2277874
2895 6593 218734
