102
172 3049 574206
9397 682 275492
5163 452 558416
2755 1467 1018719
7452 9231 1165993
6520 5490 1217077
8796 4000 282046
7224 2078 52245
983 8416 336456
9256 8362 342463
1607 2362 7073635
9671 2965 2313084
4798 2003 701191
9492 1509 2197213
9233 2935 1389677
9597 7780 1566189
364 3456 7461202
4342 725 565268
1646 3024 884920
6840 9620 469037
8719 2000 348918
2732 7991 1158669
4754 2374 501384
1060 7480 593881
28 6461 66398
9836 1892 794217
7382 53 55178
3654 2482 801534
8912 524 1157564
2029 5107 811237
2838 878 1497564
455 3916 277796
9348 170 1277808
3632 2285 251439
2507 1105 203689
5453 9273 220937
6660 1262 2559050
8755 5064 872868
5114 3850 2013344
4930 3671 232062
6449 3390 874970
4412 4224 22412
2175 8983 788359
5991 4087 1829486
1979 932 323661
2875 5785 4970006
2367 9796 423583
3956 9882 179221
4420 5257 236477
4811 5523 302274
3821 3998 563023
4968 5949 2090815
3908 3758 1395253
2028 5055 55440
4330 5520 1507347
1329 1174 171947
8458 3440 1154482
8975 7620 202144
7187 5181 870741
239 7604 1411351
2747 1876 66322
9931 6810 1723716
7988 6145 76185
4415 5774 15843
8731 4849 158324
4384 255 2193531
1127 6830 391119
3797 4196 635884
6785 8696 72402
2934 6973 252057
6832 3785 1506911
3933 2374 409666
2434 1854 268572
9990 2805 98939
1267 5648 2315609
6293 5884 3410641
188 4352 1632181
3120 6960 2804418
1324 8046 501321
8983 6637 271713
5160 6805 583846
3168 4996 190746
5183 774 548825
3739 3770 820211
2253 2225 778356
2165 9089 94053
6759 2062 482073
4412 4649 63585
2230 485 1006081
1730 489 1639603
838 3621 396216
9497 7363 278927
3990 9890 1763546
616 6759 1943349
8383 734 586548
8123 9001 651960
1443 8776 290590
9786 9829 1276623
4089 7719 522144
3546 1160 1320944
3891 499 19779
3389 1373 423583
