124
9153 1848 290894
588 8863 1158377
1143 8539 961890
1070 5178 328632
6846 3155 385754
5291 8677 5164088
457 472 325862
9193 2020 1456117
3603 7692 159228
8565 4117 9486
3609 3101 168864
3002 7745 2336198
3073 1343 338588
7651 6448 122432
5293 215 259631
9302 786 605562
6821 3285 676046
758 5289 783353
5407 635 262537
7220 2759 237235
2076 3208 161976
1026 6280 381685
3091 9451 804931
4584 7394 71400
3060 4739 1583566
8566 9339 160837
2074 2432 752452
4359 8081 2252445
383 8074 1328471
4285 8821 260134
686 5826 538297
1796 5216 32779
1980 1518 1211267
1162 8601 492104
4919 941 1956469
2906 1394 201594
4911 5077 48795
1391 9125 328643
6637 7735 701103
7894 2854 1244489
2740 8024 275378
9435 711 980685
4525 290 2690800
5617 9188 588509
5257 4848 548430
1506 9648 502240
273 5056 1034861
9711 2447 1133801
7753 6256 2426837
3172 3051 777070
7061 8027 1243750
7582 4816 1991854
1719 2859 629658
2294 2588 37953
2330 4226 541473
4500 2783 156882
5044 1667 659645
5317 3486 257143
9602 2540 1670054
5288 8739 361651
7994 4322 1129393
7857 3767 539620
6056 8260 1482035
1829 6576 3191
487 3180 619765
8155 1037 1441013
9722 1209 811519
1152 8761 91564
904 3224 114968
7124 2224 2369786
1725 207 426502
6583 96 593719
2484 3467 634760
2633 2849 2965641
4512 7005 1149943
6514 206 74360
2444 4965 107808
8897 6198 6252
2331 2026 371636
4581 763 1495280
5454 2670 30509
1465 9548 996414
5704 4576 134289
8271 6176 798401
3853 7991 935990
13 5628 115158
297 7083 1422094
9106 4315 220685
8519 2861 2054598
7304 7410 1247690
9354 7307 99986
4413 3503 160055
465 7206 853979
2337 9726 62337
6036 9432 845052
9304 9956 342057
7255 2114 137312
2811 1697 1158313
2737 8770 558874
654 9375 2089134
3814 8969 2691
4326 193 53540
2423 9162 765226
8195 3634 2914200
2914 9823 838831
8056 2013 305363
3833 4376 588289
4224 3116 895037
4165 4412 85795
82 7050 373282
8032 6250 189497
8175 2611 20961
5981 8153 2153516
4951 6225 509021
168 8277 1067993
3758 6392 397123
6295 1445 224564
4480 8632 191812
3174 9164 1809648
8542 1697 1742293
8748 4106 2224458
8691 3162 424139
1145 3298 692405
9782 8544 1785749
