58
3239 20 559257
2834 306 4771327
7346 5984 1060180
7979 2491 10196836
4349 8371 234775
1768 5921 1418306
4034 7947 1809906
6878 5336 2208300
3685 4942 117746
1596 3620 579704
1030 1583 810956
1268 4633 608383
23 1792 1215479
9610 4734 162749
8963 3472 4858
3286 7832 4878076
9545 1279 1041408
1249 9801 3368704
8170 5795 2515102
8380 3336 159105
7640 2210 1576815
7857 4792 6796985
9613 7304 1631729
8143 8354 1200428
5575 8955 6038256
488 5093 367811
8028 4962 1045182
1161 432 3760784
1719 7330 9995367
3854 1031 387855
6238 7733 178021
1901 1258 63537
9249 5796 1172633
1894 3380 2480357
6242 9422 1736429
9321 2352 1777503
7081 5428 1464588
2466 6116 364415
9400 1956 461134
3446 5229 545286
604 2434 44554
675 7052 1499720
9551 2464 365698
6887 4694 528928
1147 145 940865
132 1706 625526
4332 3101 2655809
4651 1452 873207
914 7532 950770
8883 2724 550331
3731 313 1538579
9902 3876 782747
4264 5775 2804613
6750 7654 1728532
8496 5131 581125
2622 6705 529813
3703 6805 1636987
2296 3926 595924
