75
3242 9100 2539589
7119 7166 418427
4092 6566 98343
2508 8626 1701256
1973 1180 3926196
4020 2536 3821419
5591 523 873928
6015 5157 692258
5811 6570 77994
5228 2054 27792
2683 3787 305334
2558 2039 1631525
4118 1294 1091832
383 5765 273028
7728 2970 5035600
1641 6201 118576
9648 805 31917
404 58 3607197
5119 8394 1323020
4472 4641 1427042
6681 6749 828886
5231 6390 1515291
7368 707 371372
4757 6654 713996
7596 641 105258
4229 4835 1312097
4584 7016 623946
5783 8355 512121
3275 4466 2025556
9904 2677 1728469
6205 8900 935807
8862 6140 2304964
1419 9257 1308792
3301 7572 1080710
368 70 632395
7000 5190 1664490
8798 7639 36904
1268 6502 451910
495 8189 756815
6699 4477 1322400
441 2600 4384634
2867 3494 2179812
1994 7423 3029765
4680 4917 224376
6295 6743 2200066
6792 5110 255299
3109 4584 2848728
6762 4651 1059893
6938 1565 456198
7096 2885 2741720
3078 9984 843949
3443 2795 636366
3892 5034 1157031
6595 3872 2268810
824 9061 482208
9477 4576 684502
4106 2695 5387
8846 6027 1968367
2923 7339 39656
9839 2482 4138806
1254 8686 851991
6870 1798 838925
1051 5396 404531
8359 7230 3070118
3814 8662 230037
4501 510 1581118
8046 2960 990206
6091 2644 518829
8684 4654 815769
301 3279 4249401
6534 3658 1163786
9905 4520 110622
2546 8927 919108
2855 4872 1541273
5116 4092 1854261
