61
2672 6227 5210905
4827 2359 580164
5492 5276 2134453
2669 6676 3434165
4010 2073 285341
3914 1436 53120
7555 8431 469909
2810 779 1891715
4132 5864 585999
3750 2935 63198
5188 3027 1895085
9158 7240 1758966
9130 3594 62672
6265 1008 2055981
2828 4601 861968
4922 8997 2770356
8575 2128 766625
3674 504 978523
5413 9302 498269
6728 82 686487
3743 6226 1312565
2668 998 1636477
778 638 2526538
5961 9261 56287
3496 4616 2754499
5804 6113 3876149
9034 8993 1832493
5499 6702 1946144
5610 7413 2006775
3287 8024 189932
5480 1006 3381567
3316 9293 853567
2799 9700 3311497
6962 6071 1513597
9103 8495 663942
11 1548 421655
1028 2898 462217
1284 595 752889
645 1061 5076997
4092 7639 1525266
8691 3522 1521986
9897 4825 2602552
927 1706 2946400
3127 5503 472460
9568 381 2152200
2965 1811 2736881
1642 756 167068
6310 8706 3751775
5802 8031 124515
4867 1784 4393999
9542 3624 632860
1674 5301 4976607
9399 6110 481329
6111 494 1171649
6398 7624 2045816
2061 7900 3835822
5469 8805 184123
8936 180 329070
1894 5996 759335
6449 2698 620862
7575 1693 947737
