168
218 8405 133743
6095 9751 1559831
4176 2745 1118349
842 4109 557975
5958 4471 25442
908 6638 297371
1944 8418 905374
4562 327 757
1610 4000 3275068
233 8453 2199755
2811 223 1549381
7656 9359 42601
8159 5471 499305
7400 2973 526918
4674 213 182945
3730 5117 33723
7324 7382 705333
3923 5936 390238
9386 6680 1375616
9974 5515 2390170
6656 2147 744112
3551 3330 33378
4706 6470 636427
134 2384 368122
4305 5510 41474
2076 4795 28621
9855 3040 442312
6958 1949 189137
793 87 353392
8540 6002 243593
5388 5845 944426
8690 380 1138617
6255 2335 360405
2877 5611 26059
430 1845 242417
7636 6099 1073884
1638 8151 136381
5551 6430 388693
9968 4484 70383
8139 882 261244
6220 7782 1014306
4079 4099 314396
1967 8188 662053
3322 7427 19842
129 6045 1508155
6381 9215 1148379
3443 715 757951
8005 7717 951688
8943 5393 822267
6396 8194 943080
3170 1401 230121
2770 3264 786833
6964 5172 266218
7928 7650 186448
3191 6399 10241
6159 2385 611223
1065 4423 413878
1778 5353 194581
5149 4532 114466
4037 8985 410450
4797 3690 2406478
6572 9564 741858
2641 2612 726511
4883 2234 128347
2166 1824 403954
9428 4712 634577
441 573 2274774
5659 1411 62512
1895 8169 1073596
4189 5860 413503
9425 7976 19256
3502 2500 23706
5254 7798 183881
6263 4603 41771
6934 1247 1971854
7458 9278 1856286
642 8018 1045886
7949 6980 1140346
1980 5170 28316
8142 7533 29106
5201 3247 453312
3804 2684 581393
1854 3350 374753
9236 2312 185142
7886 6982 422983
6523 4790 88125
5066 288 272145
2806 4505 572206
4990 9069 36129
1075 6274 17586
7606 8214 68406
3607 4082 159651
5458 625 21074
8967 4930 975050
1747 4760 876369
5532 660 1070435
5322 636 754516
7433 1966 377184
2598 8193 1088401
2499 7129 898969
2344 7318 291045
4071 8708 354390
9915 6116 429094
7526 4634 639188
9453 8772 1717904
224 6391 482638
9868 6568 138772
3229 6488 265881
7569 6897 135848
9918 7344 410676
1982 6768 801240
6792 6763 233469
9553 4927 540444
5478 900 763701
9883 8380 1052547
420 9399 1118016
6053 3512 1180930
3288 6042 149863
5498 4929 74422
4017 4202 115126
5573 6812 687279
6228 3747 2252328
1806 8120 833885
1837 7519 2305
9707 1229 593320
6631 8105 751360
9495 5103 1165269
2644 6435 525659
3015 4811 367810
1855 5770 1278309
9003 300 863580
3210 9896 1141217
5004 5477 205908
7797 9902 873627
9546 1618 20070
3900 9221 479188
1481 6992 79070
8832 946 19303
4276 798 23614
8002 7865 363071
3142 6728 160937
4935 4763 1583271
6204 6494 1953155
5367 3085 53608
4449 7467 324475
3390 61 253732
5236 3549 505247
3430 5992 215520
796 1586 722419
6275 326 828325
9954 7462 723925
7340 3888 58675
944 9796 197413
5007 4400 771451
1013 5526 1373692
9287 6549 1630839
7660 1565 449529
375 9263 94043
8348 4694 285531
3831 3492 390457
9792 1347 190927
4841 8516 532140
1514 1753 168189
8105 5941 268893
6095 4800 193429
4770 573 138373
6956 583 129732
2107 7866 1020812
