101
7429 9717 559939
3556 9359 80641
643 5680 107335
7794 4371 2308383
5890 5523 2026245
2164 589 1408593
7336 7787 700572
7519 5346 1086880
8870 9779 369017
3067 7502 155880
8390 286 1598632
4531 2719 2589784
561 9860 291147
2740 9411 291088
4930 3321 2513318
4400 2536 398511
1215 6361 1916969
3155 2868 709501
4838 868 976508
7321 617 784501
2308 1052 724778
846 3491 1440521
551 6718 188617
922 9170 1631435
6189 5355 274287
9399 7889 160439
7288 9830 1224237
1154 2450 135864
3671 1034 1820865
6354 4867 372073
5047 5272 36680
413 5408 629271
7682 2620 2188774
4070 8769 176981
3183 4162 963841
6860 8636 1041496
7736 5479 710091
8486 1468 1401427
9008 3755 329810
1902 3210 45790
7646 6319 1105237
5292 7608 644751
9752 4372 1810920
8694 9758 289022
1211 5268 904087
819 5144 108096
6040 647 620636
9027 2133 143165
1541 1595 1336819
1356 9383 636137
7203 9800 30558
6286 9376 2129380
3588 8429 614071
8612 9931 572420
5639 3590 2679802
2017 9393 566279
2216 2575 5062105
3783 1944 902444
4852 2595 2042364
8928 8270 1922361
8125 5268 12392
8197 5583 723736
7826 2298 2209222
6513 5138 93216
119 4243 849179
7989 5211 970668
1823 7818 1311782
7471 2855 590862
9518 2500 1299751
5755 2253 1779359
7690 9127 766185
653 4515 1140893
5292 6278 1786062
3339 2774 3060284
3702 3349 669658
9175 234 1976420
4255 2362 1226545
4828 9981 1743545
9397 9594 548684
4703 754 599577
571 1388 1381858
4591 2665 871700
4917 5221 396325
8896 6859 993435
768 13 444484
6392 9853 86350
9757 9558 375861
8418 5524 256827
67 4099 833883
7741 9144 132488
270 235 2067901
5195 7759 630564
5945 2485 769941
3402 650 448859
890 4569 7271
4274 9358 776192
3648 9727 114369
5193 5636 424102
5865 1621 147017
5705 7440 46603
7925 9367 4944575
