131
579 3372 667255
8287 7376 1788681
6960 8073 148993
8724 8368 1463288
95 5669 417567
4509 4534 110341
6420 3027 912958
7451 7494 1368140
7376 6906 1993391
6345 6977 148465
6923 3264 2432869
7518 4026 210912
5810 8972 932487
3940 3878 1830665
4119 2635 410849
5005 395 463645
5709 7213 1794457
8622 2361 33302
6460 2002 17717
9965 7963 257006
8609 1367 24096
2196 422 570235
6720 4627 2211673
689 8145 2710
4911 336 207368
1803 9894 264587
9305 4354 56855
3593 3409 178530
3768 5807 67668
1368 2257 11392
1768 9900 39957
8789 3883 564896
933 2932 548192
9556 3514 457136
3051 2568 131471
2992 5771 1063462
2422 4158 409148
4315 7655 404780
4718 4704 1234867
4690 6535 863110
8861 1962 1047647
5938 2083 1244529
7481 4592 1924591
840 4915 217383
3268 9769 608193
2941 4021 1324406
580 8380 462136
1471 3315 218608
7579 5522 542844
6918 2484 136041
7490 829 2233151
1157 6316 1106886
7475 8502 1469579
6843 9263 184386
633 3826 158473
5358 9163 351484
8069 8542 70397
8972 5439 205184
1161 575 606326
5793 6762 443343
8212 467 1660284
5426 7910 509099
9653 833 1709322
2779 1516 141902
1912 994 306935
5663 2541 618674
3283 9033 359737
6038 6956 84169
7386 8996 2105154
133 5514 1068949
1810 4032 56545
7290 2092 1329130
5150 2225 555314
6191 3529 641295
6021 758 1426185
8121 2422 45459
663 5157 1572270
8131 3275 550322
6872 6608 3218602
2001 1100 2924801
7275 2918 571629
366 1149 822980
2529 5914 1133894
9847 9966 155307
8646 3164 196124
7280 3424 986633
1591 8817 22960
2446 8256 245876
9330 5450 1923348
9442 1192 1155226
5197 4822 317124
4815 872 388294
6228 6383 697761
5397 1461 956620
5087 478 415201
2416 4171 370677
4246 328 3754074
1593 8191 510647
3642 3873 202667
5902 5839 660400
8363 4115 1081523
6592 9866 659695
2631 417 912650
6443 4440 144479
8213 2094 149258
5582 6196 1446785
1691 9021 846186
3751 9601 2330937
661 7052 205455
3920 154 91746
1878 2391 141347
520 6122 159624
6668 9714 884890
6839 1909 95998
6648 2991 891796
2435 7807 1928824
7186 4343 182132
8918 5372 513268
4487 1141 4805
4197 21 136208
9604 2288 118981
6774 9355 486583
2702 30 2159633
4838 9488 25364
9719 7739 3185664
4000 2490 327135
6469 6351 853781
8806 843 327354
2166 3382 419245
858 2574 1410393
5110 3474 235963
