79
4689 7750 862447
3784 9170 621054
7090 7085 497073
1250 8737 157693
7640 1368 2352573
6916 2249 588305
219 5575 386297
6568 1429 2239776
6846 9317 1152444
557 1959 720495
6880 5622 2100477
9590 2760 413685
1987 2490 223734
6381 1140 3018327
6477 418 22592
5494 3748 1590133
5770 2876 782568
4094 2804 5126077
7325 5289 391364
8944 4874 2225
3604 462 1589019
2592 8150 1534568
7789 6968 1620924
2194 7637 2425387
3837 777 598599
6073 1802 17376
6177 5501 929640
802 2063 1181310
2781 5281 1884081
9433 5741 83877
6366 1503 895589
9474 1909 401041
9048 2819 910133
3563 333 445188
3610 2865 780399
3875 7659 5036671
7606 137 3084914
1356 1996 1298480
3218 8944 2051438
3535 4836 293557
4229 1082 1379246
1158 285 3227174
2375 2055 2296341
9151 7036 2785094
7554 1302 205898
8255 6692 26541
6373 3862 25004
8552 7437 936152
6067 4991 2374418
2851 1561 2485925
9676 3714 120756
2124 1164 4040871
941 610 430429
8456 3535 67251
2396 1694 720736
828 5888 887968
5735 9435 641909
1450 9597 605284
6558 8982 1048568
6560 8246 607435
6027 4668 1192324
5828 4523 733141
6229 6557 335231
604 1824 788961
7147 1424 1336144
9109 4116 6005126
5382 9258 3106532
5145 7520 316416
4056 8536 1760650
195 2740 258779
3537 7565 723007
6207 4148 171833
1280 6257 1333636
6245 9753 130601
9957 5591 358925
725 77 472511
9175 4866 3170436
4249 2096 1287964
1160 2230 1293253
