88
8416 4116 185347
9763 1052 1564813
1277 9841 160331
9514 6750 943456
485 1725 85312
3159 3993 167115
2053 7270 135392
5050 6297 2642264
6056 2233 41116
1969 5143 778051
7871 3152 1032454
4469 609 5048076
4371 2757 1115995
1543 2303 1177118
1578 6070 907858
351 3824 799623
611 4776 1072697
2646 3434 238454
9219 874 2891271
3659 427 1421874
5179 301 1705707
6397 9768 754834
1322 3213 667873
3498 3395 1155097
3191 1130 2255784
9909 2404 941796
552 8871 213633
7935 5790 439378
5608 8101 46060
3614 2024 1247008
8646 6066 646361
8201 2702 2126580
4647 4148 132938
6344 4987 848860
3933 6762 1485034
6669 3152 705491
5649 4670 62830
7792 6771 1126895
2769 3965 38713
5653 6662 931273
6744 7739 923020
9947 3838 831859
8203 320 144214
2045 9598 309979
8933 3017 746961
1511 5773 1576654
2308 1246 2365330
8203 2049 709875
7548 7640 2876522
371 857 292992
6077 1704 1345091
7026 9437 350487
7238 4513 1694106
7830 7393 2654133
8872 4401 42321
5681 7587 1497917
1379 1675 784514
3360 9078 370810
2842 2116 1689740
7359 5955 609436
8710 306 5045503
5483 4367 1390589
747 2587 1828878
7432 7311 320731
6285 1070 903858
6859 7648 1316550
847 1581 185736
7695 9525 3067665
7169 6261 3817369
7875 9866 186449
1515 6238 254016
2675 4001 141401
1433 4828 4372649
1590 5880 19107
346 6731 820449
3954 8286 1715470
2390 5106 1094189
7238 1039 1106798
1126 9785 1615018
542 6220 497628
3998 1026 166394
196 5316 263707
6734 2432 640341
7488 9904 85887
4893 5052 2903001
3609 8319 1982212
5166 8557 2308471
7174 9463 193211
