156
3330 110 1159255
1890 8269 2539281
1400 4332 717780
771 3893 8214
567 6289 62622
4503 6372 44690
3173 991 221871
7824 8025 53488
8388 7191 48589
478 6350 598836
3984 1494 740613
9179 698 1473409
4397 8056 46131
2142 4739 504584
8085 9148 141497
4854 7180 419171
3793 2220 1049913
9260 624 479809
6866 8712 255576
2597 4272 638004
5258 8118 20080
526 2178 331747
6452 4065 1834157
2422 7877 1232661
9074 6885 671743
1187 9487 174041
6436 582 236840
4389 1966 278227
8151 4336 2330057
7170 6059 554115
9384 8361 35809
7930 6517 592333
1509 2916 450912
2866 7243 247142
796 4135 285591
7990 9532 117623
8713 6770 233956
7487 4146 3111274
1837 7309 961370
4755 9425 410582
1171 7151 4314467
7546 4210 13287
6427 5842 821065
9645 3466 154807
145 6169 29117
4070 9123 1105564
9872 3114 297355
148 2100 555777
3445 7439 2238371
1777 6450 65832
8164 6160 197195
2135 4388 93571
8817 448 21611
8449 3068 255344
811 414 5602
5640 1361 1133439
3140 9431 136178
1315 9176 375297
11 6318 248712
1184 6857 625413
3524 9926 282492
8850 7270 536372
8044 2544 1175109
4587 911 265220
6772 5118 241798
3271 3032 1810531
5563 6545 582468
8728 9480 36197
2929 5143 120840
5486 3240 1252729
5612 3366 550870
24 6846 1368126
3458 2368 659166
8138 2259 323307
6759 6262 68481
3112 2630 371760
5688 8866 639304
7256 2208 705650
6200 6832 1746213
1952 8298 404939
8290 822 6608
218 4355 2131998
6605 5697 686079
117 6135 739985
3410 4978 628908
2620 70 619608
1016 1379 8288
9384 9551 3518356
6771 5692 1269844
6141 9213 254062
8621 3742 701617
9568 7511 1516956
1075 3406 269360
6556 3421 622767
5480 3346 301476
825 1714 379617
8916 7406 816622
5948 2427 2494545
6805 4377 78182
1246 3187 952372
8230 6272 589238
8126 6823 352705
7108 7029 2032383
2282 2643 34836
2618 9716 140126
6239 3296 346102
5368 8078 173488
9619 6661 1100820
5145 2433 83560
8046 2098 1352815
9728 6567 2604157
6311 7503 16282
1951 7470 723419
6582 2394 37863
9785 7633 425710
3291 9807 38636
5120 9450 147551
4421 2675 1251907
8977 5482 522474
1554 1740 309159
3368 9180 949759
7251 4596 385398
3268 2932 902527
2686 7499 1342903
6668 4722 118807
1335 7821 54779
4562 1771 285521
6931 567 1122024
2285 251 22460
2541 3040 463710
4986 4641 318438
9634 5567 293319
7659 4143 2099683
2776 3602 692330
3262 5317 3301
4795 2604 312784
2652 9026 2149984
3099 443 175445
5777 6044 447030
1700 9213 93571
3422 6851 483131
9721 3051 679622
7347 1985 928635
6052 8883 17489
6455 1869 1044703
8436 7176 536251
8889 966 238596
7795 1398 15663
1535 2157 364547
8447 1076 28181
7241 4043 569195
2736 9342 95327
7190 4525 475492
2759 8873 60490
4271 4196 525131
4208 8849 280124
