79
8677 8382 350698
6277 9855 2044888
5370 3744 1119521
2247 8159 3951683
6203 6734 1999345
969 5845 860102
2149 1796 273202
1495 9885 2533994
3252 5275 540528
8684 5318 5038406
6979 4977 544366
5883 3040 1512779
9840 4546 2093973
707 7681 21957
2094 4551 1850435
9609 157 1282835
3036 5799 2247148
4105 9909 1779451
4210 7955 775072
998 8928 4329031
3019 5647 168728
4512 5324 1060177
9686 961 630884
4492 3295 2487618
9783 5954 826466
4221 556 674892
2817 9006 1019925
6226 2667 709139
9700 2433 275863
7216 6916 651496
5010 4123 926371
5526 7007 3631829
8962 3859 1053415
5493 371 346117
4586 5556 183648
8483 2697 222089
9710 8377 411181
4986 7525 40366
7819 6201 904469
4944 671 74626
2209 4510 500259
642 5407 1420000
5066 4974 727800
4299 6031 44779
8981 2280 2846
1847 6474 1446111
9237 8023 4269782
6017 9204 142605
2549 6464 1320972
5800 5235 2721324
9341 9239 149216
6533 8406 915608
36 3904 4593915
8717 1217 1732177
8666 7905 651002
6485 2518 794095
8854 8231 1899186
4014 9708 1678049
5548 5006 1052928
5076 3612 219609
7292 8675 1018252
781 1145 774733
8150 1349 595816
7349 9680 760690
191 7627 805652
8102 3771 598937
1800 1922 1504916
8187 5768 1430919
2232 1138 2982368
9994 6995 83662
9256 8110 2296393
3608 6043 174182
60 7022 402054
2563 9398 2882829
4468 189 456734
7743 5083 3620072
396 4071 1147246
6002 2372 284547
7359 7893 449022
