73
6409 2315 1692418
8926 1729 206199
9803 3521 6852698
1014 1285 1602950
3409 4416 788831
2043 5604 487872
1175 1607 929013
7297 1181 676616
451 2302 1057257
4686 1285 5238616
9422 1441 2174512
7842 2224 270257
1633 5429 288106
6399 1517 1652013
7854 7746 520478
9542 1544 1347776
6404 583 222691
1721 8306 1680412
7206 9360 2216979
4207 6175 2165070
2203 5303 1249660
7132 7096 1980860
8191 1133 748792
4327 6359 178282
4480 9671 140930
1624 9735 186315
6832 5672 312306
9164 5552 223647
7477 3 2636510
6048 8800 1179618
4782 1403 1731537
9919 4296 2992873
3647 7496 847202
423 9728 1675034
7102 2127 655401
9788 2641 704092
9724 7739 1430112
3644 7504 941815
2049 9305 303356
1145 6354 9232
143 8269 405486
2927 3884 775833
7672 4730 829882
9644 1165 651488
9972 1399 2112913
5821 434 138996
8009 2475 1060483
1629 2415 1008498
7705 8176 252650
390 4556 2618015
6100 1865 615090
2980 9173 1387866
781 2976 1404326
2052 177 1963560
5818 5581 637715
8592 3766 190296
2653 5363 223766
2161 3311 48060
4971 2128 2129927
943 8525 823508
4133 3523 928389
7910 3589 597070
9899 5874 12563286
8499 6809 896809
7779 6264 1512728
3279 6445 654114
6007 6297 901557
2972 9491 2448702
7098 6495 633869
310 2420 5033704
8273 9501 600952
2316 5036 1511799
6056 1163 240325
