128
7373 2102 440211
6093 6013 4118881
4311 3950 867390
1030 7005 608252
4727 9560 205680
7524 8670 192901
3255 4633 440090
9141 4247 558922
9980 6854 176097
4325 8082 561516
8516 1381 86417
5078 7161 283718
6214 6792 298847
5192 4843 638586
3842 727 203409
3118 5276 1107161
5794 5435 1083108
6484 890 1190151
1392 6507 827476
7660 2762 922668
2555 3529 8080
7241 7982 424134
1350 4173 922359
1520 8596 1096788
9428 6845 90781
6291 8997 1336219
3705 638 1018037
2754 2781 1759461
6540 7885 650810
4496 5419 1214624
5065 5071 251233
7124 8403 145502
4579 1152 206662
4341 9659 277693
8306 6871 304184
1168 4012 95596
14 8327 1164122
9968 3376 250315
9475 1383 1264971
26 6790 3694416
103 7550 102421
6036 1715 469432
2381 2767 2174597
5527 632 69824
2103 5249 455889
5882 2467 49296
9381 523 766154
102 9529 1027381
2059 8036 1648071
7012 4261 966844
4886 1557 344281
8306 6855 117422
7643 4342 1897158
1804 6490 968984
3392 4389 908846
698 1591 1171747
8408 7977 576201
1786 5888 556281
7635 95 777034
2147 8567 1165210
5736 3820 49777
2615 4358 356622
9898 2188 3425544
3490 395 422009
1907 1599 331445
9823 3786 2369103
1685 2142 306599
574 590 472033
5802 704 321608
5439 6846 542540
3982 736 29702
5687 2406 322447
6676 7588 1279369
240 9999 217276
2224 3588 745923
2789 278 713169
1614 772 66669
6730 878 520389
7252 6350 607343
1394 8843 1620427
2259 6781 1039062
404 5725 616084
8102 7158 104322
8499 2827 686236
6834 4575 1263475
1303 3776 414712
370 5346 2439867
9865 7550 1164320
8210 491 2192093
6271 8910 107107
6592 535 1137325
9755 4713 396309
5005 3455 148363
3786 558 158991
9147 8392 2918643
9719 1009 550611
524 7151 11197
190 9715 437568
2056 8581 2164700
1786 1128 1502339
4892 9196 1028209
537 1218 111575
7834 3211 326967
3727 3721 604406
9223 8625 514021
194 6163 269819
8317 9328 1783967
4084 4684 551311
2083 5301 1330253
4171 2379 492888
3468 4623 335775
8557 6469 62216
5550 2676 70991
5885 5735 91260
3686 5664 1934332
5616 452 63772
5085 3377 228646
9674 9449 256808
2624 3354 2583361
1149 3481 414299
9339 9560 520137
7219 7123 1988280
9292 9537 133923
1082 5245 763719
9897 7473 509658
9577 1120 571625
5355 2465 48136
9683 5328 1035787
