53
8021 7360 289632
1708 1445 1341280
4861 3672 204121
4970 2155 2722899
6282 8337 1991182
7264 2456 2160308
1569 2805 324185
3392 7496 35613
4936 8828 1639827
4988 635 1345562
1332 5830 1753591
8677 2859 195730
842 6917 2556353
1127 506 1164346
2463 1475 569973
6026 7284 1864251
9609 3419 2770735
2024 3339 1877349
3447 7463 344794
8611 8451 1968926
7904 3155 631008
327 7514 3296651
4053 8536 1120985
5682 602 325428
5328 4540 1377590
9866 1505 2797414
9937 3664 1527204
6190 9083 1419133
5001 1467 284204
208 7967 2553255
9178 6374 906055
2397 489 2474570
6442 5400 2388268
592 5481 8388503
6894 9343 2423628
1798 6281 1851191
611 2960 660229
4359 4418 1661973
3328 2277 395614
8078 7428 53621
4877 117 1982901
6538 5330 1805579
495 6264 455238
6471 1982 649026
231 5443 834139
9726 4437 883169
6798 2646 2753655
5299 1986 2440878
7573 9749 3897836
8829 7108 5797964
9379 3739 1079532
5224 5279 7663212
8663 7504 6099690
