122
6560 2897 179838
7570 6677 639740
3564 2941 3529410
4076 3953 313306
9272 7736 2351271
1864 4072 493019
1447 482 1528963
4059 9136 523687
4142 9511 222008
1549 7819 164794
1455 4787 49331
2481 5206 738281
5550 7205 94914
7035 8420 1743202
8394 1810 1005594
9695 55 158384
2697 3010 1178299
7033 6659 1420106
7939 8686 203180
8577 5931 536144
5446 4003 40268
8510 5212 106548
5741 5127 446057
9842 1240 319129
425 9488 234313
1729 4851 232308
2390 9787 819137
8398 3005 1046672
3515 1855 2276956
9239 1540 1954833
5097 4948 865794
3000 9403 185925
7708 3362 314771
3260 3866 734560
218 6617 257468
6304 5375 88439
2840 8638 4924
8257 1113 1467117
5514 9150 1035838
7957 3185 208518
1577 9398 570107
8420 3832 3147480
1051 8671 1113973
8949 7681 838077
6779 3231 2385158
6548 5303 1343781
5977 7182 670537
3738 516 1137274
1461 146 272870
6707 4606 407069
5559 7140 402778
9151 2638 137793
6753 7258 889582
6104 2416 298607
9601 3923 746428
2422 7636 2758429
6284 9758 1792273
9386 639 2683622
2477 1510 1170322
7293 9214 488153
7615 3946 36650
5457 6684 285531
291 2334 575954
9958 4235 1313198
6304 2106 21939
835 8578 556481
6428 4488 59958
4108 5103 93066
7256 4232 398286
4392 8880 3642390
7120 388 890935
5593 5551 1258878
6419 3855 297268
8206 6742 265737
1288 3587 563096
8251 3497 319707
4955 4555 44309
9542 5754 70982
6130 8527 695134
4467 6680 1352506
8198 9424 392839
8003 748 582370
7367 6971 1727774
6893 2395 278627
2905 5253 2796757
2147 6028 3313105
6031 6280 415327
1942 8887 250020
4633 4658 1123877
5586 3217 1811986
9827 9916 863602
759 6053 2896513
271 3751 432089
1491 5838 140432
4386 3294 18654
8319 7438 261572
555 4472 98541
2847 2134 95503
9914 5274 2538506
224 7765 1783417
7111 1217 155221
8150 3262 605245
6876 4366 933295
4148 6515 878295
3988 3154 17569
2197 1703 206754
4544 6229 255058
1677 443 716908
3775 8409 488148
2703 1089 186579
1713 1872 155155
7272 7591 1157306
4073 5840 84404
8140 6850 1789511
2367 8041 126612
4939 7940 2537971
110 7335 79702
5708 5173 453926
6444 9275 94650
4682 9553 1196029
1000 5565 79152
9360 5955 271635
