178
6301 4678 162698
297 8147 712916
2992 8774 60567
4949 1214 1089170
111 3934 1780079
6554 13 1403810
5981 4160 12732
702 4547 214220
6651 4920 82094
7751 6902 312433
9308 5292 660743
8917 3823 1546466
6531 613 952865
6594 5578 560440
9541 6034 1547383
6023 6982 37211
804 9187 333501
1587 4785 418462
1394 9922 328088
2229 7031 807655
5024 8627 879737
8220 9028 168387
3554 4327 139450
3058 629 365601
2446 5957 617734
5061 7302 371885
2447 6817 293197
7244 9612 699183
2904 1342 16769
7355 7447 143675
214 3010 522211
64 1925 1023803
2639 7288 307813
3532 7588 1000427
369 9663 485872
158 6446 416149
2424 9461 1132261
6902 6155 2225998
9109 5681 177913
2152 1492 38104
9252 4092 714976
206 3052 125853
1855 8110 926176
4218 5396 281977
7119 7178 1354608
9467 6711 1091397
9694 6648 305202
8779 8962 32833
1796 1270 179038
3403 578 356492
504 3903 669785
1454 9635 751844
4972 959 1003707
4468 6350 250505
7373 1979 10561
9921 924 500442
3714 1714 87041
8654 3130 401822
4743 7273 7435
1113 3016 250779
1206 5862 540704
4583 3422 697809
964 457 869413
8561 6716 439440
9561 5753 646745
6255 4724 797478
9797 8783 177013
5817 9827 741885
3637 9292 184439
8014 8230 40313
9623 8712 642323
5158 3646 522368
3855 659 521833
1515 7809 1514350
3996 7645 253440
3266 768 160479
4007 4865 807705
7998 1848 379154
409 7601 155891
1421 4494 1311535
859 5588 205389
1886 8535 146004
1498 8353 402408
4326 2893 399798
7842 9482 1440627
5531 4436 141857
6094 9226 957058
6655 2738 356563
5996 5995 1184322
7092 2653 28836
7401 6816 428756
4966 9020 464209
447 5371 394337
890 8048 1976255
2510 7368 718531
1784 9385 528564
4301 3702 47556
3065 8876 709826
5770 3863 375425
753 8402 1466488
2780 1151 1233002
1410 2527 226695
3445 6300 175003
3204 8862 388411
5720 2921 696049
3517 6244 19380
7584 2991 55341
1171 3834 613697
5634 4226 22541
6860 4901 508896
5147 5341 265382
2485 7201 1069424
6456 1260 645239
5577 4715 155832
8736 9829 60332
8841 2859 420901
3670 9079 41502
8867 8404 486718
4188 7530 454005
8087 7897 1347902
6611 8373 41137
4472 8476 1062813
9514 1826 289773
9591 2664 1024908
764 1935 152578
5899 5618 591202
1483 7733 965384
6009 3961 100179
8094 192 700281
1153 4592 556578
36 4007 209935
204 5050 1779370
291 4130 140010
8188 1506 602403
5415 8350 232095
9579 1335 35444
2247 6977 426942
5340 3065 62336
2789 7880 153690
8794 9985 56456
8193 2401 434275
8513 2947 1380393
8866 6918 1047285
9708 4398 728260
9554 757 232947
5334 829 724518
5263 7888 2443030
7610 701 1524468
5895 2278 825955
3525 6253 100093
4868 5758 227646
9067 8390 293014
6176 1288 250559
8168 7106 391245
7960 568 9452
1374 1735 301222
1183 6412 283097
6197 753 18607
7527 849 488842
1423 123 550801
7316 8956 1273127
6481 4893 1787085
6950 7088 324906
3156 6909 210782
8553 5073 110587
7499 4969 435696
1704 3038 326036
5844 1390 373729
7049 9982 150217
8453 6933 165898
7196 5742 1317489
4932 7029 284331
6962 9016 2481836
4425 4012 633736
6183 6061 1734314
4803 3951 35148
1015 1587 213829
7462 2421 686478
