62
3876 1047 1058841
3578 3882 27542
5991 4296 1131086
1133 5175 428214
9915 16 2910145
3895 4652 831731
2803 1800 199484
5 8599 1273431
4068 5948 275521
5928 9267 3000594
2378 5967 315949
1310 3358 1125296
3664 9470 47517
8827 3232 1610672
1886 4101 86674
2035 7012 27830
7969 2523 3098742
1986 3843 2026562
4384 1009 1646748
1630 4266 44607
669 8849 248835
3136 1242 3429418
2885 2018 15592
2527 9244 138285
7354 6161 399250
1466 3504 3039210
6663 6448 568841
9656 9277 1413436
1020 8467 1188260
6532 1962 253206
980 9129 1381796
414 7580 3135809
1711 3811 2623825
1224 6190 463588
4144 8722 1917201
8920 9272 4319290
737 9130 1862289
9508 7017 229307
4986 1502 5625074
3913 6087 1298687
1588 6354 140084
9238 6386 1263422
7574 2677 583254
6479 2493 1033686
7285 5709 201210
3220 6812 103934
4765 9865 1849459
9763 7648 1522860
5031 3827 209469
9245 8594 170998
2091 1603 5862861
477 1640 6105674
3941 4859 3198484
8520 2633 606311
8605 2169 3268076
2517 5071 62283
7751 7919 2832159
9907 1752 4071733
9932 7382 2684295
331 1921 3523660
6171 9964 2362291
8997 1239 3625412
