64
1261 8684 11102
1658 9162 2627318
9145 3897 2585219
9577 2104 417909
3026 6919 550680
2377 1848 1364474
965 2137 1498251
9956 1285 164979
1856 5868 547428
8829 6281 1946016
777 2740 1064138
4755 4458 574336
2180 1493 623657
1081 2076 332386
7839 5419 1087477
8994 3234 492368
3198 6861 1827493
641 9520 1144359
3960 8280 1177636
3204 7754 891987
9916 5958 1707046
6542 5355 1211683
5442 3799 2157954
3434 4946 223238
1319 3170 2134650
5618 4808 551665
7924 4651 327978
7593 3873 1776755
737 9918 5664134
6160 3456 665941
4556 4232 4595045
7101 2755 4114355
3754 8196 4725915
4353 7524 43034
5245 3206 182503
8096 6644 2792180
115 7587 1230403
1591 5313 20483
8279 8653 1643512
985 8942 2882221
8561 1715 3424257
8325 7984 3255692
7785 6825 2362472
1105 7270 1674904
585 3441 1781845
8069 6480 3273772
8622 8551 833596
8817 4457 1631524
4099 2427 1730985
8512 1535 3519713
444 789 601039
4904 3687 103491
3988 8952 166721
9950 8848 2119844
4057 5319 1277767
4026 1760 4728812
6192 3748 411637
5915 9353 1490469
8493 1037 214804
8536 7381 367124
5777 1144 1376508
6370 6577 73073
2897 3081 1147110
4637 8284 2852933
