58
4582 531 217301
2551 2382 311283
1857 2849 191454
9246 9221 1781070
2938 3393 1200894
2217 7164 283545
8981 9685 3056640
6652 8396 329653
3986 3181 5928812
6568 1329 1723732
8972 2763 4418213
9032 1464 2858857
9646 7737 64309
2516 3884 622940
1740 179 143178
8490 744 357787
520 895 2325065
1683 9127 2884443
1541 2263 1063896
2940 5724 2739081
453 5596 684902
8677 2975 158925
1530 4932 105559
7873 9274 2288759
2576 2541 1365666
8662 3700 1676064
9343 4134 1088042
6240 920 1912192
6530 3832 998206
4359 5161 2718415
3367 3580 2032326
2980 7587 975186
6582 7447 564763
5314 9533 3977297
2943 804 3956003
8506 8612 1795748
3297 6105 2301710
8128 8389 1212182
966 9993 2288922
4306 203 2420764
5719 6905 3023065
4238 2144 594676
9749 3289 2103147
2659 7298 4150148
6076 5934 104708
3720 6161 1354017
3610 8525 792268
4211 731 450080
4987 3074 1514617
299 9168 801139
3233 7875 1771243
1648 6453 797703
2898 3160 897051
4450 5886 103589
9220 2194 3078204
8051 5138 1257578
6236 6821 8852766
1296 9120 1330217
