103
9940 4370 52853
545 754 373800
8930 943 730696
6652 5064 852856
3999 3045 1763643
9519 6561 1807497
4987 3331 994294
7021 6214 136268
4184 8839 1638595
6516 5628 170056
8533 7578 384111
6088 863 6038267
9743 8936 4108926
1926 7816 477399
2057 9339 7178
8345 4297 91091
418 8993 1566497
966 3798 804288
9373 1969 87786
538 4919 815343
9111 6397 621679
820 9938 61995
7297 8971 334224
5705 6834 321174
5473 401 1143977
7576 1398 56404
12 7007 227897
2777 6156 18474
5361 3225 595986
1542 6656 410438
1496 3293 910228
4731 5005 1149993
1005 2681 148057
405 4615 615851
7841 3473 1736839
570 8924 171457
1654 2320 211334
1408 2955 1787851
1820 9737 312743
6314 7669 454511
4472 4965 899128
3849 7312 1365427
1299 2972 1647135
2048 6854 148489
4400 2545 1707213
1056 7850 802
7774 3857 1343250
747 2194 897442
3734 1780 675895
1356 8019 643144
4726 9666 706428
5871 6934 519739
3525 5669 383399
5201 2737 919676
1070 1086 1939221
3191 1551 540555
2666 3274 581025
9065 8427 536180
4482 205 128328
3767 9102 1006997
5474 2653 1804215
877 889 685700
9854 4473 1934727
2186 1229 2370800
6081 7599 322082
1394 589 34729
382 4839 277778
6536 7236 2786500
1736 6175 1110446
4628 3585 839660
2276 3738 493169
1062 3661 2383796
4594 5442 989107
7276 4012 220236
4174 4942 800509
3396 8531 121271
5257 9221 55716
6541 6014 1126150
2443 4192 3172760
5793 7202 1072321
5916 3657 245629
761 3587 3648175
6353 182 1806829
5396 804 748889
1665 2462 639066
6987 6052 396923
2199 5882 938143
7729 5407 264815
9859 1518 14644
6000 7906 1724286
1677 193 1120600
312 5739 984179
9026 7935 1165408
3693 2844 4575744
3404 726 1397584
9000 6323 1338734
8047 9412 566386
9599 8114 220916
2132 6011 1047720
1610 1260 14636
2939 5373 1650665
9750 6956 49422
4707 5419 2056906
