61
7651 3553 3851132
9485 1885 2132153
9143 1696 1369128
8002 2240 2524061
1642 4753 564236
7168 1901 233769
674 8291 1253264
9383 493 2884642
23 8798 362188
6880 9017 973180
4778 3383 3223528
5307 6015 1451030
9630 5023 1986745
2066 3537 1765868
2546 3208 111061
5716 5836 1689115
4016 6716 6436746
9255 7617 240029
434 1808 3478263
3644 8027 2111000
8837 9806 862015
5782 5193 1687754
4270 9395 3226852
8524 1647 1040961
8715 8278 781037
6034 7358 749194
7959 9050 591680
8387 585 2036130
8301 7990 2166275
8960 4374 1261081
6846 3880 2466998
7515 3042 1074027
3728 2724 197866
6958 2740 1360728
1621 3128 102084
7630 5651 824455
4605 9785 1841997
3420 454 64292
8425 7532 135423
4782 3368 59738
9204 7607 99096
2237 9001 1538176
4059 744 264685
7305 2698 2271873
1499 6682 1561915
2062 5509 7819742
6012 6635 2944218
9778 1652 3202377
9574 3998 295465
4567 7204 218947
6224 6624 7737019
1164 1916 571627
6109 5938 1726227
6711 8482 690109
3427 7008 1755577
1208 7414 25823
3378 7840 81230
6530 4523 4527674
4073 8953 446913
6144 3669 30502
6210 8709 1019080
