123
4030 994 1924702
633 2927 13503
1135 9602 729737
3696 5382 379380
8105 1525 760984
8159 794 1157238
3439 3120 1437047
9257 5013 1435720
3182 27 10846
8236 8371 1056263
8684 4489 1334919
9213 9662 347245
3318 9877 846457
6451 242 1693745
1499 9379 1659460
9705 1489 1458250
6154 6317 98915
9998 2660 47387
325 1801 620351
4921 7527 123870
5481 8752 786497
700 9596 268800
9486 97 1535440
3347 8963 408464
7450 9022 1619776
2409 9606 2104510
1812 5703 105436
9060 5348 151142
4214 6629 1078539
1399 1592 180817
127 9558 312926
4007 7072 680204
8127 7226 402006
8847 8088 852203
7204 1541 716598
7343 5508 422310
166 4339 2039686
7124 2523 1072066
548 5919 1629228
8174 8177 189559
5959 9823 339765
4880 9677 185638
9815 8937 1232413
2866 9224 1438112
4718 7403 51675
9966 2928 298855
4238 1935 263346
6748 5886 348086
3139 3868 112013
6184 9931 161909
4323 5856 1049731
653 1023 360482
1384 4826 483583
6166 3739 403625
7919 6262 1367253
8690 1011 178620
3686 7973 176128
7865 5361 695874
7900 5396 3297794
1748 3595 4126800
6708 5790 527885
9657 3166 273506
2355 1279 79008
7346 3283 476070
4527 2993 57751
9701 6296 5806
1501 8522 101092
114 3669 1801407
6941 2969 336633
2881 9322 488217
9186 6156 189648
3770 9040 57137
6865 8882 175759
8798 3023 342975
2443 9585 470401
6525 2852 422117
2510 6801 798285
8393 118 775687
3132 8334 1784806
3204 3790 452207
8754 3307 1095504
8935 1738 32663
9610 7539 204940
6339 8678 715110
1178 8238 17498
5786 1567 1800550
6965 8005 388922
4346 158 1064126
5407 1554 139728
8894 694 462778
4257 9417 220282
8699 7202 543240
4160 9748 2163242
1162 565 2275704
9899 7412 1928188
6166 2057 1103319
4246 8704 1917229
8766 875 16036
2552 9251 1309671
761 6298 2835
9983 4373 391133
6188 9138 557014
9177 5760 1458925
5921 8271 2382007
1890 4499 418677
9422 5969 3353174
722 5745 748526
8897 1461 162800
5616 2086 602810
4624 3953 367789
2721 3271 1501042
3029 9368 1435403
3060 9297 223305
5408 7384 770294
8154 5391 980124
9545 9119 387417
1156 2232 564174
1898 3041 1575614
4269 8652 887640
2816 9643 1048990
4661 9315 760980
9009 2120 1096287
7860 9255 1043985
