57
1692 5999 5846129
3808 3673 4593754
8874 6754 390115
7862 2935 2887102
2364 3055 1496142
6334 1049 327672
7424 7157 4832278
9259 1733 1449882
1196 6088 473946
931 4695 611914
9879 194 1072558
4319 3060 366291
358 4023 1488870
727 8445 4906401
6055 9507 66319
1805 8610 1190483
516 3322 1222764
1243 1503 111934
4231 9361 1119991
6996 76 824417
3383 1438 2139658
9828 2366 1802822
4724 2314 1004219
7720 4027 332962
5913 4060 1278006
207 7124 416713
9008 5438 1695343
1807 3484 1196035
3936 9670 4846233
3717 3760 442657
9293 353 321918
7131 6013 811272
8596 2365 2818530
3686 5068 1441969
6611 3557 5159901
4216 333 3230184
7818 5494 1187318
7393 9743 2076726
8755 5790 175255
9636 6351 2539340
2232 5197 1097150
9215 3945 383571
7229 7449 2797385
359 7165 6048803
4166 8058 342304
4834 4331 1994644
9892 3989 137225
8388 6016 617885
935 5983 1597963
9600 5217 2461607
9700 12 480225
3599 1841 14062
2342 5337 2383667
9185 7990 6364523
7409 7930 59895
9886 1939 2980260
9288 8300 42808
