93
9901 4800 126154
517 7827 8231
909 4841 1520778
3872 2584 300957
7333 7452 1149260
1605 9083 4179851
7570 2750 1555179
7883 2829 1136370
7909 6975 3343045
1846 3787 32109
816 3733 3366100
9193 6480 1683990
7146 2555 365744
7742 9377 725036
4662 9126 657196
1705 3691 815277
537 9384 204117
6643 5371 738654
8336 3160 2367430
8634 2969 716703
591 9460 86547
4226 1231 380057
3267 7436 187850
684 7626 1476532
842 1746 1598427
1803 9247 1292739
2219 7075 186764
2303 9217 552858
4707 5251 728791
5680 607 1812622
4496 3920 1112939
8913 4672 1057325
5736 2606 1301643
7124 4857 662291
8685 1396 1694050
9661 129 1318933
5987 350 3316421
1294 3659 209683
4099 1461 395132
984 1297 1137119
8438 2511 322874
7608 1752 6443220
6490 9014 3731132
7513 647 946431
1205 6724 1100231
6681 132 1285383
5430 7831 2233592
5462 417 1209625
6524 4389 244602
5430 8269 822272
8808 1122 1449391
8976 6320 2138842
8991 7494 1223760
7782 5829 206876
4103 335 895900
1096 8164 847894
4099 4178 1737305
3813 754 3027230
3404 3265 742432
2759 4831 897613
6143 6599 196042
6750 6878 465257
6054 4674 710745
3991 310 739274
5738 8157 1314413
8358 585 887395
5832 4011 444081
9446 4319 491894
2392 3336 574092
2580 8120 1957190
4487 2065 540507
1814 9469 347056
934 3458 1189868
6212 1654 1096346
2498 550 42527
9803 2641 178414
5773 6919 675148
7815 3908 439606
4959 1764 1676461
2621 6412 1593906
9643 6483 832472
2831 2314 159339
3107 2985 314887
8647 1019 1711387
5912 8811 153347
5268 4817 751462
3370 447 1536
7740 1747 328965
3961 754 429449
5332 6909 1250261
8332 5665 383156
4079 4468 813696
6269 6046 302312
