190
2323 3504 692093
6814 7698 234785
9971 5923 1010784
7459 6567 287612
2551 2762 35741
6087 3336 375782
1184 9814 231281
2163 2326 218480
2451 3220 478216
4317 4951 601766
5681 9084 410069
4787 8298 565611
6267 2658 1184
3146 2568 405276
8377 5977 303798
1656 7133 663853
4446 6916 401732
3929 4702 424938
2274 6871 766822
6462 3112 802001
3535 7795 299221
3428 8543 540845
1822 5267 121175
7348 476 21649
2424 9296 1537335
5419 9194 1377612
6228 6179 502934
4044 2001 123420
2777 3513 853735
3567 6326 182121
7669 9539 1151462
1188 4160 6628
6637 8387 579412
3674 2731 382570
2172 7748 177138
5926 6440 141741
9235 2461 235978
2629 762 21302
5602 4719 1572191
218 8419 1012712
30 8216 1306940
6843 3316 804362
6372 7282 710779
2524 8113 870601
1428 7978 502184
4128 627 237270
191 7044 68701
2001 9908 510934
8275 4969 297252
3596 5390 711586
3462 6443 1285773
1731 5231 755839
8226 9656 314329
7515 4623 1322116
1214 5074 32449
7407 3186 445016
7088 9703 942377
4460 8262 445042
2508 6647 988347
7798 1760 1064880
1353 9708 317662
9161 707 163531
8143 7354 1240060
7344 1880 336430
1411 6544 846194
9902 8504 114993
4383 5759 42843
3530 4636 76690
460 4147 573993
3029 7919 52568
3922 54 1683558
1799 7753 283123
5985 1171 190664
1502 5697 190303
5796 7446 356099
7639 978 242152
2075 7645 1931785
4187 7138 263970
7525 7552 84937
4043 2587 98270
3227 7288 217522
8763 5230 849343
3071 6208 453009
4478 3345 201494
7729 584 387237
4033 4545 218269
5376 8553 135219
831 5816 238665
257 4956 1101649
4694 9944 1701695
3184 3559 429681
7936 5639 66757
9691 2111 1085202
3685 1819 797454
8596 4681 429255
6047 8098 1440387
6669 3113 107677
1268 1155 179937
602 3809 265070
1674 9613 78298
146 8097 375273
741 1576 1140527
7589 5044 348785
435 6249 695552
8640 703 1008139
3358 4458 186847
6035 4187 86503
5325 7325 271957
4427 9852 749729
4779 9843 63891
9305 3257 599487
9622 3380 246469
6923 4641 237266
3600 1971 19694
745 8233 115413
6415 3628 509789
650 3126 13714
4878 1905 479007
9070 8362 1249736
3628 2479 263984
3229 2909 416172
298 2739 269139
2070 5555 1089383
3863 1558 281080
6464 5960 396920
8352 1088 1189087
1023 1726 602149
9502 7421 72393
7834 6530 839702
4332 6884 429433
6070 722 275541
1096 2424 932391
4092 9382 232208
4729 8604 695994
5137 6880 309245
2203 989 56393
1396 2428 947838
2945 9057 218813
8832 4683 126297
6063 2563 201122
2225 1354 890219
5764 4314 1387957
9187 7421 58481
3612 3114 320077
2248 7549 1656505
2612 4020 744374
4596 3606 124744
36 393 111558
7697 3918 844755
6360 872 106349
5257 6001 1328947
9006 625 286161
6297 9652 245710
5333 591 515644
4766 7987 526648
188 1383 889595
9533 3668 369308
8895 9956 221654
3645 6626 1752526
4241 1500 972006
4405 2637 93674
8181 1422 745603
5087 7052 3036911
7371 344 604977
4520 67 71362
3074 3058 596945
5045 2282 308834
7730 5422 791454
2975 5324 46809
9369 237 448561
4578 7705 105956
8898 8343 304804
8034 9485 403343
4369 484 457565
8456 7343 1458829
474 8027 66062
6144 7618 258874
6407 1121 651184
9547 2095 309777
3349 8425 22009
3275 4790 727971
9604 4812 181324
2003 9719 265419
9553 2616 403535
8961 8883 68195
3657 1098 151732
9883 2350 485448
5574 4195 308093
3397 2409 2097649
3009 5284 87394
