166
1376 637 279339
5344 9712 176882
6649 149 240814
5650 3816 162210
3523 4345 959171
7296 8248 501367
658 5318 807178
3333 6118 198893
5430 884 796973
608 49 55991
6745 5068 1015506
6291 2989 7739
1865 8013 358686
264 1554 443925
1201 3698 1464077
1047 8328 2090
3740 9308 1343728
510 634 198632
2594 7161 846406
4945 4637 377452
6343 7754 1557659
710 3009 296631
632 4079 1157208
1017 440 2158326
1937 4538 463930
5335 2177 253102
3689 4307 457454
9866 169 589755
1523 1049 919506
6451 2059 115267
9808 8856 771124
1833 6850 400380
7203 4727 220064
5748 154 638519
2948 3775 969470
2973 2766 256400
3391 6167 532700
2616 8016 5063205
6716 3934 375404
5942 7924 237620
7862 9860 666983
8649 3302 96188
8889 5728 665046
8954 8483 905254
900 8060 835483
7396 9029 1349840
7607 330 2090441
4639 1486 299553
5446 6592 128343
1663 2163 355330
439 2299 47251
5452 3180 520994
9592 5516 215602
4203 3663 1368324
9956 4904 2817503
8077 2213 1758181
6083 8046 1485426
6676 9026 1117066
6140 6988 69598
4171 5119 217686
7068 7276 386242
5786 6175 128888
540 6781 255825
7877 3348 90190
7561 1515 1840602
7988 4307 1107003
1483 1621 153743
3270 4164 181212
9320 4701 396961
2810 6608 27270
470 363 120506
8457 8499 472799
8498 1331 188924
679 6170 193970
4559 4553 1157469
5072 255 73250
831 8405 762372
4304 4344 142759
1022 2315 578077
7117 7825 213478
6404 5715 952526
6219 1386 749478
2115 9827 198375
7560 8727 551580
9296 5834 527942
8825 8706 348799
5496 7925 694298
8012 5759 653055
6373 2111 438851
7509 7129 207306
6067 1167 1411233
2847 9987 897400
4026 8415 965548
3260 7208 496929
8610 3018 634733
516 8405 46482
5548 4177 1284255
2954 7189 155673
2290 6335 255243
9487 845 162518
3399 3068 24827
8017 1534 261516
6903 7189 85089
9154 3087 606769
7479 3810 1702618
2497 8180 324804
3453 2781 1827192
8724 6939 2117187
3204 5739 339707
6334 7664 344036
9041 6068 190608
4870 9649 295237
9166 1507 172594
7015 8902 310751
4537 9274 636512
2137 7536 157748
2665 8884 609844
4353 9422 290327
8430 7796 284069
417 4749 819213
1851 3663 121141
9378 7981 481002
9781 8352 931133
426 4644 311023
7714 4580 1085449
6736 9410 898190
5936 9747 1036134
5838 9279 439961
1482 2665 1008182
7393 46 1209896
6002 9177 789990
9342 6155 860231
5032 1014 260887
7819 9296 308142
9757 8661 346631
4413 2963 36092
8099 4667 28267
2798 2867 229705
2938 5524 890660
3807 2588 377826
6567 8117 397487
1579 5814 491623
3536 8096 30119
1246 1815 87012
1036 6602 877027
5439 9901 363051
7918 4717 279500
6886 596 232981
1366 1956 17479
1872 1963 551721
4606 3823 936
6871 8726 795846
3872 8894 372577
4701 8246 123322
744 5782 184771
8140 5138 234467
9903 391 8230
7718 5900 1790600
8991 4436 809093
1284 6957 330115
3076 8749 602476
5888 9972 1322295
1797 794 234200
9613 6034 69561
8197 5973 793194
9239 3211 1164488
