157
5674 5831 50563
6444 823 13874
5653 2077 473072
7190 3562 249256
254 1237 215428
9468 9963 99807
3058 9751 562752
9926 8847 1054717
9529 4871 1451394
8892 3324 459744
4230 8485 346592
7614 2020 2652419
3273 7531 610021
651 4778 484967
3615 3270 1041395
5405 7638 500164
9944 4220 273238
3723 3999 270605
7831 2153 584576
5240 4129 1154784
9219 886 1684890
6919 5975 1139175
9985 5432 723971
7497 6597 78978
5392 8419 611592
8335 2097 89752
5208 3314 131225
3595 8906 1480700
5897 1505 765981
1760 7872 487788
1111 8066 294907
2368 5466 401800
2753 6290 1079355
9625 8498 514863
8408 4145 897215
4275 1781 274060
2778 7995 125995
4075 7363 1284434
2535 7489 388800
5472 4244 1537669
7713 173 1840204
120 4234 3079627
2696 5382 737729
5594 6699 29911
934 6132 2043457
3942 2275 416366
5392 8819 50893
7592 297 420680
646 9063 308366
9241 7680 87233
3586 8285 278896
4161 3283 625258
5953 4880 77124
886 1709 371763
4491 4427 408308
9877 5381 824385
299 7995 750023
2013 1366 1189076
1871 7299 257881
8278 4488 446931
4319 1327 915570
8477 341 1717377
6848 375 1880
6028 77 1401455
5660 3661 808218
9501 1566 271758
8402 3854 6276
8463 3605 1436638
4121 6507 466803
8906 3792 1000041
8624 7385 183434
2947 3101 272960
7002 4873 342867
2139 5352 160784
6498 9049 242141
1171 7790 97902
3547 3988 2265639
2023 8575 57620
2422 5272 1250075
7576 2823 225259
3928 7288 1012474
464 343 1167
2102 6761 313753
1935 7992 501674
5768 6059 470153
1159 2878 97292
1350 7695 256388
7802 1000 316347
1867 4832 189108
7071 4682 266156
4018 9312 431712
1268 7648 504098
4185 3880 1489324
840 9429 1251128
4754 7232 72617
3681 1402 450952
8033 1341 1892123
8345 5402 529317
9485 5672 8386
1199 5398 822567
5991 7214 228947
2174 9727 126663
1165 7855 216499
3722 1458 1451232
6932 8524 679387
9778 1380 69085
1058 6232 82298
5857 4312 2081366
5116 8361 1320995
870 4417 166426
4277 7769 623748
4721 4131 321583
5970 4986 340919
3304 4189 836982
8826 4491 923150
2572 8980 70778
9061 9420 54896
485 1451 162340
570 2924 426874
5194 6045 134694
6514 5766 929026
6500 5389 125887
3541 6407 1592905
4436 8615 33203
821 9038 667211
8923 9346 683206
1513 3990 589718
6709 7714 625754
2310 1215 640615
6947 9861 1579983
2561 4239 1044956
3158 4158 149134
4883 2384 573704
2726 6068 657962
130 2888 823799
796 8441 2685376
4284 4928 385528
4112 4191 63961
8983 1831 270024
7912 7145 480636
5245 3744 208010
7891 1835 1625436
5216 2617 281623
7077 293 155465
5121 7798 1616204
8133 9282 335032
3958 1575 472684
572 4083 128148
9048 813 785986
7617 5267 6798
1369 6880 427283
7413 4489 303041
5505 2639 301419
6264 3114 205140
5783 3027 425181
2335 1991 2600043
9168 7718 412995
