65
3389 7913 1431376
1690 3578 962747
6104 1028 1698011
6371 361 112331
3250 2987 1055592
1464 7314 114760
5137 3296 1408898
6477 5957 272672
3151 8698 1804183
2179 81 315977
4603 3561 458942
3905 9186 739472
9901 7921 6981962
8551 688 2337316
8894 3451 831111
6463 199 2318643
6384 6695 1143222
8962 7813 437911
7885 5789 4678614
6052 1677 2156186
1665 2380 2850756
3599 5064 502017
7498 9872 448022
540 541 1137100
1783 1147 1100548
782 6273 1117906
2224 8384 791153
7883 6957 298739
1585 6866 2428637
7620 1245 1455263
8304 1452 2186544
1782 2551 1658398
578 1849 901672
952 1159 2309171
7086 3305 3889162
441 517 576588
7668 1199 632514
6050 5913 5535232
2095 3988 677886
3057 3709 5247598
4572 5256 391241
778 7726 425288
9621 9981 1060595
387 9111 2200865
8894 7663 535327
7475 6445 489423
3966 2535 3890
8622 5708 1954922
7105 779 3147664
9456 6587 1434312
6572 2944 1700521
4796 1479 676435
4877 2503 962732
7867 651 806791
9344 1657 3719783
8848 5858 1060789
1644 2348 290064
8107 4083 1231378
6211 1373 1854231
9957 9536 69020
5485 6924 170227
9307 1111 579435
4639 7540 1378200
9773 2066 3332751
2827 3872 3519284
