93
5546 4528 267787
9162 2391 1471784
8691 8292 291439
6447 5431 919558
8227 7190 212531
486 4526 683988
5761 4079 7087
6684 2637 1156991
579 8522 145645
8598 6914 4824223
6010 4040 509383
9020 7050 484407
6222 9026 17102
6233 7303 1544559
6380 4732 2065436
5105 7189 73271
5975 7985 302003
6194 9513 1019919
4219 9042 1042341
1811 3617 730540
6792 4727 1974634
6309 1643 3162348
170 6537 774081
4659 9730 886084
9922 1335 1518661
7903 5793 136840
7952 3833 883346
8951 3019 1724797
882 2042 1525934
3534 7638 938439
5273 6362 575368
9389 3397 785987
4364 5839 235739
8765 6819 2391164
835 4688 1026818
6679 2743 691934
8482 9593 1412986
6638 3933 1207099
4093 8911 557353
5807 9764 1621332
2040 262 945837
2549 7117 576552
2519 2605 1788575
276 1021 764307
9189 9912 2810259
9356 483 2084323
3970 4185 3455331
3646 4451 548504
5231 7543 2729017
5510 7886 499763
7134 7837 671356
3333 5116 182179
1015 2950 576811
422 1289 44568
3257 5877 227853
9865 3906 975517
9024 3012 2604492
83 5181 1709752
6525 4535 575437
9921 8179 2765655
9572 2757 1518163
3204 3382 800866
2606 8985 1500974
5801 8561 1986151
5041 5347 257736
8802 5327 649865
3597 6283 46409
8378 8449 351176
2430 8124 1931472
9894 2050 96385
4629 9498 679400
1236 425 1016571
4134 3043 111297
391 9385 16500
3261 9911 229185
1297 66 143357
9109 4370 194730
7967 2616 1979047
513 1274 1774934
2957 7554 31814
509 3113 397650
2228 6330 1307223
83 8120 3156810
6761 3470 1877396
2447 3375 2111900
5464 2924 1235119
8761 9322 296683
202 4612 231173
2816 1819 1737042
2587 8860 543479
147 1969 453065
6857 3651 1374311
8910 6620 1625091
