58
7003 2393 1290850
1557 7917 4344057
707 7212 2242546
3518 7822 1400231
3832 3850 317113
809 2916 666358
8556 7080 574822
3851 8337 1321147
9580 306 4535720
8980 3787 4811878
3145 5850 25417
224 2074 1878215
6837 4117 2359122
3494 2348 2842159
9810 6770 5561
957 7823 393861
8371 4169 1311864
5378 9071 4374545
730 8788 647454
5782 161 4431977
6104 8562 1364605
6360 1494 1726782
1922 6684 1618680
8244 27 2517032
9874 9092 191366
4342 2781 8778320
7103 5746 89693
3824 7160 395458
5529 9836 818951
4821 2361 2255066
2211 3119 2157613
5540 2713 5215435
648 1319 1014860
9306 9566 1723330
7776 7129 1958454
7366 8408 6519537
2119 6969 2422376
6262 9294 154324
7148 1395 432559
3509 5856 94973
2422 985 162694
7664 4770 283093
6450 6808 77784
9755 5973 1149496
6649 9126 250700
7829 3472 1590224
9774 4419 995720
2732 8716 1551466
4798 9814 1309366
7272 4167 545792
3146 325 332700
1873 1481 2379114
9968 9783 4313740
589 3993 1745212
3098 9874 81920
1275 149 22140
1763 4327 692775
6969 3007 1291753
