58
2368 8183 4447386
2997 5759 2049057
6407 787 1023351
8264 9705 4022819
3550 7107 2677669
2571 4780 1368479
5850 9735 2564300
2106 1970 438300
7331 96 7787205
640 7993 3407352
7249 5435 4892486
9018 4371 2544470
632 6327 902119
8846 2900 2407977
7816 461 1210341
7963 9019 471006
2510 8325 31276
5368 5655 218569
4152 6505 959838
9423 4225 1643797
5349 6603 150758
9317 77 214227
2018 1360 954046
4384 9712 375413
8999 7983 968797
7248 188 186038
4459 5645 454088
2184 465 1869387
1162 3603 10954478
8372 4367 325764
546 8452 2693197
2223 5866 1037628
9248 4556 181758
8057 4927 395367
1572 7881 1155055
219 2743 2210800
5176 1298 1485955
4506 1004 145357
133 5702 364962
6280 504 686333
9335 6692 2983351
8799 5272 828412
1097 8688 2179342
1867 3096 1202389
8654 3293 3370220
2467 9933 1413224
5149 999 1186345
4695 5401 1050608
8502 971 1513778
1633 2679 29359
5528 3542 3145972
1675 781 1627310
7770 887 890
9812 2629 2000044
9793 9092 1470357
7835 2385 2559562
8732 7078 323655
757 843 1237977
