62
9219 2317 2983295
6710 3038 86517
7066 2174 199918
8773 3775 1305304
920 7391 46826
8869 3002 793821
5880 8306 531522
1099 8142 1601932
6355 5960 1515918
3656 5647 1655941
6802 3623 502142
9686 2134 4269210
7461 1301 2510627
7801 4047 808056
4782 5662 608152
1141 9737 1715400
6175 5385 2998514
8036 5920 1499590
294 5290 281017
8441 8597 6621303
5101 3235 1627055
155 6461 619852
1023 3573 713386
6049 9675 39071
7250 8226 182025
6473 2215 149602
8192 6539 1283722
1477 9820 2320177
7108 1110 1920051
9387 8849 1554492
6081 9620 1759451
2609 1703 4403297
4581 4094 3289748
2732 2066 2174875
5750 3910 2262727
5806 2680 261794
3593 3467 761261
3865 2286 999640
9131 2818 169309
2721 8653 930468
1324 733 3366647
1077 22 66074
2051 2542 1382318
5653 840 2803842
8496 2147 1694495
9937 331 803377
2530 8544 1613900
6082 8788 1954759
7549 4157 2217005
9201 7584 529057
3625 5612 8696
6289 9841 164923
438 5966 1300941
5505 8386 1106480
397 9279 1379601
4822 4651 2740549
6915 273 577790
9979 9508 238233
7682 727 9453500
8977 4596 9655
9518 5190 3361569
5488 4384 3269581
