128
6369 6313 81676
4697 5285 679687
6399 5159 870258
5751 1504 305876
4094 2644 1079738
9846 6575 74904
9751 558 649451
7434 7673 1376379
6369 6297 682337
9139 3205 444641
8718 8099 104111
9349 2417 88214
2827 803 404133
1417 4154 942023
2126 8175 310660
784 1566 5851
8490 5846 482016
5728 8271 178515
6548 3713 232418
8544 1185 515017
9710 8702 91137
8611 6388 447783
917 7693 195874
9799 7196 248728
3792 1315 412361
8703 5010 1980771
1324 1938 67802
7865 9311 387330
761 6648 1097777
1078 892 426711
7495 8415 144614
6848 7783 1285297
2769 2519 1021916
1526 2446 145345
2336 3327 36647
4340 8783 331887
7664 2767 919651
1155 8091 199631
3411 3109 535065
8636 5046 15183
8349 9792 627370
6650 2252 1340906
1423 6304 471979
3974 3754 340498
3303 925 283320
2646 7973 1675782
2380 2468 424545
7717 5827 638159
2802 1389 542418
3175 4040 1929861
7048 9686 1034187
3285 1661 2275583
3015 562 861173
5727 1813 253931
1217 8538 112696
6954 5921 1016344
2405 5796 450004
351 1341 134159
4021 2230 3120923
8524 9302 1246013
5193 3173 328588
6431 4163 84104
1212 7779 1399508
6803 6035 431745
9266 2144 1196632
8534 1343 878074
717 9853 1435059
4904 5999 368977
9753 9991 1033559
4448 3292 927938
3088 7735 607361
8898 9668 387276
4230 7827 113317
5001 3248 1409081
1898 196 735064
8940 2629 37884
1911 9934 4092953
2670 566 204936
8371 4302 456430
1453 8240 922067
5448 5398 580729
7543 3100 1267245
5392 8443 770691
6182 6796 103286
8225 1201 690420
3978 6466 16857
4486 1183 577924
1485 9157 205930
2954 6968 1238738
5451 4641 2067976
8316 1328 2820607
3967 4904 287768
784 4505 205442
7674 1509 571409
6252 9606 1196381
524 1890 1171562
2617 40 2201309
927 920 505082
9206 2736 172117
5763 3468 930124
7032 2616 2799950
1692 4359 1067798
2093 3043 979252
3819 5963 3421936
8039 9638 111860
7724 1928 1375762
3260 8112 963218
9188 797 430547
9759 558 402304
1794 2767 96559
7911 5209 666871
645 9570 1831514
8785 7818 349126
5062 1796 46867
6110 2984 392005
4206 483 1559842
8105 6713 196667
2799 2834 343930
7916 5529 976624
5886 7863 1239875
2604 3553 118110
6854 2462 981640
538 1085 82090
1305 9551 1925503
5484 2695 884977
1558 1715 276303
8857 8358 1584939
6633 3942 1982515
