133
8668 4080 33661
6466 5096 944325
7903 1718 877469
9336 2623 920409
5345 8000 2680692
5630 2559 770877
8304 6346 396451
9248 3674 290773
662 6955 45373
9897 2422 117585
2783 1114 271277
7217 5094 670257
9216 5886 616479
712 5039 121162
4482 4684 849563
4302 2936 593881
3628 1080 1231031
659 1453 2261353
9742 3435 875801
9425 8153 7480
5044 5221 1380754
6034 5036 780546
6301 8137 309936
6850 6945 142871
3158 8320 1605772
6119 9308 1022012
239 2814 1145961
456 8840 905269
2863 8479 1532237
3083 4143 441304
1716 2797 1191318
2245 7366 777852
2157 7468 703205
3927 9336 161643
2517 7165 213235
5073 1899 673191
1667 1786 196542
4465 6302 7956
7359 2002 514591
9306 6959 1259370
7229 8633 484012
4362 6755 300310
1107 2842 337966
2874 5899 1026372
6181 875 407052
7435 1052 140942
581 9777 1479414
6071 4362 715972
8953 8422 348662
3012 8243 4556
6196 3613 619533
9004 2194 1076358
4385 6225 170835
8481 206 2309933
4261 3821 76137
541 4336 173592
7869 3517 422283
889 961 309815
2146 5084 1127383
2887 8150 1933062
3017 3992 277757
2877 2451 29333
2370 6802 312582
4654 3175 2232437
1234 5017 804981
9969 2798 161810
6622 2639 286018
6528 2634 537984
288 5246 774881
3435 3416 1139382
4440 2129 259617
1534 8844 7394
9799 5686 2457712
2214 2606 463183
8538 2552 10301
475 8785 319914
7052 4786 1008751
574 8196 997616
1144 2097 1326101
3689 6517 2341
7525 4559 236243
8138 9237 1372069
1803 9250 953058
6214 8895 1126716
5672 5892 746933
8898 7822 298321
2526 3099 1677832
2435 8509 198176
936 4093 2676239
5780 5741 2052470
3577 5531 345131
2699 9538 2427526
1444 2912 330912
1061 2844 377911
1634 3182 566618
7700 2243 73842
9244 2694 888112
6066 949 753643
8984 8132 3024631
6788 4336 155454
661 2460 43830
5300 3049 1167541
7778 4693 1183974
6464 5459 32326
4653 5239 1522481
3056 9863 380213
9544 5723 941490
2967 1899 765555
720 265 622386
1055 3312 422449
3985 4632 177922
5702 9945 380965
9077 9871 352797
996 1991 889740
5173 7224 21701
5112 424 269773
6476 5646 98228
305 9202 560079
9836 8114 877629
7865 1234 2374045
7999 2453 101597
8104 960 412456
7929 72 1905498
3498 5134 88973
9307 7317 33279
8051 6671 1317577
5610 4202 1432924
5285 6134 273666
992 940 1488410
2946 6418 2065444
3701 3309 328975
1965 7170 145274
2358 5437 623218
