63
3168 4857 1364219
6440 6274 1327003
9535 1984 123052
9387 5429 1415529
3905 3658 8850539
5087 3032 639544
5886 894 257882
5580 2468 167716
2732 4819 1078370
6422 4084 565513
2431 439 115010
8589 4258 194173
5532 6733 1145877
5031 2927 4300866
6380 4869 2868256
1835 4623 1840949
3843 4065 259271
7658 8940 399420
2326 6673 207461
7603 8564 762038
6005 124 1787673
3394 5147 158059
622 7702 2047878
6668 2434 4824058
5206 8161 6071834
7764 3947 3966759
9831 6377 485354
7177 7320 2382805
4996 7862 759138
9933 1614 1716599
1843 2538 120926
5843 3908 2384277
975 2556 3103640
1931 1194 2393141
1462 235 1547359
1055 4305 516111
161 3296 495411
3691 7962 1185816
491 4060 533465
399 1274 351700
5905 8968 381770
9278 8912 33365
2635 8836 234131
3456 1739 4518938
8556 5026 560936
4177 702 2664620
6270 6308 4496713
7376 9745 6253005
4237 4593 2116643
1686 6600 1511301
508 1402 290416
9765 19 544983
7534 9454 312541
129 2419 503042
2471 348 469019
3230 9191 284150
4030 942 1290205
6422 7214 17414
7567 3831 961739
8208 4309 835278
496 8700 2897204
222 2155 1199780
3069 3432 2908116
