171
8763 637 434925
9016 7304 434141
4953 8326 1249474
6072 3216 321931
9754 5979 2993872
8159 7461 557756
883 1382 298546
8270 4237 176331
2897 114 94695
6514 5496 38347
7476 9320 410911
9227 301 747807
9894 9993 94347
8747 4727 1802821
7505 1584 66951
6047 3580 1420740
4934 8319 466433
6321 4097 1220215
1492 2841 74600
5575 2805 929711
4975 5300 1884464
8111 4626 1115736
9001 7360 278393
8469 6511 986055
7058 8050 1424569
5903 2895 475721
822 4863 117362
7809 1616 569047
4127 2533 121082
7676 3647 409985
5924 8920 235700
1380 9496 114256
2570 9263 999921
899 6003 273709
5464 4687 1872924
5465 9287 327914
6546 4625 2208128
8586 7626 1006671
6632 1601 234711
3186 1143 228854
5770 9403 522170
465 4448 485027
2420 1451 1087098
5405 7934 555205
8294 1831 100006
5135 2227 977523
665 686 490497
5587 779 1912839
1288 3407 171236
7470 285 420099
5399 6308 64651
9224 3951 291254
8918 4939 385260
7337 799 573270
8657 7419 335969
1713 2603 487282
8997 4548 89742
527 3419 249334
211 2059 805174
786 185 628392
6333 1373 539306
6653 4329 404622
7208 1414 705318
9501 9002 1326889
7140 4108 252100
9214 4210 792113
9908 9927 223472
3099 7560 2926465
320 7178 280362
1509 624 1420022
3538 302 1137824
2153 688 1116415
2088 8771 649769
5318 59 125509
5605 6946 53053
8346 4761 1233558
3944 9715 551712
4877 8223 476782
2156 6625 42335
3330 6117 816134
3273 3378 243192
3225 23 145906
9653 5817 148978
6803 4920 761022
6858 5341 212810
6129 2809 107680
7746 3140 52344
4858 8315 50672
3652 5041 517530
6057 5881 38896
7975 6724 2370230
634 2848 701605
4554 9630 256620
3822 352 22283
7768 3192 1359804
5159 6750 30591
8437 8032 246741
9144 3719 127201
745 4012 1000000
7840 5316 240786
141 804 482195
9344 3819 201658
4282 7337 251249
4581 9541 296582
7136 4076 310367
4453 3088 43407
8003 18 252333
7252 8282 1643301
9382 9040 43238
5866 4665 134665
691 5719 283046
5957 5307 575687
640 7012 189973
233 5480 1567167
4449 2590 115370
2840 564 80535
9148 3826 72036
1207 1326 307587
466 6718 27307
6393 7430 1038662
7599 3002 47168
9466 6555 16847
5870 6117 16707
131 8812 2234675
2164 1785 1563452
2822 166 120646
9044 6046 1044875
9088 6892 208350
2359 8877 1003647
6438 6692 543322
6679 6952 1327068
8579 1651 17373
2391 7890 884875
3813 3178 394815
1781 4623 812582
8396 3653 249759
4835 3898 136299
4943 5310 748404
9477 369 237728
9752 5108 16754
3153 5568 1600749
2706 8866 391336
1379 8672 18785
3822 372 229063
9878 3973 2547484
4281 1693 218676
551 8023 228817
7434 6353 296402
6735 6280 1191651
7654 5739 777265
7462 1632 275676
6882 1768 984772
4537 210 433189
6947 5097 1401957
9912 3680 161585
2183 6098 213261
39 9051 688648
5752 1330 194848
9177 854 568501
940 7059 327376
3221 6298 169626
2291 4835 289193
5399 8299 737392
3122 6059 651922
1063 4400 1180599
3125 825 103498
5885 1038 309176
9609 514 241958
1213 6402 366608
4654 2150 243684
2809 7339 354157
