87
4419 1916 506872
9062 487 229224
519 8438 1512132
4459 7193 490193
2727 7025 1251050
7265 4272 1745908
1438 7866 489664
4560 5902 709967
3335 2864 805158
1508 9112 384026
4497 2193 701606
215 1669 40159
2029 4201 904660
5124 7448 469842
8032 651 2091841
1944 7501 575746
2463 2200 795509
2539 3756 1376068
4905 9877 4903743
5 1964 19425
314 9008 748907
6061 9477 355069
9058 1193 1440216
5778 11 44351
3724 3055 1146545
3827 8866 968358
6859 5982 1779536
7842 7892 4935713
2210 8768 559641
7203 4068 671299
3226 4651 1104391
5621 5540 791573
2319 2192 3862214
466 5853 63353
9719 4625 3607081
8420 1511 558302
6188 8654 1446964
1546 3647 903307
2322 9155 760715
7788 783 2882266
860 5887 1458816
9794 9196 2094167
8406 9597 937671
7507 5868 1028032
4535 1819 1872481
9889 9125 27761
6673 5678 394061
9698 1264 1708657
1077 6836 1471450
3148 9081 480842
9874 486 742036
8697 1438 8330416
2950 4994 690370
3792 9357 309986
5911 3406 201369
1388 860 857239
9503 146 299475
6705 4741 3486103
8100 7000 78265
6060 8149 532198
4699 9679 716605
916 234 469830
7390 5891 152620
7267 2485 1232041
4200 2368 498384
459 6068 1313562
9201 3055 1531219
6021 9173 163493
8006 9716 514411
7708 5963 217794
2136 972 521737
641 7846 1097272
2919 1522 676593
688 6884 860561
1232 5853 5794
9951 3829 2628580
4730 9433 177257
4202 6142 29800
9359 2609 147429
6198 5415 235263
2069 7603 1489578
8760 8347 3838922
9866 1791 763696
5138 9932 2666919
9232 4332 729545
7980 7823 230324
4063 6677 1456782
