127
4966 5719 965773
5580 1315 451615
1638 239 715848
424 5088 2147312
3621 318 1226874
1055 9894 11906
1227 8210 746906
523 1289 207677
4369 8298 495965
3474 225 766510
7650 5465 29094
1123 8339 166369
1461 3184 4232370
8936 7849 620106
4055 9716 2624878
1614 4075 1577613
3662 3247 117434
8343 5119 208294
2552 4063 43726
6754 9857 422984
6485 6993 395982
7785 7441 10170
1649 2873 137167
1238 4566 227337
9095 6249 979390
7156 5088 570229
6680 9879 191163
2841 8926 274996
3986 1189 156960
2598 9865 281320
1920 4985 379028
4575 2228 68015
1569 8514 2565310
2515 7601 960549
7902 2861 1139482
4580 9914 107065
3873 1361 1042457
1862 1519 706944
1304 8259 459751
7008 7481 155882
5609 5755 212053
7781 6257 786274
1317 4529 824595
2606 341 117277
5581 1774 482283
7046 1838 600513
7261 4048 156689
1698 8748 494895
9279 4082 520641
5901 8602 169451
7904 2953 2836288
7196 5159 689677
8323 6911 477487
3970 4619 1518656
296 610 1386444
5881 778 272293
3187 3414 820271
9763 6698 992244
79 446 449619
3376 8118 411691
3748 2125 470918
9802 6622 99026
718 8537 251296
2918 4747 14594
3220 3680 1266614
4094 205 77842
763 6015 1961397
5831 7075 1480178
3344 9449 3106217
5196 4595 895186
6136 4256 2227254
4118 5783 532155
4781 4899 864768
5668 9888 16225
7638 291 470486
644 7335 3599510
4276 3735 1216881
8730 9332 314580
4476 6411 630704
8527 9519 618897
2828 1747 258336
4563 5923 502539
8987 7288 393668
5602 9722 868508
9907 7638 1203114
1117 5847 746986
1767 2228 250158
8674 4279 1233149
985 5010 233870
1329 3021 414366
3286 3202 86179
4558 914 580654
4277 4476 552208
8179 2051 579867
885 8144 1510074
1625 3173 929504
7894 7856 956012
8045 7282 1287537
4073 1196 638856
6218 4135 366110
3303 9792 44015
4219 2727 56725
2775 4180 881359
367 2365 422761
5329 8766 541927
5072 9754 1198759
5397 7499 1161748
7695 8121 324300
661 2805 15144
7799 8257 448706
5109 2133 842918
3534 3807 1828387
5271 9503 133268
7504 446 1471363
5310 7598 1362230
6137 4643 411048
9023 7131 1101544
1708 4480 518378
1728 7771 3795454
2796 3324 1519615
5144 5300 59088
8326 9760 2162119
3544 4175 52304
7994 3142 877126
3287 9651 694662
7347 7812 159873
5011 6809 1400964
