59
7407 1574 955190
4114 3834 955154
8280 8514 1782986
507 6679 381961
9885 1522 685566
1184 3793 531681
3085 496 238849
5438 3951 217815
2213 983 11688150
5025 2319 1454782
1514 999 1435905
2135 7445 2213961
7702 4369 45241
2422 9241 140676
3309 2640 414941
4663 7111 155392
4104 2753 1131201
8260 5246 1528212
8849 449 1134940
2305 184 5939901
3440 6855 281041
1801 529 724205
5706 4488 1144862
6984 5553 2743941
6671 7661 1041864
8929 995 180220
5665 973 378238
7333 4582 272941
3275 9125 549920
6147 8954 4683656
8762 3658 5487029
6267 3727 2930642
6149 8503 818025
4700 21 251773
1894 6535 854447
1534 585 1822580
5009 217 525953
7664 3466 1482256
5677 3073 1830252
7345 878 490721
3414 1406 487026
726 5214 1985878
9011 3662 113235
1328 5738 574880
3194 489 963656
426 5472 1426521
2170 3752 822181
1060 6417 743658
3604 2387 47792
686 469 2529363
7398 7138 818091
7247 1766 3340506
7079 8391 701258
5824 5826 9965508
3420 5839 1404027
7797 172 931336
8207 1260 1238617
4636 4548 5923762
5911 774 4455635
