128
8064 3800 987542
5622 6496 1113030
6932 6211 1283395
494 7496 317329
1960 2675 1651468
5486 4947 58737
5176 509 677266
9215 7250 466377
9867 167 646693
9443 6310 111625
867 9891 97396
2015 8532 650308
6400 5584 202037
156 1970 1193213
4496 8519 2034060
786 3883 407691
159 9441 524521
3339 1319 2443627
7680 8846 1543493
1899 251 201516
3941 4109 143177
4026 62 652189
8794 5372 587958
8480 3610 139987
9255 1436 464091
4276 8705 311028
6976 3702 1114628
7690 2637 511151
5996 3231 522356
2892 4226 913194
5918 887 18465
3880 8771 32129
7075 5647 1839321
4845 7437 382692
1123 9626 1068220
2359 3264 688750
6683 3430 1186022
5156 2749 262683
7231 9873 15513
6529 9148 1358706
5290 4566 3100303
7114 2600 739400
6844 6300 150428
654 5966 1327009
4242 1341 611427
9899 3229 3334659
1060 6366 2828044
8072 5653 1070144
7595 2766 1995632
3285 4870 1195876
8914 1432 539093
9479 6176 1580052
3869 2133 1903761
8594 8352 1811261
4438 1480 553402
2232 5073 69313
9115 578 59993
1029 2804 1169356
7677 8108 559284
6085 9212 1192271
6694 5774 956008
6508 3929 709242
6326 9838 597074
8408 7542 1287479
2477 7881 402252
1480 1090 35027
4314 2819 253611
5670 6867 1092710
9731 2039 209577
2157 2985 538430
3969 7976 59171
8336 4284 2611885
3079 4621 146928
5030 8795 1573868
9061 9344 183196
9677 8367 1043813
417 6579 1331209
3982 6706 401713
5315 961 258062
7979 2926 177871
2375 756 1152050
3466 9989 333987
1226 4273 355791
8412 1413 487599
1795 672 542547
1175 6511 34846
4457 4877 311177
3519 8848 48790
4856 2146 41735
4664 3247 880800
6182 7683 34269
4948 873 164843
3013 3812 591202
6636 8624 855450
5820 8635 502482
3499 1973 1374202
3518 9148 115372
2147 5880 695326
8226 5814 224553
282 9086 102681
6515 1962 768407
6431 3985 852351
9805 357 171875
8181 9604 422118
4871 9858 790461
2440 3676 102245
4376 1987 1368866
21 6494 694917
5030 3616 2458029
254 8448 680200
9439 385 25685
3456 2553 1056010
3327 3588 1289161
5043 9212 205760
3255 875 1479752
1118 4309 1452887
5797 3223 650782
2642 8347 1631947
2605 2965 706168
324 4367 867960
6514 7504 722790
1933 8041 812101
8730 5330 495560
8662 8337 185513
8924 5851 455389
5773 9832 1024690
4835 4863 509085
4539 1873 786171
