110
4905 3380 861050
690 4172 768698
1345 5582 1305794
6436 268 1730245
5826 7961 908700
6126 8112 846972
9592 4028 1258508
7789 2144 1212251
823 3637 522554
7737 4128 644811
9967 4423 116308
6447 9813 1194421
2684 9299 1822016
7408 8198 98283
229 3255 1177688
7252 7597 1300165
778 5676 162778
3690 2719 162908
1564 5451 1914372
1625 6649 1992867
6127 3982 457211
3062 4094 1156627
404 9565 2477192
2135 1098 134226
1804 4755 521137
2455 40 46317
3653 227 590610
7111 7504 7513
9168 5058 456982
8041 77 221371
477 7327 1001671
8824 8986 1539150
6568 8741 2263554
7618 9398 35331
9340 2186 483813
3724 4799 9831
6967 8443 187066
3228 8588 408187
6585 1205 872379
1850 9635 50012
584 1931 244359
9947 7704 118399
5826 181 665564
1895 8031 1059897
9675 6004 221101
2209 6238 1482554
8273 1280 1258699
9205 3998 1444609
97 4070 364046
225 5498 93460
9792 5928 1927152
4060 7959 427555
2761 2161 3307533
4172 5996 426486
9265 9421 1701806
1622 5683 181201
277 1936 3137417
5916 6141 1792990
1467 8253 602177
1185 1507 608313
4262 5057 453687
1387 3738 209406
8453 5209 847798
5293 4305 1040846
9188 3243 714791
6187 4715 698929
7822 664 1289529
2537 4806 2382775
5353 3918 1161153
7544 6982 140676
703 5718 298205
9757 3426 1108483
8347 2014 1499613
7848 7076 1764679
9977 8523 1110609
9687 690 402448
2527 4253 811690
2869 8045 296049
1428 4617 495275
9474 5010 873095
940 6531 461867
8653 6298 172518
3611 6511 154997
2959 8076 98640
5544 297 92055
7371 3260 444020
2291 8921 2274205
2312 7050 123423
6798 4308 739273
122 9771 250841
5362 9135 1584800
5255 7795 448025
2680 4700 474591
2617 8664 556430
9566 7137 121196
9226 5059 268931
7148 4623 5313275
6260 9204 1732561
177 2794 559241
3977 4712 1083737
5857 6742 287940
5086 7218 60655
4092 3910 2777209
3119 7810 2878912
3338 8340 93013
2147 962 916913
5389 8653 1411546
5333 6005 1763356
1382 8823 562381
4180 1315 706826
