140
2408 5725 337319
6218 7539 65159
5826 2567 207128
8402 7792 1489
6452 2350 1544726
5276 6711 793744
4721 406 2545661
7246 3128 1279788
4241 6627 1204869
6127 5528 2255449
9194 7668 495345
2307 756 252656
9989 9862 500760
239 2595 110052
1978 5907 311631
9969 2827 1401231
6840 3500 412055
8985 3465 889785
370 9643 257556
2713 9292 338979
9945 1196 51044
6358 5112 1152794
6883 7255 550091
116 5171 824588
7361 905 1099551
4980 2735 193757
1443 7137 443783
4701 5724 355436
7535 4429 799031
2579 7488 108081
9298 107 1408309
7638 1733 308229
6226 9020 16552
5389 5608 1642181
946 992 457448
2299 1278 27156
837 9225 497594
1153 661 1020020
3714 4934 544251
8968 7689 47463
3887 3134 877059
6713 9503 1513279
8805 9993 832372
1352 4455 467113
8386 7426 940891
2795 6605 498228
5623 1891 1053394
747 3658 1163056
3702 9695 81822
2861 6864 1584047
1014 884 1901
7406 610 71244
8665 7802 601350
3507 6110 1946081
1446 1761 1650451
2177 1399 1076539
8829 9223 1271621
1438 5400 195978
2337 6578 750044
4039 3090 405357
2556 4444 298600
8167 7674 530708
2074 3886 2647140
4125 1301 1195737
2352 5728 607575
4765 8666 607115
3262 6513 1622469
770 4478 1169244
4611 8472 747130
1082 7885 525895
4983 3468 1571457
9388 637 150758
9693 8690 264857
1571 5866 155741
9455 911 169179
5366 1597 109879
9154 149 581398
736 4418 170956
8086 3972 252856
1736 4286 555405
4040 8895 14615
5523 7486 1391635
9212 8114 492763
6172 511 426357
3303 3869 2389742
1305 9155 272815
2481 3979 1629552
7252 7603 438597
6874 3415 42727
7476 1899 116289
3755 5448 490464
8450 8543 11296
581 4578 593781
4411 5486 414953
8332 24 1572598
6491 923 951586
1512 3512 125932
7784 6417 1365002
2942 7472 92840
6803 2351 196118
6647 1570 2816286
9569 3876 304201
1157 1458 1645550
1291 3971 430351
9738 4695 1338836
3603 8881 36984
5366 4105 1599978
9391 2183 628904
5012 8361 115016
8214 2167 1198947
1561 732 616949
465 4265 1097822
7714 5742 889989
21 5426 631120
2951 113 17929
2834 1838 91624
5541 2616 2624599
7533 7924 163350
8635 6600 107804
8685 4654 481981
8784 9699 1784490
7446 2858 74094
9037 8827 303167
1694 206 240591
7378 1574 76738
10 2910 93962
9450 7815 21785
3857 5139 237059
1737 9910 92367
3465 8907 1415149
3506 3854 753762
8230 1046 1099602
3894 1083 341744
797 7220 365620
8552 8047 76959
6765 2605 1298925
8619 7653 2202231
2122 5821 992978
9228 2957 793749
198 4903 198479
