199
6318 3746 72791
3258 1634 285996
3598 2186 370744
9450 7354 977449
7784 7769 598311
4329 4038 342271
8739 3432 34478
6751 5608 116010
2258 5515 705741
6855 1844 214401
9589 3121 751614
1051 316 1374901
6449 3771 648386
5682 9750 2260431
6253 8982 282382
2376 1642 144382
676 9630 604825
8330 9239 99728
9523 9892 195394
6221 9010 1215403
3728 3751 707401
5885 7654 90488
655 2359 616084
9010 5531 310083
7640 932 329918
3557 9406 428074
3812 6480 379752
2941 3613 21227
3954 8577 274248
5573 5960 839700
2349 2432 201605
2170 1565 308821
1474 9316 250118
956 9331 402933
800 3812 1266429
6489 313 345918
4659 7445 319185
7754 851 224205
2931 6730 2286555
5752 2229 257378
9689 6980 2294432
3321 2212 1419037
6091 2973 482509
4868 8008 273294
2177 4776 500655
2952 9016 942618
2081 5808 620672
2218 7619 1633677
965 5065 311327
3819 7190 771649
2008 6566 253355
3045 1104 448492
5383 896 50737
9924 7788 1017420
354 8732 188324
3563 4944 724977
7048 3182 92171
5109 912 681754
2791 7927 746675
7771 8601 146696
3535 4854 1263183
6315 5029 162515
3653 2650 315902
1097 3428 160807
4727 6330 100604
4719 3750 551620
9018 9443 34112
1390 5521 314503
3674 8608 493108
2647 5193 419815
2930 6568 733669
6465 1408 32447
9859 4019 885055
9831 5773 615576
6620 3378 89489
2596 8235 398469
3899 7217 682586
7394 1708 953988
1960 7717 684576
1639 9568 198735
7683 4096 207009
8121 2699 529209
6502 5448 70326
4126 5988 5675
7003 2021 264552
174 6048 430269
3974 4080 421195
917 436 376574
6301 5265 85537
8723 1455 320809
8602 2727 553390
3298 5889 1424843
1222 2170 786140
8026 8770 83243
5271 7336 500553
182 6719 254269
1876 6344 729347
6655 9932 236900
5523 6728 30340
5479 2928 355746
5770 3365 762356
3623 5319 63206
8833 7477 153681
2091 811 157676
9500 9321 248674
5894 1953 570514
5649 8892 666674
4921 5101 172532
3905 7628 52275
1020 8468 497183
8725 2751 582034
3535 6831 499361
5226 556 417717
6713 6795 125391
4640 6356 4615
8420 7125 498276
3255 9632 43266
9930 7798 1021822
7666 7401 147554
5613 2214 36145
7415 3313 477955
2377 9768 449810
6131 1895 312150
8122 3394 167228
3680 1128 4899
3108 4242 264993
3678 1178 165345
3440 5537 38894
2976 559 735618
5097 8970 1247560
4132 4265 1049
7373 7507 1138623
4394 7486 342889
6771 5155 99370
3126 8664 391811
4649 4548 31318
5044 5321 1719819
7329 4596 86699
5813 6798 1266590
1153 9965 1561997
7424 1584 346593
9325 9575 348618
2700 9931 33734
7667 4380 289848
64 9828 150805
5395 4861 577290
4100 9538 473802
6005 7337 182254
9182 6062 670775
5432 4841 384804
9329 7449 302826
9535 2674 221263
2226 7994 1655970
337 2881 629215
2791 873 216147
8052 4682 697981
5793 5225 728322
3722 3207 1462489
5619 9235 7472
2843 6467 611140
9380 4677 544897
1958 8669 14244
9170 563 24849
1221 5893 102893
2520 4187 36511
8498 4852 410076
1241 5978 11352
1264 1165 382788
3785 6507 30059
1449 8900 759185
4742 6102 1371697
5910 9216 1511294
4183 8625 610574
9457 307 61213
8470 4108 153773
5827 6686 334726
7120 4284 1708140
2459 8444 46688
1985 2359 1050709
6784 690 167384
6909 5560 99360
6169 8457 140621
7714 839 932889
6949 9479 1467165
4532 7925 537804
7530 4651 81633
3199 3908 1920620
2643 3296 2077
5047 486 459049
8683 7042 1429475
6500 9178 674997
3996 7993 1078414
4670 3386 177236
4136 8838 524807
3227 544 1059164
7932 4574 183937
4121 9609 181231
5157 7336 196180
552 7882 790456
