172
3033 1062 887185
9969 3608 59410
5956 6295 707298
1358 3455 274544
5431 4086 37962
2473 1373 125729
3731 8630 920786
1397 7033 391088
9776 9881 754749
8091 9350 36976
8120 2256 174535
644 573 626408
5095 139 358193
3327 3908 1061872
5588 6475 42724
9962 8830 131633
7878 6412 574003
573 8664 1442029
5585 9484 739239
3846 1310 1045658
4981 7228 993851
8725 5332 731507
4139 6996 315134
7497 6416 566860
5428 973 436040
48 994 275754
1183 9258 237830
2139 3377 123812
9978 2290 707
6636 9146 1455422
5182 8616 789522
74 3858 427823
2429 6024 337233
6181 3600 169174
6451 8202 1322972
5837 249 421622
3587 227 685835
6600 1453 52904
8055 9174 868891
5289 477 229297
9650 1104 329490
8506 896 1105864
7484 4030 238897
338 9444 250724
7937 949 104967
7818 3417 55823
6676 3253 2609012
6262 4311 1602961
4145 2503 184255
5762 8131 378683
8333 1656 500203
5359 5451 196028
9374 157 532645
2453 3016 94696
3815 8049 681402
2176 3740 177290
7136 7951 584213
646 3280 213100
3885 6465 290791
575 4345 1790410
1859 0 1537171
3024 9199 877023
129 7885 410330
780 3759 29451
3286 7919 346941
9058 9901 992570
9917 9072 2114665
9985 1808 702733
4193 9336 16801
6749 923 43425
3270 9780 407187
9366 1957 959238
2574 4495 249327
9402 4173 498965
6449 124 881620
3191 8603 305428
7070 3343 107314
868 2541 30255
6293 7788 153056
6657 9097 83579
4971 1848 415956
8721 5321 411184
3209 8996 1294481
8257 472 14623
5148 7695 139351
5555 6039 931914
6383 7539 485597
6103 9794 385491
1500 1426 1520272
526 5733 61121
8296 467 130953
8457 1557 740465
6541 6278 161457
6729 2781 328653
2787 7530 943886
3281 1042 10888
4907 6011 238914
3071 1281 821457
1368 1197 270722
6049 9162 213839
1942 4193 546217
6166 9986 188882
1933 774 429088
8680 7018 597945
3963 5296 281277
5 8030 842989
4993 9414 2825100
2267 8448 128886
3257 7413 344144
315 225 171644
1473 6807 354183
5647 2395 1217780
136 3649 431052
6797 4592 52202
6406 5605 1564263
1911 1216 73420
2966 2128 676099
6839 9635 558408
7683 4827 752610
7776 6626 20775
2097 2745 77845
8712 5694 339889
2244 8631 875818
5101 1871 198647
5514 790 1092207
2298 898 986091
1876 9741 1764512
5705 8917 162822
8405 8894 92510
8853 910 189052
1832 4971 255027
1998 5681 1527433
4826 676 1217311
953 1360 196988
3424 1762 860768
3081 1702 265653
8055 4026 1392023
9279 2457 65031
2526 5555 891697
6773 1039 20466
7387 2510 1615228
9235 5419 2181
9513 8520 292066
6346 7782 226391
765 3010 1521029
3449 1872 913627
7343 6939 173143
7407 7584 217982
2668 5826 810076
4429 4900 34834
1121 4431 236392
8844 8764 1852068
1744 2001 991002
2561 2398 122109
5834 1675 1571887
9888 696 244598
5765 1720 2099801
1610 3932 1078502
1856 2492 680055
4130 2597 251455
53 3924 830609
2786 20 261158
1311 1102 773414
9165 40 84173
8479 475 32117
8686 4641 2426538
74 9349 137724
9283 1523 1703976
7199 2676 470202
470 6940 19124
1895 2857 740779
4434 5758 33038
