82
9051 2620 189803
8085 7447 499819
1107 4743 533828
5593 4745 9278384
2859 8951 738115
6129 396 1364737
2771 7420 541428
8945 6127 884563
7699 6899 1354094
3581 810 1869492
1234 5876 630304
64 5801 1734492
4927 9438 691798
8875 3729 381938
708 1559 1229615
4130 3422 174935
2189 5120 301475
1889 3009 688956
6681 5150 381504
3712 6147 2890388
7473 8993 102995
242 7183 252973
3412 2464 98603
8958 2037 792194
5118 1344 14541
6231 4373 22954
1858 1492 1084320
4940 1874 4401010
2138 5698 96827
8946 9492 550221
3408 1955 958234
1962 8717 1509409
2728 5817 825521
7887 5903 1591952
6068 177 122534
2730 8855 647489
396 6256 1625007
3461 8379 212742
9254 5946 1600034
2934 3758 3832126
3115 7631 1005840
1016 7170 513698
3632 9542 1620989
3293 3258 1530576
8267 5532 1636384
319 3263 52066
7996 5867 2021045
6331 6911 791300
4539 6854 1014213
255 2187 5749295
1111 4924 1286524
6064 4578 676361
1227 1181 866219
3212 168 723943
7669 2096 984239
7387 9782 224014
6937 3754 1008336
6826 1221 99440
402 3636 384448
9871 6893 5801112
1606 2661 263116
334 2820 951985
4418 8488 374740
997 5100 2419319
5869 6584 761204
2976 9554 1412708
2355 7962 3991026
742 1625 2344936
1206 9370 1327456
3164 8455 1077245
8314 2922 561466
8174 5269 2131202
5898 1979 1150716
9440 5765 366105
3200 8461 1155098
3907 6730 844948
24 1302 602668
4854 6485 320499
575 1022 587611
9335 7263 645888
5446 6397 467551
8246 8107 1551117
