197
8843 4587 945067
4450 2859 117525
1371 1374 59644
8451 8896 256447
389 177 249049
1039 5687 308016
205 6265 234707
8580 5496 634933
3708 7865 29347
4542 348 587292
8324 579 81591
2399 102 1080889
2981 9378 60787
1262 9882 164996
6143 8823 566935
8898 9443 174547
6949 865 190558
6606 8750 280100
7795 6819 709943
5401 1390 2265012
9563 9049 924574
3990 2448 246425
4928 5330 132153
3495 6235 1865
3215 4470 413807
9577 8603 932773
1916 1049 114649
7538 1342 916795
7155 2531 636174
8583 2042 231653
2023 8622 912983
8258 9605 235313
8829 8029 127861
4710 2852 891346
4679 374 497773
8352 6441 1101782
7847 8662 447738
2229 7544 100393
4588 7657 598442
5780 9287 316272
9519 2670 929345
3968 9314 405656
4539 7367 2381084
3549 1979 100707
6911 2066 72217
3846 9588 86998
7126 5183 610325
512 5278 310775
6879 5065 282818
1780 321 91565
3273 6371 76346
5591 8847 147082
2873 6546 88655
4094 6021 503311
9181 1860 51004
3340 5664 1600388
31 9134 17887
9409 8242 579562
8088 3205 187242
7953 8232 749740
7837 6060 4819295
9833 7344 92942
2967 7959 310682
2660 7814 987378
911 2187 223544
6017 6280 201896
3829 3507 1215594
8829 1220 865652
3572 1956 568521
9096 2384 94624
7382 9175 26607
6726 4257 562928
2786 1805 371197
8359 2318 205196
8727 3074 204964
9950 9693 351746
7255 6988 8054
6950 6655 244070
6015 2195 205021
3844 9362 558758
4786 1086 478989
5833 8341 735429
1213 9302 720295
5478 796 172665
787 7643 534004
2673 1782 421429
9677 5026 734635
7339 4497 374545
449 9493 604112
767 6301 204527
9718 618 547302
8709 4051 519969
2377 1618 621851
9320 2362 43880
5678 6530 304161
5375 3086 563480
4150 6869 155618
9145 227 437869
6877 3550 288290
1164 6495 207520
9536 2813 609674
9197 6653 140190
4327 8163 390360
9507 7531 25839
6293 9851 38811
2908 4660 660765
7859 3589 661610
3412 3141 859093
7119 6645 270900
6143 9006 460262
5099 141 512869
6018 106 1223495
5663 6076 889401
4425 6665 107223
1531 9755 1036554
5338 586 3375
2650 9274 16826
666 367 56344
2232 749 5682983
3413 4477 185339
9529 8705 520020
5073 8371 400186
8142 5939 184091
2849 77 352397
5245 5695 96674
625 5252 675776
8172 3118 62976
153 1439 640992
9044 7289 47406
8686 4119 566991
1056 8188 1683941
4666 1361 324211
563 3281 729184
3115 4399 15776
1525 7107 332923
3953 337 632512
1635 6379 422396
8124 2039 63292
1647 6242 326032
1068 9690 61205
3968 2856 514903
3488 5332 4715514
2971 4868 629048
861 8096 189997
8642 6961 1011537
5368 901 253013
7826 4675 594539
7819 578 1085173
6318 3356 131506
7779 6731 1076094
7860 3848 388541
379 2802 82210
8 2159 547241
9087 4385 99770
879 6341 442667
2093 3863 887989
6114 2988 120574
4574 8639 693722
2188 3998 266398
3342 1281 502063
651 566 326931
9422 4581 56281
145 1884 18010
787 2580 129533
1794 8977 1125983
8291 2917 394024
7535 2127 21177
7174 998 86786
7639 2664 743958
1492 9620 938478
9070 1038 311864
2548 1086 202353
3032 2370 189637
4703 4559 648155
1818 7947 30971
9733 1303 536969
5189 1246 564268
2662 4482 1203
5093 5699 59499
1458 4176 13788
4839 1612 268621
1239 843 162471
3016 8877 312
6225 5851 660862
504 2346 947610
3749 1222 895743
7749 5241 661669
2408 7532 216918
1682 7429 916871
939 1889 220265
9160 792 184619
7908 7049 139890
9296 9461 318952
1880 782 316549
8201 1701 828007
9185 2169 1004164
7221 7806 813114
