59
9674 470 1583213
5800 5196 5640310
9862 5288 184842
5973 4563 4824068
4298 9679 675828
8752 4397 819573
2865 4829 367069
4454 2832 859966
8966 3682 1551356
4372 5051 1327582
3335 170 702964
8797 3644 1321588
7125 124 2214251
9240 5609 758388
9063 8873 319281
3630 1805 296131
4310 8796 163612
3296 7710 574061
6940 6429 650591
9897 8488 6004597
471 50 774253
112 4431 1816633
2652 7338 1532429
433 7186 18761
9579 3093 1650716
5175 5530 4450065
8586 7340 2087441
3038 5923 1637823
7747 2549 1281041
1734 4663 4326894
114 3391 3393723
3286 8491 630423
2894 4222 786985
2049 2003 3203669
4066 5590 572296
7554 9182 64434
7803 6632 2251337
220 2276 786442
4706 383 379954
4381 5213 949763
9218 5629 2218846
1047 8837 2251939
6547 1554 984779
7758 9881 3664146
8857 4322 991766
9383 7003 1734445
4606 3398 2061398
290 8723 111170
3297 42 3456631
6337 1469 6103091
1946 4400 572267
1700 5941 447420
5628 4794 4378511
1002 7360 1202599
1129 3970 2124008
5454 6217 1250357
8203 746 1745157
3614 9402 1060217
7750 95 206900
