57
2009 7099 18392
9212 4304 2634029
2153 4980 1411195
8966 3228 111551
3291 9013 1496589
6221 9888 1759705
6508 1336 191545
8660 4542 784227
784 8095 3025410
8980 9603 356555
186 1527 625450
481 4218 2754031
6826 6461 4024176
8197 3813 132245
4091 7432 624880
6624 1719 529540
1659 7809 486656
3662 9604 2449268
8595 5518 61115
1795 3853 1131273
1904 8347 4047535
3417 7804 3359272
286 4727 854206
3488 3881 171740
2713 5860 3069711
6295 5277 2746668
6601 9595 4133595
2043 1603 7977565
730 9921 105416
559 9483 63353
3886 5306 6612408
4888 1799 2475728
4733 9028 2646516
26 9927 2877555
7814 8196 473962
9847 1537 885600
4784 8958 2202284
9771 1313 217301
3517 7879 913748
169 8427 2012239
1810 2335 1817420
6142 7413 498431
5758 4474 1313186
1283 2353 2601179
2159 5359 633679
592 6334 2572290
6519 2795 3758805
4725 1247 907009
8803 7207 856109
2718 5037 1589447
1064 5092 202782
3313 9843 208904
9749 1096 2459979
230 8669 307450
9419 5989 702304
5333 9827 1345242
9810 8349 5771550
