173
1564 8985 107163
7531 9552 37985
6916 5208 34174
1290 6742 985416
533 873 741180
5894 7193 994141
4509 126 266865
220 8289 854498
6588 3636 72356
9428 5242 106361
2827 3608 495573
7832 6276 142145
8826 4113 1037889
8030 4827 129089
6003 545 582668
1187 5422 433850
918 8340 364759
5370 7388 880997
3180 3587 321720
4704 2330 453925
999 2610 3165
7581 9116 679967
5101 6358 1290812
5257 763 139081
6405 8376 193619
9706 9497 1821509
2489 9189 267922
3418 7043 109886
8409 4970 295208
2598 7484 760723
6925 622 119324
7288 3013 80491
3895 4005 1082831
8930 2206 661202
3363 5543 3465
8963 2199 972957
1131 6343 67074
3789 9772 425987
9130 4398 420006
1049 2700 529894
1229 9731 204746
1056 3924 8453
7835 6740 52641
4270 6134 458969
355 526 891292
3567 581 366083
5101 2055 644018
6460 9424 712501
8118 1934 939009
4588 9972 347690
4045 2252 128982
2878 5182 1087610
6000 2478 47473
4382 8712 743591
453 9807 34987
5074 1460 921128
89 1202 876166
5249 7719 113444
2598 3046 278015
9967 152 218258
2605 5703 242526
9622 8075 291354
6327 8813 1465624
9674 371 202625
1322 2578 322665
7481 5358 414627
1583 625 284561
6698 8438 355639
2703 6294 2165475
6240 67 517474
8381 5666 1746079
465 3421 506567
1082 6552 539867
6426 3615 1200797
3002 1713 1094187
477 2850 165690
5764 4684 1169195
4151 8921 2104
9955 548 1023626
2445 5343 471009
1472 8844 1528250
400 4832 786323
6692 1181 22117
4574 6212 674094
9517 6306 137552
7916 845 345462
2566 3645 1383541
3628 980 1158971
7644 4481 930850
1137 4205 833038
4588 9795 389887
7251 3060 472905
7289 2473 503830
8506 5216 769139
5021 5755 426841
5420 9795 784723
9191 751 769389
104 6069 2594551
197 8514 412675
1465 5483 1001173
448 2152 73543
7458 522 1498278
1015 6687 173708
4829 3612 139448
649 6671 1148125
3792 910 602642
8288 2839 289401
2297 3959 555817
6610 9797 1099588
7534 7533 1001300
8056 6961 301313
3478 2586 172793
8055 8912 181214
3496 2796 7715
1438 898 1214452
6770 5018 239366
6463 6363 22096
8406 8356 1009350
1091 5336 606693
2202 5584 273680
2947 1292 14282
9857 5149 740058
8740 6729 293415
7814 2184 234489
2749 5459 249040
3960 8015 140687
7096 4741 657809
8825 4280 916948
2211 8011 922645
449 8104 176593
3070 1188 245080
6287 842 356808
7422 6404 1531982
9393 5425 933487
1044 338 163409
6478 6899 407977
8160 8751 1101933
2505 1279 369354
2053 6258 950602
3999 9778 1055725
4161 3257 1609666
5813 6211 132733
7761 2931 356607
9871 9310 288298
9031 8382 1128348
4352 7140 233412
9491 8522 355718
556 4564 1005709
3054 7924 121978
7059 3960 175353
4499 9102 3282935
5737 3889 504375
1286 5367 72639
7113 9765 444923
5660 3985 412803
84 3125 250115
1375 385 69295
7041 4651 66987
7215 7402 1569653
8158 1177 108319
184 4794 2909
6855 2973 177185
1108 2088 1100970
751 8787 45724
4890 1765 158300
1038 7641 860999
2503 9393 199082
9193 1532 299077
9340 4933 142043
8549 3801 2258199
3595 1774 1180049
5454 2317 168737
4691 8135 994080
