100
6484 6401 157082
905 7749 212640
9613 5720 157190
2790 9898 1041376
5943 5242 2572400
2765 1861 250070
2427 8405 3263875
3427 1078 199651
5270 8899 78920
2901 3491 1172113
8945 5583 522523
6567 9622 481156
1281 5867 662368
3485 8654 2036340
6962 7994 87403
9353 486 787825
2941 1314 741800
5779 4897 523167
3907 7430 701806
4302 3656 277459
1256 5485 297930
747 9175 1483929
8508 8575 979549
4916 9939 944936
5211 9845 3079478
8254 5428 3663376
9321 1161 545483
8211 6603 350575
4498 3475 388427
9955 9665 1772613
672 9846 952382
3817 5759 802951
9807 9522 219883
8985 1791 754982
9842 7820 1290198
8323 7290 901140
1725 4619 3441278
4521 6266 470653
9840 3351 1968366
170 5191 685042
9295 2534 533663
1219 8594 417079
1174 3766 96289
5795 7637 2130362
8950 9986 617859
7227 6035 165657
3499 105 2037888
9325 7575 921431
7001 9770 259808
395 1033 404255
5031 4797 5281176
8886 9068 203796
5535 5153 712161
9659 556 1002138
921 168 382673
5982 6830 142305
6030 7589 1633422
8463 341 78224
6396 7051 892877
7363 3878 325100
736 1280 1946264
406 5859 546822
4245 8610 693213
3683 648 810373
9530 1020 2878179
942 2761 351164
1268 7372 330499
7973 4186 143902
606 2031 2305968
5689 8952 396505
4998 2208 1404013
5564 94 832686
4906 9004 320257
8637 8612 1823062
2751 1218 1159738
9280 9889 371504
1824 2484 1123551
4699 595 100710
7590 1596 664183
7113 3274 962125
9722 2241 2538202
5507 7181 617788
6672 2500 241109
9781 6756 2614256
5606 7941 844389
1781 7272 320
5625 9594 406384
5049 4831 1350709
6175 7879 1791162
712 9855 667565
7452 7144 2007974
1229 6657 588861
7578 3595 632557
8867 5458 1946135
6106 4770 329148
6614 7584 798890
6085 7425 2496745
2389 2154 216306
4899 9075 837004
3297 9742 751280
