165
6636 3063 191666
9413 8780 17672
4602 8502 110423
2073 4172 123094
3521 1802 50553
5619 1198 347276
9650 5528 5168
5054 8803 48159
9120 3712 65978
6644 9133 168890
6999 1725 154918
5070 4291 1141657
2435 2389 808013
637 9826 429098
6258 8996 566276
2015 6488 549920
4949 3362 147252
5831 7638 1811854
3938 5130 510557
4572 1281 447446
8248 1198 684319
2424 8609 967656
9245 6809 617485
5057 3138 1325105
9860 8414 455312
8402 2618 257129
8888 7641 330909
7266 7687 249163
2958 7389 122612
8648 6712 275765
8386 6392 71485
5133 5556 696814
9641 6471 19126
9669 4090 631975
4623 5417 335211
49 992 483911
8177 3801 857753
3141 6245 59884
6998 809 53262
1614 126 1051535
323 5016 117899
5252 1046 1570524
5037 1153 246808
9051 1979 1025039
65 1268 152061
9481 69 411299
7456 1185 312407
1749 5459 2107720
7848 9802 2203517
6282 7069 270952
1021 6129 1603948
4589 4757 815244
5818 5291 1979759
5993 4633 39876
747 3186 41646
804 4674 1030782
2542 5066 439242
245 3801 450827
4329 2648 356241
4693 9993 93929
3996 3042 608761
3558 9999 335629
2485 8338 1075237
6798 111 649768
4501 3312 212173
1825 4266 1958222
7608 3753 961247
7310 5204 282336
2609 9124 2417110
8228 6254 292259
6943 7456 957396
9139 1376 802427
6824 129 177939
6338 7632 623548
1194 3380 108294
7524 4752 621508
8816 4793 844369
9164 1791 402398
4652 1342 246417
1058 9542 56097
1290 9235 1070399
7757 7006 680679
236 8539 182984
8830 5888 263403
3608 3921 509601
3874 3631 1036851
8043 6235 682144
8689 1094 696477
12 2149 100632
235 8601 115673
4650 9023 751459
654 4420 3456644
2008 7953 952919
7280 8380 421895
4980 8325 521428
155 547 203802
8006 2487 448753
1424 5633 1622661
8735 2710 1895018
2770 9662 419378
6257 4076 621483
9545 6793 65152
663 4437 374045
2882 3511 1509411
2952 1389 31080
6811 6992 4527
8681 399 517490
2413 3289 143684
6249 6288 619796
3786 8687 400608
1900 5780 45834
5692 4165 403846
4648 2896 629083
6071 2860 448999
4780 4805 435846
9863 155 210562
2354 6551 115983
2248 9683 432752
3018 4169 202315
2335 9017 652429
2901 8702 829539
3716 1886 2674322
6890 8033 145
4831 5454 18896
7220 7002 936814
672 5646 612353
3176 5781 285055
7709 713 105259
4894 7608 362678
2055 5428 304490
4399 6911 319672
7429 8453 1436179
3631 3246 149048
9819 980 265663
7642 3580 291529
7760 6039 305687
9783 8359 88659
3966 4329 11727
5285 5161 2016246
5194 2355 507983
8959 559 320854
9143 1600 295025
5857 1234 567250
3115 1427 973979
5585 9821 2765313
7405 3550 1259165
2036 811 798146
2767 5019 33565
505 9546 55603
1752 7120 2417388
9681 1638 1855843
2646 4356 716412
7258 7391 149678
9467 6104 279570
4206 290 853208
3876 5414 370309
7188 9594 2035626
4474 9021 42561
9389 3781 804426
763 6287 667329
8569 7763 188531
823 8219 209987
1319 1992 128388
7032 2069 56642
9620 6198 590397
