137
8717 7013 221211
5615 8596 434436
1735 7975 304285
7296 9254 176452
2311 3126 228651
502 9785 264975
6241 3423 2345903
5737 287 19771
2152 4285 779650
2521 5675 1562898
5568 5113 843812
4577 602 374660
2541 3198 157714
3122 8430 1191281
8019 746 64104
7645 1587 1926560
9003 6797 440880
4167 2483 993150
5282 9850 1384698
8477 5810 1071739
5611 1074 250934
3177 3386 1298162
7655 4103 71073
8869 7159 1057773
6122 466 777393
1756 1221 318302
2471 2569 744958
6976 1167 1600727
1966 3125 163620
743 5437 1032016
6541 9101 266828
6758 5573 422877
3385 3086 85177
1646 2844 81292
715 9412 1520721
2459 9648 809843
1794 3166 901623
4530 4730 173501
7389 3696 1768
2016 4682 621927
738 8347 1029401
2341 5164 422983
9654 223 186973
1655 2541 2455374
5925 6412 310264
5210 1096 711501
3105 5849 1162978
471 4550 270002
246 9031 592357
3941 4211 14985
8958 3766 489208
1546 1683 782984
601 9718 144885
6979 2741 803974
7078 1754 240759
302 4361 512097
3050 7409 1840486
6746 1425 2356006
5608 8620 335025
3195 5144 28528
8632 756 312367
5591 1176 135803
4713 4915 519992
7306 5500 173388
8968 7515 107686
2645 8333 1357053
4721 2815 874080
3225 189 800327
8795 5584 391081
1015 3802 1522392
2202 813 442794
692 5230 771340
90 9955 3212860
3250 415 1166963
4695 4431 1081352
9484 5363 2049469
2107 3084 754719
6281 4614 410332
5667 3708 214936
7647 5557 75804
3802 5752 17930
8022 8443 790256
1475 2619 380967
35 4189 490309
19 2884 299999
9921 8798 212223
7589 4897 43352
496 8251 2270555
1552 5352 80895
7831 8244 386830
6827 2090 310327
7447 4313 468
5439 1022 532258
6704 9676 783005
620 2075 71121
4009 8658 2025466
6242 3330 72379
8593 7068 754844
5266 7797 876107
6274 8429 591561
2172 3208 330872
7002 5691 209230
3638 7160 1632610
5841 7809 229817
828 8087 221393
4230 1610 1298256
9438 953 1242491
9266 6480 578632
4126 3465 193096
2755 6740 205632
8459 3335 188320
8778 8341 163909
5606 1752 738593
6971 766 3479168
3220 5480 459378
1007 3393 3346614
9503 3517 684685
3752 9109 770574
7532 4817 174458
3548 8688 1390227
6352 2166 2275887
8354 679 132187
5070 8380 1454042
7947 7681 965074
9009 4531 800906
1950 9364 101683
3747 2748 50602
8343 5755 686343
1647 1929 111429
5654 1271 119578
7377 5116 1142106
4233 5899 404963
6176 6444 189617
8746 758 2445363
1061 9844 2040566
2231 1064 40820
2101 7265 457174
