115
2766 7627 341196
4711 9417 274078
3703 617 11739
4538 9107 196727
9549 7100 1054589
2654 9296 97518
4974 4588 308948
7911 9942 650092
4017 3311 959115
7272 2235 292405
5722 9164 587002
1584 7208 785511
9719 287 121448
1992 352 200611
5807 84 1396093
6945 2524 454405
1870 3393 708009
109 9883 527459
3970 2481 643028
8429 3579 609049
1560 1542 876288
6368 2991 1476535
108 5827 1598795
4307 7906 276947
5371 6422 699828
6561 2375 1801674
4780 3428 443199
9247 4411 1639967
3375 4029 551179
3904 7128 1379535
6706 1255 2846218
5345 7885 2730272
9321 7652 404635
7657 8815 616610
5818 2548 1140566
443 4338 678237
7104 9364 2418798
552 5563 324268
619 7336 635144
2142 4502 700561
5521 2845 31417
922 6500 845231
468 409 699560
6092 8968 1270036
3075 4058 169373
4964 6160 102638
9090 468 139853
2363 2218 646929
7711 3782 299487
6116 4514 602664
5922 7149 45133
7644 8781 1460515
4852 5292 620799
5309 2304 373546
6425 5434 776997
9366 8468 1704790
349 3347 451976
2293 5271 739286
6248 3849 147632
7946 8960 104616
9370 5355 834374
5627 3778 118192
1202 2289 2425450
5411 3259 1165225
4351 8039 244036
1359 8791 1171145
5180 7329 414853
8855 5851 275191
2482 5931 1356722
211 2849 2184095
4627 5031 2120656
6362 2283 1632282
6926 2749 344766
4595 462 333336
6827 9489 305045
5201 7702 1023542
2370 6796 1663648
2861 3597 1037578
6790 793 450068
254 6172 827943
5301 1183 253089
8999 4790 184210
4890 3549 1678093
8599 152 31651
7362 6302 463000
1972 5579 119141
647 3596 1497324
8041 2291 334554
7117 2158 190557
9423 2443 2987223
6715 453 4531912
1381 9249 165711
2720 4680 3776879
9270 1633 321830
2454 8855 1130766
8861 3823 2769926
4401 1692 3420548
1906 6416 431463
3748 1415 153426
8697 6925 387673
7086 5741 2564877
3306 5802 1527096
3729 2601 1359229
5791 7594 186429
1899 203 50314
1983 2659 367527
6017 5713 1006311
4880 6261 1544844
1674 9317 326541
675 2025 808759
9288 7635 17300
3748 3790 9480
4822 7274 323452
2462 3493 93053
4341 2011 366909
