150
3646 7711 110501
8682 9536 165189
1594 2908 342709
295 2199 437865
7401 7620 41993
9344 2649 2084958
4592 5196 64987
4225 6876 504587
2056 6579 128599
1228 5011 55266
4996 3485 325252
8593 7026 105243
9855 2620 197529
3925 6633 1098559
252 8728 1465968
1486 3743 609790
8737 7336 1124466
4026 1701 643554
8719 3939 741507
2976 7267 1367881
8176 68 102327
7532 5210 117443
8868 4322 1271597
1767 5457 1125356
3949 3939 1923579
6495 3450 107542
9973 9424 644328
3907 3189 643570
9437 3024 1102082
10 2717 1812997
9287 2904 1380173
6834 2401 478885
6659 3031 185369
6712 2790 136926
9420 3729 2423967
5887 6060 628616
2673 1852 155676
1329 7929 53904
9765 4539 1806298
378 6881 58606
2150 1893 257991
2446 75 1285392
752 7696 537806
6497 292 1352767
7433 2293 299770
5426 7202 274488
8266 4165 268770
5869 221 244726
3407 8789 475185
8930 35 247667
4802 398 1105048
4888 4211 329528
2227 7788 992624
3273 126 194252
1638 4850 144851
8689 7150 200696
2326 4121 1417838
5167 829 865547
7835 2906 3145321
3612 3222 342712
5153 2690 751465
7688 3074 539664
2859 2130 57829
6285 7823 1266779
9867 727 1826582
7143 1960 348490
1259 102 315836
3246 3957 151638
6109 8368 839156
5073 6342 52359
1681 6054 2065998
6000 4336 916633
3972 2970 902241
3789 8361 1802661
9176 5744 67954
7408 3793 195085
7639 3402 583236
8147 9517 466436
1724 3802 831147
360 2539 29669
6848 8868 544008
5709 8456 643780
2740 8993 977877
5117 8573 1437650
3535 2457 44027
3248 8862 281434
3805 8070 325328
4139 4940 742338
3996 1488 659378
2936 1836 995155
1590 5706 59488
4628 7987 24109
383 4512 85264
3805 6362 837991
3410 2137 415944
7139 1996 607288
3587 9390 244070
7967 3320 390693
2905 2755 170312
2410 2098 168763
132 7484 119751
2631 2442 70169
8096 7707 274276
6068 1961 2065951
2974 514 718705
2062 2315 64220
803 2100 1044369
193 7422 1090849
8752 6481 39399
7956 8137 508993
2804 6101 24485
5638 932 773352
6416 1555 86550
8345 815 582312
920 5567 570926
7044 8034 75153
6444 9758 1101941
4262 8300 228133
5171 2342 1857022
3517 3012 29229
3208 1362 3158148
4926 3338 593075
2009 2553 712083
4606 4084 249584
4990 6361 578208
3028 2594 716306
9432 7006 1020876
8096 920 523326
5532 4428 620078
2607 2987 2230145
4336 235 1976831
4301 5694 509089
7360 2052 362099
5483 3043 412315
2698 6390 1130222
6492 7885 835586
5200 4674 1043655
2533 3953 155600
5354 7764 849600
5579 5159 522159
2980 2198 305593
2816 7699 1532007
8737 2527 84252
4547 4613 1021978
7470 4388 500960
3004 7904 854907
819 3489 103591
8503 818 592343
363 2680 43209
1823 973 12012
