191
1242 4425 21786
2807 2914 16575
4823 1854 67222
6271 808 705391
1838 9182 1049340
6878 5448 117453
4210 8252 1353243
3759 2412 680339
4681 4374 257110
7105 7956 80045
7753 3861 1330034
3260 7499 978860
1480 5889 720193
4815 5786 266524
9910 179 227589
6950 1588 319961
7054 7571 34861
3836 9278 178863
5867 7820 215646
2624 8942 490711
9374 8143 530001
2874 2054 80637
2242 2712 458651
7756 9598 153616
6178 6362 275253
5691 6534 1900569
8181 8664 59293
259 7230 234392
5047 8144 70262
2175 5586 3276078
4356 7689 1331143
5522 1156 977400
7618 6235 631920
7284 1197 417884
6382 7811 101106
7529 1038 216938
4444 6405 18415
6129 3044 305185
8347 4428 326519
8048 7838 548661
2572 4563 102888
4082 3249 351109
893 3104 1603873
1758 2588 77839
8992 7769 12115
7433 7530 92906
9742 4388 28171
8979 1142 60607
5780 8064 107681
5905 4454 564385
9355 9340 364940
978 94 1508107
1202 1969 851395
7919 5418 174126
292 6908 302601
5148 4892 397715
8499 9201 488007
5236 9462 832868
4465 104 18126
5629 6118 428008
9204 909 108058
2434 3811 156853
4380 7835 938768
6041 7353 367015
6072 3355 400921
3097 68 290242
7314 8945 213066
3976 8615 17171
4150 4921 604199
2157 852 1641923
8657 4109 821353
2647 1088 431501
7212 5962 2609933
9878 7546 491675
2501 8042 760014
886 4132 956846
1789 8821 835309
2414 8998 1832381
4309 2522 1744124
3444 1116 674107
753 1231 392975
2242 1817 49377
2983 8392 1184017
5480 9109 52089
811 8104 102860
321 6569 203808
6741 9749 202279
6665 9701 784780
9744 9289 735630
5891 1967 273230
3898 9698 1277854
9162 8086 178137
713 9408 215386
7963 7269 77287
9358 9982 86333
6901 8854 287452
1450 2230 464747
1471 5542 620594
1619 3902 92711
574 4689 142883
1235 1346 23394
7263 5047 803834
5893 6279 331934
3699 3729 190550
7060 3289 564086
5721 3710 1599234
2236 1576 207893
8913 7682 81741
2701 8814 553737
4852 8180 361098
1794 5238 48183
7237 3089 536127
5980 7871 421900
4570 6946 66296
6257 8006 140383
7273 6727 1303610
3781 7873 356175
7825 6255 199748
4426 2777 1068428
2046 5629 204734
2012 1006 8983
5246 1410 142293
7195 4343 9782
8015 4650 60939
5829 458 221186
5135 7826 445571
4227 1605 1213346
6466 5772 395555
1526 1084 33509
7840 4537 610253
4050 4573 943757
7720 1040 523154
5552 9239 833714
381 2950 57304
554 2914 381558
7177 1610 254999
3651 1867 542437
7551 1547 30674
8221 2199 734777
5701 2380 517166
592 8975 136072
8497 455 1122239
5960 7931 207611
4370 9422 1979819
3691 5978 211992
2959 3556 316479
666 8232 827234
8414 7571 2687332
3443 8791 269619
3297 1504 154071
5975 8435 219739
849 3814 517606
6781 6779 1303176
391 9714 394635
3434 4859 89885
6990 1863 102302
2149 1710 28848
2062 2762 157348
641 8839 579400
6181 6874 448855
6252 4972 455648
4567 5290 734907
7360 5642 1208799
4285 3993 1458079
3561 1951 134638
5126 3599 20511
6491 8694 2126838
1483 5701 1036859
8957 1473 120618
6080 4223 217667
2968 8959 253431
3239 9854 926570
3321 7982 470619
8143 6473 10672
8262 9225 1406683
3200 4438 173334
1748 9258 164865
9705 6651 581814
6879 2629 194812
1972 3040 310159
7957 3286 192231
3263 622 1173709
9504 3741 1047144
7320 6590 770604
7948 5681 944850
9373 3246 737336
1673 7460 169178
5678 4933 400149
5861 4801 548920
3417 1014 476116
1500 4170 40912
