59
7563 1379 1412228
2172 7608 461379
9082 646 3200165
2797 8777 1103308
4714 3917 6174466
3217 7509 1332219
4168 6686 2388149
5898 3466 774681
754 2124 215991
5949 9796 638629
3678 2813 144847
4248 5038 1740002
1385 6660 2119721
2087 8113 292201
1391 6522 12104
1694 8528 2097248
6247 7840 4721040
1965 1335 1495829
5633 1465 262849
3154 4355 248415
7275 8420 2102010
7616 7189 280784
2523 5628 3162741
7057 2127 6688765
8226 2147 350451
7520 2495 1126831
4883 8175 234175
7152 6068 1213872
3860 7333 2874678
6859 8802 1482198
1639 4168 2120946
7869 5164 1616717
6076 3287 4215112
8064 2802 494671
3686 9136 1075936
3187 1038 3242598
8602 2717 2534499
7637 222 815763
8234 9476 1466825
5611 2606 5782367
3966 2862 1103938
2474 1356 3612600
3590 1300 1741365
5002 8668 4108083
2994 9873 1887122
6246 214 1122906
3987 2055 1019735
6377 7166 559476
5710 4652 516653
4348 3782 978339
6697 2628 877293
7576 3074 1188832
7764 2607 943431
3694 5163 82395
6415 1372 1118909
7218 6031 2237553
4948 7116 842299
832 8213 1031128
8885 662 1310533
