119
5562 8445 254352
7512 194 6618953
7495 7678 1067375
3196 5110 108059
5355 7496 946258
7942 8082 568926
7245 1374 784425
8110 9743 889115
6521 6859 364996
3732 1635 507681
7430 2728 296125
6965 1771 1001745
2818 1059 191855
4931 5488 773991
4876 1481 935772
9238 5219 258267
7167 7191 37057
9319 309 789473
4068 1891 301678
548 9645 981270
8244 3144 65186
5145 4369 179302
2075 2349 278546
9967 1695 401548
7301 7753 1118317
973 1047 1221949
7683 2201 1312047
6689 6809 650745
136 2496 228829
6990 7095 472752
5807 4271 24498
4777 4410 1104511
846 7667 1005734
8340 6525 2048404
3125 4909 781679
1009 1507 111593
3252 7758 1992379
8159 6179 1457930
3239 224 565252
791 2342 414824
5905 756 854075
5444 8202 503827
7767 1381 498468
9135 4192 526587
3056 5114 1916368
2023 705 441624
4450 4102 379550
57 7855 95014
7054 1132 1391443
7170 3879 310599
9629 7956 1253684
8473 2555 25744
2806 2585 499430
3457 5282 696338
9599 6221 1157776
3269 7099 443279
6218 9714 620133
3731 5248 839018
6316 5192 483075
3195 4017 938651
1256 9773 2930815
8673 8353 41080
1521 9286 1261524
732 8549 118800
8891 8538 1313098
4453 5486 664240
7741 7630 1292907
992 9868 668732
4401 406 475622
7625 1044 1696089
5749 8473 909151
2982 6207 558338
4923 2113 968509
1227 2459 2452913
5351 5536 1058946
9301 1635 871238
4712 5234 839721
8232 5573 1006081
213 9791 427399
6693 9449 2882740
7703 3565 8846
915 5674 708683
7892 8489 98260
2692 1518 1268762
9826 7711 1791078
2363 4501 1339508
8653 3291 173493
5667 5804 1781827
2162 5388 710573
1434 8664 50840
3524 9248 4036441
8741 1673 903660
2383 3058 809763
9669 6531 1017556
3387 2739 778770
1069 1299 1762076
9310 2533 1864408
838 3951 206474
7506 5017 1044527
8798 5344 443004
5937 1459 259992
6931 9301 907427
8610 7470 777472
8479 993 572584
1130 5084 74600
6811 7668 648645
204 8278 600382
6200 4661 249085
9403 9134 574424
1841 734 884711
4853 2575 282151
9401 6634 340691
6899 2203 472873
1526 5080 985787
1362 2969 1304108
9701 8417 46835
6068 3710 85689
2925 6259 672037
1039 236 35934
