172
1760 9648 60617
9525 3005 859151
417 6388 802128
3005 9199 35525
4316 1598 74609
832 1180 61707
505 1579 1324212
8897 589 715847
3913 16 466076
5358 757 296930
5903 1379 386514
8399 3826 2607447
4243 8630 680892
2268 7339 1457755
9755 8016 1303152
1760 4499 505862
4016 789 126951
3394 2745 137390
5989 5472 53448
9690 5666 293609
6678 1963 238911
612 2863 1060055
1375 9589 459259
686 2567 203247
6903 3079 918359
9648 4240 193841
4864 8493 707236
3515 9634 2238196
6616 7904 178492
9910 2377 72404
4458 7524 103474
1089 7369 509724
7780 1503 157214
2544 6378 1983485
4921 6564 195586
9604 3437 425641
3513 8507 120244
261 4168 224982
2412 7121 9449
5708 2677 878411
7935 7292 279390
5331 8651 1132703
1255 8132 526625
8804 5266 122038
6316 7496 1382952
1617 6926 304090
5418 2833 2580
1041 6634 715986
6753 6573 700104
9467 465 112793
7677 525 66389
3175 6707 710415
9478 2714 69638
7715 8666 562227
813 5049 641114
2733 5409 488663
1928 6025 764254
8386 2755 1291137
8377 8778 461346
8432 2503 225025
2263 6738 834164
402 216 673390
6296 1644 1023019
3989 3972 1392551
8988 635 1166896
4746 2468 612362
2898 6491 1326848
6164 4843 164341
5350 1664 93111
4034 6495 529242
8202 2524 571374
3306 8285 117830
7685 450 61743
6854 4579 931153
6437 2778 306127
1618 7293 391977
2669 7657 29420
4358 2153 298019
2679 2337 771804
4826 4794 230294
1253 552 393705
6072 6460 480624
9040 6142 158179
2575 7596 1175298
5977 4690 476506
518 1627 10469
6479 1827 244466
5802 7346 190070
6479 4618 846002
5288 8336 108984
6705 7470 566567
4063 3516 445812
4526 9535 214160
6085 7971 201512
7824 6707 1036463
6613 1767 262754
6665 5468 389496
1765 635 199563
6459 2557 50398
2195 7401 256349
1781 6693 2324892
4723 6467 188116
3467 3747 1838779
9869 2561 858454
2625 3468 183535
2700 2784 757320
8928 9736 205693
7207 4625 119388
9030 6002 516222
4668 4016 618683
9785 1955 622091
5102 8704 26709
4975 7694 78967
9660 8215 120841
2376 578 600012
1931 1294 2423420
6009 702 532608
4597 1369 866289
1992 3937 561931
6759 73 474808
4525 4923 527219
8427 5968 44807
4271 2935 51662
8367 4156 1590732
8727 2085 915336
7129 2130 2614891
5105 1870 809688
9560 9484 1665225
6305 6178 1087972
889 3410 18277
8263 9000 50320
2163 5573 625831
6763 1899 558972
23 3245 947060
4051 9852 128216
1475 7962 332677
9774 7334 24748
9851 3310 164782
2862 9759 364755
7352 3019 468861
8446 9353 273706
4220 9046 6077
1651 2202 6836
7760 831 188777
6331 2289 5541534
2789 9533 758541
4799 1059 579350
1798 3177 61891
4431 4942 82007
9138 5406 1051773
9955 5277 44393
2013 7033 1184435
6408 6403 315983
9237 3994 93004
9266 171 526181
1613 6133 872051
896 2306 828504
6707 190 918415
7703 9117 318448
2348 1161 37013
1581 4500 70983
9652 940 676607
5787 4826 614194
1060 5493 321020
2945 5951 197944
2340 4267 826555
6137 448 246681
576 187 1011995
2105 4549 106124
7292 245 1027750
7986 8361 1219394
839 2315 160502
