144
2466 4846 51679
607 29 1531080
7108 677 75102
1188 907 1019952
2748 6499 540520
4238 4575 118992
274 5277 913647
7704 7263 531368
3275 4874 97906
6690 6518 47347
9227 6709 2025252
9465 7690 71016
4591 5706 633180
9723 2300 129704
4517 4460 2984819
4999 3160 337756
4816 499 342350
4288 7181 29220
3479 3576 2357604
6560 8734 279056
3170 6659 553507
2242 4443 1796651
7827 8054 1673552
3547 4025 488253
8890 1714 145003
6460 7714 409366
4846 4760 536235
8454 6776 1763854
3384 4337 582612
2009 230 888378
1957 9846 43864
9631 8506 596570
4491 5698 745716
4124 661 10487
7383 3374 1528447
9517 8962 440278
6460 7333 63173
5877 1027 359189
1476 4301 3256
8880 5318 145011
9055 1623 159911
7768 1448 756118
8765 7034 166617
6315 8939 841924
5011 4804 1309800
9590 571 1720352
9430 42 15771
4227 3074 1212348
5433 7949 354826
3604 4208 233128
5857 3876 790152
9186 903 811432
2563 8610 73028
9553 6408 2421726
8877 6512 2096465
232 5346 438258
4431 3161 249603
4859 2458 1353542
7715 3003 174851
4719 1815 3058507
8649 9908 901499
3775 2231 234723
2767 2633 1441999
8080 6935 249901
3057 7595 453720
1630 3274 2093881
93 2815 540101
8013 7871 2716113
5802 7633 389386
5822 133 1088119
4891 6200 172000
7989 2050 807967
8319 494 1604629
1034 6190 983408
5646 1391 277199
8722 4435 192980
9129 4762 804739
8514 1418 306827
5283 1921 299077
1787 1568 1813568
8811 7798 5969
1499 3622 351724
5509 962 214722
5189 4289 67928
3021 7935 1535151
4595 2585 328395
8159 6519 53018
9823 7328 151137
8816 8134 647609
8483 7511 292061
9256 3800 686617
8494 8930 77527
4873 4077 1112621
951 8851 663892
47 9060 420716
8320 9227 535002
4438 2583 642855
1513 1808 915734
4442 3923 1786593
2544 1982 163161
9053 3243 169580
9961 9979 475926
2535 9548 539882
2191 6825 642443
7612 5928 1654297
3392 684 51871
4352 9718 185733
9887 3229 62544
5669 5860 2174998
6382 5359 880320
3003 3133 18389
6586 5596 165218
530 1906 265838
6120 1620 3177092
6185 974 488695
2397 4627 1396973
8347 9595 85395
958 4837 389983
7003 3914 38192
2570 9324 68804
7058 875 580342
4319 2389 130835
3154 6904 639872
7910 1443 453545
9377 1671 1408885
2084 2826 8999
3557 7392 216746
6165 4472 391579
6774 5277 82473
425 5433 5834
2566 6221 707201
813 2542 524454
9662 6350 133054
9573 8314 44153
7715 7238 1132378
6773 5558 930815
712 2894 1209822
2491 1265 1461129
8735 6926 388851
7041 505 83890
4815 7481 490923
9390 7093 442665
9015 8993 919183
8523 6209 1526620
