191
8893 417 49309
8924 9964 1064039
5312 8965 836549
4925 6305 380083
9722 8252 305475
703 3499 709897
7638 7872 76966
5531 768 47813
1368 1219 472298
1674 4524 93247
9591 3398 565340
3671 6364 697356
8381 6848 378897
8603 6389 2063529
4574 3771 726222
3376 9992 1731626
9503 230 227557
4982 5544 237617
5733 4111 11793
5519 5629 170549
3059 444 697087
3555 7273 163079
2853 8255 612838
1180 5160 116633
7195 7048 7025
766 2510 452965
2161 9671 787323
4442 5002 386366
7150 4797 20575
6300 7285 478796
1630 3903 205933
5507 103 624257
173 9909 786683
1634 1556 417588
9702 8331 10035
4412 2937 1140664
5509 3413 45659
9003 9594 405311
1715 3125 29995
6630 6083 1281765
6830 658 378882
1271 4476 92631
8417 5770 123020
3949 1360 97267
1095 8692 297720
9476 4197 108301
9256 6054 146124
9065 6081 26256
4900 8379 334802
3567 530 714050
9166 8917 49837
3315 1037 769064
5187 9300 855026
2692 2239 96524
9385 512 241715
7000 3029 310587
4737 2315 2634760
300 2044 7218
9640 5502 471580
4593 4532 554865
3216 9498 327866
6775 9091 133178
521 2140 1838583
155 9710 690158
6855 5423 913304
715 1301 1099140
7716 5632 181414
7780 9003 805894
3216 4764 922350
4947 7400 568266
6090 132 941115
734 9481 419553
3536 112 52938
9493 719 813134
5492 5247 1088931
1617 2962 52139
1664 943 106644
5677 7743 560515
5631 3824 564198
5004 6800 1525630
24 7551 1060148
3592 1762 355742
1275 8479 453316
2799 2494 406140
430 7606 2035897
9150 1553 333273
7187 8792 381583
321 2011 724502
6606 2917 51739
389 1874 1270813
1115 3350 403135
4161 8306 56525
4352 9413 1725217
4417 4790 1707175
509 4608 597958
8575 5860 1053049
1323 4025 141986
7072 135 298636
1951 5826 64842
9537 882 1271043
5603 3931 46574
3393 4862 233559
5519 1289 1737742
3817 8001 845472
38 628 75605
4654 7100 310455
6044 6767 119443
9577 9192 3149235
8299 1623 620650
108 3775 1757
1315 5674 720592
2686 7076 337160
2859 4110 173403
2262 4140 340484
8335 4586 974547
2910 2940 291120
965 2138 149730
6584 2712 65428
8514 8159 833223
2404 7629 114683
1484 8047 64322
176 4836 357893
3327 7775 1700622
1597 4712 187462
3745 4588 338968
4953 4926 299390
4870 6228 1919379
4057 9902 414136
1195 7831 977229
4084 1962 378320
294 693 315462
6353 3192 445640
3120 1007 540001
8774 3265 712129
5286 8566 601383
1312 961 87972
6954 9330 96468
2718 4599 359961
2560 3997 1155168
41 1068 190913
2067 3480 379981
2716 7871 40097
3649 491 124544
2857 6622 211138
5987 4436 672490
5674 4369 185235
4468 2227 247406
4272 8932 225407
2957 6899 2004817
7389 4224 164027
8400 2080 93842
9714 2428 68846
8578 3020 75118
1809 8194 245387
1591 9003 118099
5157 2361 279255
4995 2227 203161
5606 6062 1048899
1200 6023 463664
4150 1737 629127
8083 4822 281516
9153 2221 596409
8560 6516 1911817
7928 4080 271263
2752 4541 211060
5084 322 27860
7823 9744 76683
1526 7035 58695
3757 8300 5232
919 8947 1056412
8412 9642 225280
4500 9085 494191
7592 9761 84227
1697 3840 592195
1676 7631 473265
5869 8196 201334
3827 7637 511038
8955 6703 1360339
2163 856 348272
6984 9059 165796
4168 3121 1465262
2772 2502 154671
941 4305 263504
7757 8028 155066
6748 5343 488796
4237 1468 727661
8272 8570 443065
3973 9224 106947
1415 8317 742695
9216 6411 171208
8907 8550 739384
