116
7738 3696 134849
9443 2227 754578
7507 8336 4829563
9877 5314 2368475
7004 8207 623493
8227 7393 1672836
3152 4379 651021
75 5226 1240135
843 6666 2378542
8029 8410 853579
8563 5397 69859
5372 3265 2049832
7409 181 648729
8243 3536 2598937
9344 3047 374150
3510 4563 340128
7043 1463 742155
9000 5841 138629
4640 7380 100993
1308 5380 311903
5392 7025 356070
2829 4223 1528594
9848 1966 105375
9913 4124 77689
2637 3114 4502582
1250 4459 383141
2979 7875 1152711
648 4307 784739
4323 7403 186382
1397 1023 194987
1516 5631 1947415
8805 837 483397
8475 7950 115699
2212 9964 1136897
7488 3129 15976
426 9878 954818
1155 8126 229599
4587 4114 1174753
5337 6626 2670520
8439 2694 438649
7795 343 722116
6669 9332 546401
8686 9080 126220
1177 6754 1957320
2578 5119 1458250
2991 82 640371
5334 4387 632067
4791 2262 10803
6862 6378 2626490
23 587 316878
2789 317 615571
8358 5940 93775
3705 1673 972646
9784 9999 509723
4282 9878 503370
7069 722 1093002
8766 8751 376951
1301 4206 454107
9557 6623 593721
7371 1658 5807515
7823 5087 270508
9504 5771 75690
7006 4493 63458
6443 9531 76873
1368 4320 824225
4031 6032 1050193
5856 3735 189831
5719 7949 1258879
8208 1642 3999629
3783 725 98909
9962 9076 483184
8676 560 611087
8411 8648 132108
1441 1879 1321879
5490 8069 184849
431 4662 601761
9963 1166 30165
9591 6623 297553
3889 4971 552347
2654 3033 60015
8122 3689 508631
8071 8478 199710
5473 4555 356386
4689 1312 400694
7872 4704 404859
1484 3936 2255021
7555 2632 479131
4333 4469 81520
4978 4776 2663966
9426 8875 2072389
3099 417 1762250
1593 7534 1004770
2533 9296 118687
8428 1476 244516
3397 930 2425809
2163 1827 31764
2691 4064 300461
6737 8362 1624436
4894 404 1103658
141 8900 246314
545 9166 468715
1018 6015 196642
627 4436 399957
1452 9696 626461
135 1037 243690
2393 4135 335348
3297 6279 2037934
2269 4673 42780
8625 7394 292158
6911 9255 726463
5011 8541 608489
7969 4039 177020
9167 7710 266954
8062 9274 220738
4549 5052 1502731
3989 4756 6129
