184
2566 9778 1258268
9338 3178 135548
7706 1935 44748
4986 7472 722933
3399 7275 181029
2835 5960 515891
6762 3536 1877169
1476 9640 10342
1455 8575 107588
3828 6871 778198
2394 5875 128652
3838 3389 84827
567 3480 178865
275 1203 1451506
4713 2918 783609
5476 388 208401
640 2539 90975
7873 9382 102879
4137 3112 1936665
5712 3033 661839
568 8745 69627
9351 6034 655996
6915 6606 2076115
5700 3182 1126889
7789 8753 2035803
4686 4948 176597
5977 9772 481181
2027 9094 779015
1190 3100 8415
8964 7350 2809695
1302 771 298295
8089 7178 22268
3658 4152 543548
4130 5795 2286170
6831 7923 1248646
8131 1786 216185
4232 8921 332315
1881 5342 731663
8913 2934 443944
6089 6388 1337105
8024 6616 503888
7255 4291 86834
814 5236 130954
5243 2603 440310
1852 6499 1040011
8088 6745 411373
719 8569 438338
6455 6975 85694
4369 4738 333916
7782 5113 1754420
7471 5165 325421
4273 4323 653717
8017 8389 394772
8518 2205 678247
3007 5295 1501376
9739 5263 35401
9935 4389 217747
9047 5232 991807
6458 9889 393158
7485 558 14286
3681 4236 1050672
5784 1419 792981
7234 9752 18967
751 4729 151145
3019 4998 49639
5249 9299 178522
4985 8786 348455
3767 4219 839065
740 106 650050
7638 2526 65568
2490 4710 44215
2341 6583 4240914
2382 5150 260091
3077 1711 870448
2663 6920 1736496
2787 797 124133
3837 3131 58061
1881 5114 28082
9501 6736 183287
7615 1517 219145
6963 5811 1317276
6144 372 33170
6332 7243 476509
6853 4352 44228
6874 6961 19382
4760 7850 583512
4393 5583 821998
4978 6757 1479872
3667 7197 320074
8052 1705 444112
1240 2866 6578
1896 7041 1070888
5809 6408 523578
1726 9424 1888054
4905 8541 42273
3884 9002 1150143
9722 8607 1598150
5662 6497 143086
6228 9927 56256
8618 1833 177735
4872 1293 37473
9781 9545 366005
7156 8242 707354
513 9465 43421
833 5172 1172490
7020 1295 37840
5764 346 51251
7400 72 399652
4062 6416 531179
6223 8949 363724
3069 8037 304874
8830 4163 1165082
9728 2368 8751
4277 6682 48039
1065 1674 276644
2281 7239 140655
8030 9729 559886
6792 8735 229369
760 1746 1937844
5569 1646 1468007
5913 4933 448235
162 4548 278728
382 9286 239960
1730 7509 1179794
6875 6812 194862
2166 6356 834661
5343 2338 162365
884 2001 231943
3190 3284 32613
5115 9980 437585
1080 6018 131560
8372 5738 1063767
3083 7108 166062
8564 90 573408
2396 6331 778421
6803 8328 192282
6695 2136 523500
8889 7674 849165
2971 8272 1323984
3387 9206 637813
5061 5815 498232
5362 5797 30867
8386 4441 102435
8143 7937 340857
329 3141 451884
2625 776 79749
6439 9618 1220763
1047 9299 244934
6782 1675 282026
9717 2981 520908
1694 5348 365925
4599 9582 1129895
102 1679 38713
7278 8994 194920
8889 1793 810391
7281 1695 59576
3170 4146 49227
5273 8511 92411
4779 4475 130516
6873 7865 301291
1203 2101 755684
6889 2502 20005
6179 6291 105769
4863 9248 207779
9068 5433 296290
4546 1406 381209
7347 2706 210525
8160 487 148799
3491 7334 419769
8240 8238 98273
2257 2218 52193
2220 9846 86733
5739 3417 38635
8784 4303 27660
9156 6238 808017
3070 2462 39718
1032 6670 165392
3254 4978 1009128
4453 4438 560226
9203 6945 1190210
6686 9708 488726
5016 6366 511431
1769 3075 135082
6059 8690 1689095
