131
7330 602 400739
7830 5793 1171829
2902 5770 1157407
1673 1273 585242
8859 1634 255020
4776 6616 1483976
8367 2678 3695333
5729 14 362096
4434 7904 3513061
2788 700 68654
370 621 985019
6495 9547 941064
3876 7154 1403094
485 2418 1776820
8360 28 440887
1848 4310 2016523
6960 8880 158993
6308 1589 548049
5164 8226 384720
7445 5323 68440
305 4245 816942
7186 8888 267559
77 8001 62578
6554 7519 250098
7901 8002 240495
4235 9489 5403564
6992 7178 100868
4441 9784 1531257
7279 3657 122477
4115 2400 557498
5564 8572 924403
7959 2714 222479
8610 5032 1373566
6888 3134 25243
8822 1456 176039
3761 4649 1041303
4777 3692 402080
86 6847 1409268
3311 3402 3698016
6234 9869 1382062
2549 1862 265280
3280 6999 535492
460 3892 192458
2800 1891 47851
7625 573 1817121
2606 8843 69604
9008 5101 112446
2971 8890 150133
9160 7619 2117607
8161 9706 56452
3777 7295 864158
7224 4044 713546
9548 3934 278418
6201 6452 1157115
1228 9371 113607
9099 1745 569813
3218 4619 510529
8593 5713 115542
3280 7711 136175
3072 7399 2775005
6498 4869 291078
7341 5388 1879597
3428 7581 805743
1582 6784 786151
3586 722 206406
7019 8954 785751
855 3088 58920
7855 1570 107885
1334 9254 463394
7329 3132 1994702
8149 9325 44982
6059 7957 1366888
7300 9502 220335
2719 707 660172
8265 5249 210347
2106 8851 576114
5832 8899 273573
1470 979 412038
1349 9250 374303
5228 9869 1537841
3487 8529 162588
1577 376 252218
4013 3292 853233
6197 473 498814
3402 4187 467589
8715 6484 937318
6300 9373 1056946
4086 8418 175385
2788 420 915145
9917 7963 109702
8408 3419 277777
8789 5057 319410
7088 1408 1016949
8455 4843 267881
7915 7757 42122
6793 2976 492720
9249 4563 34506
2976 1022 62310
5898 6087 244741
3269 4294 383530
6657 6981 34777
1143 4682 133832
1023 7897 1743168
5968 166 2038393
706 1717 491367
7969 3769 1599484
7119 8524 900618
7247 7089 618667
122 4585 827388
2508 860 417193
6441 8611 939937
1993 3457 47910
8907 2018 214381
8571 4164 16852
3348 1794 1426331
9458 8494 173430
5807 5338 287578
393 3477 104252
5369 1575 113797
9869 6146 831904
8069 5992 4634924
6589 8815 547304
7901 805 1264008
6561 7541 216209
9634 7749 1619514
5655 1005 971309
2152 3358 624635
5399 1560 573745
8814 1450 351964
4154 7562 462783
6555 8248 122129
