74
6413 8873 118528
3095 7473 1355576
4915 1550 733693
4911 3650 150175
1382 1338 731473
5480 27 259278
9487 5345 2890734
7794 4226 4091443
3603 5908 78231
5639 4306 239975
5247 348 236455
2239 4160 2410111
9017 394 178535
5191 2593 415685
1044 9874 4953402
401 3479 700072
4498 7371 8148960
7492 3446 316835
7814 4886 758171
2213 3483 50020
9583 8813 323935
7940 4644 1251222
3930 4879 708588
6161 7490 122477
1039 6741 4404380
2403 6435 4207965
2974 9652 321768
6025 5375 609704
8072 4587 635191
9811 6639 186
7183 2283 87968
9119 4062 1552524
6217 7281 4118274
7364 821 363523
3790 3004 388735
1001 3253 711320
9817 5867 3096019
5621 4201 134016
8799 6409 1748818
5289 567 322454
3169 6665 5918026
8625 6221 1124423
4060 6491 1541552
2702 4039 169025
1251 4506 1762738
9897 2153 2956525
5412 6359 440770
9115 5939 584382
7273 5090 744829
2477 3959 97582
740 4079 2209960
3242 8552 1249636
6416 2133 1861001
271 7377 2313624
6790 5267 481755
8908 3446 1023831
5935 474 468657
3682 6735 1456815
467 1807 1099284
3148 8898 229610
8659 5750 1228910
3346 731 591560
8064 1568 1902268
4710 4819 533379
1351 7955 884068
5095 3721 4280672
5892 3877 317983
1925 5448 442884
4433 7706 563874
3110 8904 2550729
6276 1779 2391719
4813 3151 143187
5938 7423 123801
7305 1582 2384522
