199
5801 9903 426015
8635 7778 643364
8497 187 183161
4935 8342 89558
1398 1204 331565
2946 241 68032
3808 5670 100820
8620 2075 2379806
9846 1193 13956
2801 3254 264476
2118 1512 530018
9383 4871 311171
5703 1407 1689023
4805 1555 9419
2062 6308 412118
2611 3632 1079545
8053 3231 233484
135 4043 678520
9610 1371 9669
9609 1342 252361
4433 6541 452563
116 5078 44385
1430 257 564453
8814 2230 536390
2056 2088 835341
4330 7345 494428
3895 7534 316931
8609 807 632045
4526 5115 737027
3693 4514 301491
1597 2116 354684
7675 8329 67956
5469 9019 81489
9309 7194 93076
608 3208 664113
326 4964 541651
9826 4266 139993
6696 5648 110004
1863 4823 2086385
3565 2369 1266460
8551 4701 399212
7191 5589 25064
7658 4481 1721113
1315 4851 425090
9232 7222 103395
729 6299 415570
452 3071 137829
2500 5291 392027
7600 9335 245938
6600 5881 866855
2615 9643 869911
7123 3793 1126199
5883 2812 144041
5331 4724 465706
6790 7665 278799
9325 9971 1184586
2687 5647 291998
8368 3626 799092
9964 5904 148351
484 2302 1654749
6867 225 209706
3523 8471 265694
1132 1539 838806
5550 9527 687378
701 5619 999139
3962 7899 23048
1993 8207 175569
1528 5960 2708150
6774 5193 445571
357 448 50341
1715 630 209362
300 2825 434806
3709 1530 336200
7444 6706 184123
8170 235 168000
3507 9483 1012576
9715 126 457862
7506 4975 400693
7948 8360 50391
2857 5849 104265
1367 3224 346654
8252 5215 233821
4952 7382 871397
9331 466 311596
7438 630 29497
6032 6443 4742
5962 7287 112039
6252 2418 13814
6195 2024 1243228
5226 8917 91653
7033 594 95272
1419 5928 92181
4614 7705 327788
7059 6619 233185
1343 4079 1016375
4354 7087 722526
4990 5903 551083
8247 9527 2342085
1222 8601 388513
6140 9027 1338572
5166 4556 384568
1911 3084 61274
5998 2965 94670
3339 2772 693573
683 6690 166927
2479 8128 1410398
2544 6799 524009
5303 5014 2067715
541 7205 1201817
9514 6871 836522
1962 1974 44114
4768 2122 726688
9239 1035 267873
2003 6404 162512
4592 685 354618
2311 3598 160721
5515 4545 999802
3773 2762 399061
3513 5445 447410
8012 8498 317775
6069 8410 187229
1553 57 693503
4445 7983 358812
2970 4978 226672
3387 1472 179253
8791 7711 179833
8162 8273 1313904
2731 1217 663368
9018 5720 277453
7115 1151 87849
2694 4131 319378
9836 1412 275526
5446 2464 863481
2349 111 719697
9566 5664 60502
9577 5683 229793
8409 2411 490212
1115 8166 1822995
1069 195 356030
7675 8537 40337
2456 3950 597628
2805 7902 109014
6160 7867 185794
7483 1854 226172
8712 8950 619877
2665 2171 214445
7414 8625 526864
9446 5180 1131455
8662 7109 46779
6296 2241 173676
1417 1924 178446
7211 8117 1375122
9455 5238 602838
1706 1470 28046
3711 8157 172775
6007 8113 448128
6140 9485 86359
7832 9799 1031523
7448 8127 556881
3892 3524 1047763
3210 7173 445222
2133 8177 535894
7135 103 1593068
1233 5676 631295
6819 4048 59240
6870 4640 174694
8024 2568 15566
7917 5996 1247300
8920 7082 278763
9236 1268 423272
4907 9688 6677
7148 7831 91639
160 5288 232654
5050 9335 16667
5231 5840 299313
1087 6661 849394
4871 9508 595187
5878 7487 104713
7990 4428 905589
4079 4281 1762574
7644 6906 144500
4081 2300 359589
5912 2220 303769
1718 3822 1326046
7022 9525 534704
7699 1398 143370
1119 479 249925
2566 6501 870411
8371 5464 73241
7430 6176 372387
4797 6489 356862
1465 4818 205711
1526 5296 287689
2951 2502 170161
6431 8500 895920
1794 4269 512182
8083 4618 474109
1626 1291 423609
6949 1539 149463
