139
6170 2630 163347
9645 2664 621837
9946 3384 353984
9119 2116 82330
1242 113 2034935
8876 5674 672018
5951 2538 1236729
8008 5572 1900125
4432 8589 284084
1143 9252 1138865
7327 192 192711
1241 756 51687
7883 7254 1737698
58 5041 1261496
6654 124 410583
9235 2463 971037
5599 5550 1491144
9095 100 1603840
1810 7722 1499193
1100 2606 216620
147 3535 598340
3436 4593 255022
9807 2316 664005
3838 6552 1508787
114 9676 609193
7892 2314 163461
6077 4912 536949
7427 4075 438473
4141 8047 1832105
936 7832 580278
915 484 2376608
7427 9222 2309781
7660 1237 65236
8313 3728 787894
5894 1284 1138043
9689 4479 862232
4576 8524 1060104
5420 7693 1286579
7857 1218 98973
9608 3243 268867
3892 694 1586371
5634 4376 310762
2413 4289 2088529
539 9814 383216
9571 3464 654400
525 345 708382
8628 1368 28972
1932 577 19354
6811 9773 697361
22 341 235712
974 936 2406852
9976 6152 1445154
5080 4053 12459
4036 2143 937085
5995 6463 60275
719 5613 192939
7949 784 2532588
6405 3433 312494
7811 4969 634299
4457 107 117691
741 7405 126657
1874 8167 1028123
2413 610 281961
8147 6746 711969
5270 4146 689541
8872 7944 23187
6175 6827 549244
8021 206 223687
1810 6348 1758665
1987 2600 991930
4807 101 2016638
4363 5490 819073
8971 7270 1806511
7126 6667 539952
8325 1231 2044488
2759 1651 360600
6555 103 571427
4307 3653 2923
2357 394 200549
145 3438 332063
9966 3156 938195
6923 9053 88930
8675 9916 648424
9224 1202 128946
6179 4381 905907
2651 7267 1219976
3927 7037 409255
5607 1728 139660
2333 2305 1032054
7221 3578 48120
5133 4614 455573
6971 6431 758429
7054 3921 1268914
4888 7277 309272
868 9326 1024988
7125 2850 645103
7841 6353 275909
4292 6971 56761
4552 379 1003967
6782 3536 2283272
4171 7197 99052
7839 2323 510470
3844 952 97756
3513 1257 1222423
3584 8238 745207
1897 1289 645297
5605 5619 158135
3696 8389 182106
1400 7720 1876187
252 9932 162363
9723 7445 774318
3115 2865 427843
249 541 404189
9336 1996 268636
4040 9893 40118
5307 4672 40502
4631 3793 243074
186 8843 663368
4321 735 2062746
3017 9367 1531116
303 2460 248423
9349 2538 109448
4951 4571 262693
1763 344 2786017
8478 7550 43898
4130 2106 256540
5600 8218 184851
2176 4231 625600
6437 1029 73711
5570 7289 441527
3546 9121 353213
1318 2971 189530
4681 7890 224958
2295 7776 427098
1174 5563 88226
5030 4856 912284
721 4232 373997
3159 6955 700677
8600 7000 91472
