104
7650 6908 317309
9409 4916 4015030
1867 8097 134821
4721 4977 56325
7407 4723 888674
8538 5440 445381
5071 1498 217882
5938 8689 564731
7814 6786 843248
5401 329 2163747
4326 6097 38331
303 4222 1062424
7667 5978 238426
3681 7733 683857
732 6816 411537
3266 7731 825370
196 8848 1701994
9096 8766 472854
85 9396 116045
8323 6016 1627376
1975 6235 1736643
784 9304 1258673
6434 7098 300378
6684 8694 857639
6510 5901 3520969
546 2500 1065487
5814 4709 731859
9069 126 160926
7933 6352 1496851
224 6778 447087
3902 401 1863226
5825 7531 851413
6469 344 1904442
9768 3792 359966
1208 3249 167055
5147 8213 44720
4541 1339 1574619
8834 3653 190508
5232 1821 1897129
5367 1591 4870891
1733 9622 616469
2266 1197 1701092
4921 5808 233094
6754 6934 1168316
4331 1673 1852242
8809 5809 4008670
5828 1571 58757
2985 3167 36276
7057 5823 150091
6797 8047 2258731
5622 7855 1028996
4579 2608 825927
5859 2075 381269
8569 152 960599
3155 1878 131155
9441 5973 675003
4781 8993 374536
5129 339 115574
3322 1263 1006059
3656 7098 196306
6763 2129 162211
2115 8216 425496
9263 5862 2063730
6534 6919 1099889
41 5856 2352121
3375 7382 81693
8867 4594 1776864
6838 2243 1306131
905 8106 57407
488 4833 26945
6469 1879 142723
9101 8469 238386
2236 5388 300174
7666 7668 1709504
8594 8001 366371
6932 2311 62792
3264 8479 132751
4937 3561 1159957
2008 2199 1245046
102 8133 1612625
16 9187 766510
9145 9035 297698
4538 5085 388963
4273 4079 589767
6986 9812 780588
2678 7901 800554
3658 6250 779085
8572 5864 443135
6763 5400 216601
1169 6356 126173
7406 6981 2549126
9247 8917 224620
5663 1929 921557
6756 5458 347300
5805 2225 649060
1184 7626 587957
8262 8387 2307205
5881 1940 2993267
8491 6656 357269
4836 8143 485173
734 8941 4894810
3513 2262 1290256
9939 7364 850557
9477 5361 124948
