142
4579 5508 207432
7402 4598 1401756
4506 622 1109815
4045 9045 991169
9738 2375 862590
1017 9872 1790632
7426 5988 296354
9602 4816 239682
2883 7712 1286170
2121 4159 853748
7180 2225 1236193
7735 5514 145785
8033 8292 443559
8004 7200 1315070
5871 705 374768
7309 5822 1449865
1009 126 650794
4171 4565 298259
7758 1472 687743
9660 7815 790328
56 6861 169705
6450 6182 10038
8003 2020 2055999
463 6875 333767
9500 7737 212644
9129 2480 276151
370 5973 525514
2058 2067 1991822
9920 6349 115669
6606 7782 363130
6187 1872 861415
8768 3365 141700
2859 3208 200247
7660 4155 923580
3202 1946 1259859
1449 9353 4496432
7225 3419 711244
2697 2377 4028
7207 5070 507238
814 515 42815
7352 4590 856288
2483 8936 595100
2913 4743 693624
7362 4258 113567
6661 9493 68308
5466 3770 1090252
8558 2743 4042472
5740 3870 446127
7683 3358 26779
9643 2099 188243
4214 238 182094
1819 4953 204881
8363 6235 2012976
6183 5437 36959
8973 540 93538
9176 8681 304977
677 8551 42545
5618 9947 1013413
1120 6975 3587578
3069 9266 1140137
8234 4102 527682
2629 4684 67636
7205 5105 72888
2390 2480 1966940
8844 6313 1336663
6884 7860 207843
57 7776 1209486
2143 4205 1314760
7687 5353 377810
5907 2013 770505
7151 7597 99799
5067 298 1154648
1279 9351 1107306
9530 1027 526278
709 3540 1352538
7560 5561 213687
905 7852 328484
1587 960 216606
5826 5964 854431
7674 1560 597132
227 5445 244611
4879 8347 40577
6980 4686 149821
5462 177 386333
713 2573 56202
4784 4040 389697
3389 3638 227835
284 8964 76007
3828 7714 907216
3544 5772 286119
8860 2332 14042
9792 8489 854249
4377 2357 1185563
4071 2180 802099
7442 8050 39200
5993 7873 1207367
5759 9791 7561
6734 1265 711708
5749 2320 68565
2692 5140 1481102
9427 5946 327813
5062 1508 883657
5337 9691 205455
4108 2578 377739
9589 1516 834726
1609 6410 253770
6224 8853 517172
700 1680 4379760
8220 9917 145800
159 821 1138630
8146 171 628242
5121 8441 1543435
4466 8649 207291
2706 2830 445365
5129 3285 53033
712 6606 1016217
3353 7470 1236126
679 5460 534471
7174 2314 110397
1593 3973 297903
178 5703 520311
4749 8996 383154
5444 1790 190310
4274 3945 351011
4592 4774 170112
3500 3405 450663
5595 7806 8676
84 7157 508370
5139 5078 303714
7105 8914 1392840
7725 6101 1852039
7579 763 610697
5824 4466 257781
8128 210 28206
7218 2266 251565
6113 9536 1076407
7786 7137 445631
6379 3159 480573
3984 5777 20721
3007 8925 98968
8262 8112 2504094
4327 1671 1143592
