95
1108 457 1263452
5493 9564 1828901
5355 3291 393983
948 8331 82798
1812 2137 1605365
3064 714 611870
3740 6369 1462799
1559 3352 2226076
2868 6044 1552305
1961 6207 1037420
1188 5649 4710779
2921 1157 708604
2420 3965 153401
4706 9643 319484
6342 4889 2034094
316 7602 364992
5745 5667 188118
3178 3504 24902
5499 2328 2034250
8412 601 82618
7725 4494 2564475
117 4736 865852
684 6141 133986
4920 110 2941652
6316 6366 1401862
8456 3267 677779
2931 822 954671
5375 5279 302935
4155 3173 546004
6703 2009 94673
5873 4221 1099242
4311 7256 1670204
9066 8256 464658
8035 3516 1620141
8876 7055 279588
2513 5036 350795
5815 5053 220393
4029 6224 104879
8994 6757 2278798
3963 2350 1275282
9517 440 297058
7425 6934 1430001
3977 7366 2588087
1974 775 101604
9589 9175 907416
1757 6772 3297
4472 3915 1556149
6012 58 137967
5759 1312 1521315
8482 8224 2203357
7292 4049 127518
2813 7255 31199
6764 9377 468295
9397 2046 313715
7546 3157 75727
7750 5747 936014
6676 9273 2961477
7152 3991 529229
5139 160 716532
4096 3675 502830
7308 1683 137143
8246 2283 171576
22 4119 646406
5675 7543 679345
4732 4803 1819824
5296 8161 1299831
9387 670 1080092
6525 9522 403828
9110 7705 2638720
1026 6241 1329047
9179 3958 93811
5883 5665 790537
7292 3012 129091
2205 3322 780032
2243 2072 438595
4814 5747 3186992
2011 4386 1639083
1136 4118 1750389
4557 4715 646565
3587 6621 2268737
9598 7352 2513895
9897 3532 1670673
8599 7416 310251
1363 4266 207897
4108 4356 266691
7441 8817 136432
6636 8514 2271104
9901 6856 271423
9385 5022 1266592
4544 1640 1294882
9600 9020 1807337
7287 4928 4635047
270 7296 16766
1213 1004 248666
4997 5260 1209833
