147
8797 626 1313636
6370 530 671878
2968 8582 830120
3711 1158 99361
1654 8766 374281
6611 9641 76096
8785 3188 717068
3794 4031 1460499
252 9632 1128083
374 2802 982836
7439 3245 834344
6463 2340 959035
8927 7984 246369
4223 2198 887566
9603 8353 865777
1206 6060 521718
1660 2999 137398
9055 5952 559667
7436 6144 1550266
7457 9593 41259
8406 687 1000440
7278 3369 473722
357 5669 96582
4163 447 1577319
5940 1958 1156110
968 229 1873259
2246 302 137926
1005 3657 34754
6837 4661 5832704
9734 3419 159107
1994 4379 75465
4322 1166 460597
8056 9874 871467
7378 7291 517994
9934 1436 79867
9330 367 1900429
6671 8027 11294
8210 1125 457601
2902 8778 1302101
1174 6168 800484
8970 1472 1307353
1017 7391 14954
1027 8502 1248660
8352 1926 691485
991 7086 7995
8725 1228 19891
4947 8938 914209
5954 8625 1365623
8952 6587 535470
9562 8919 420644
2402 688 2155458
9395 9930 177189
703 1040 745413
5436 9158 1247585
7608 9034 1103284
1505 2792 71254
7784 8576 517857
3478 6681 351614
6018 6907 1441899
9897 4640 815696
53 5961 275859
3204 5376 791631
7463 8601 84373
1730 1528 25503
9422 3663 606801
6070 7501 867098
9952 7065 336833
1525 2495 182089
8347 8988 2085105
3228 3209 300579
3611 2967 86536
8985 5209 79736
1101 3747 612532
1449 2771 1018225
3734 4077 6385
6376 1740 397069
4232 822 124638
8673 5618 946918
2733 2565 278719
4688 1396 797481
1514 3782 723146
7855 4462 725678
901 4649 407384
8467 7375 1488762
7494 3210 688092
5183 7812 1821059
3460 9209 255311
591 3192 656057
5046 3212 1333068
3828 9680 292291
5588 5133 1006843
3597 2067 48858
2240 9490 167879
7515 312 433004
6359 4455 319231
3313 6047 777985
5984 1561 1451330
63 7043 673105
1575 5341 233535
2224 7770 969730
850 5829 909082
5187 5070 883419
8834 7674 156926
6455 7065 589553
7859 5204 562957
2309 5550 349707
915 9062 370105
2287 5337 1787999
8386 5668 270647
931 2100 1079417
7970 2726 614889
4858 7568 767936
848 4854 322632
3756 1021 185797
3329 1317 144282
1887 1585 55764
7469 7527 483702
896 9405 781215
7982 3678 295237
3845 8902 747540
3642 6267 135183
1350 9111 2443716
3759 9866 665676
5601 5303 375306
3080 6675 117587
1316 7404 693695
3733 6833 543172
1624 2848 387705
25 1672 176771
5300 610 262230
878 2856 401891
5491 9867 189886
2073 2307 195036
6889 5882 1937950
359 1720 214639
8970 3933 99113
8407 5356 528026
7337 9659 628887
1514 4583 583886
9564 5802 31858
8515 4830 96031
3108 8551 649941
5647 4662 1530199
6883 7809 614926
1854 3999 32866
3553 2005 1658814
3937 1593 839734
