69
7453 7193 1253761
2622 1633 1994007
7169 9868 1499497
5467 5074 169424
3290 6393 5593886
6933 9892 1972047
1139 1414 1576849
6749 9842 865390
937 9534 79453
6651 5390 4389335
9623 9387 1151317
4015 8628 252129
1297 5332 179407
7122 8103 4563326
1147 7371 2395506
9583 7711 1767104
3592 4305 371971
3638 3520 3304141
3603 6714 1204824
4802 3833 115303
5614 5238 245035
6831 7640 3393327
4537 9328 539590
9791 2221 716388
8184 737 20065
8669 9505 77419
3629 2539 998569
4074 2737 2185362
3376 5265 145135
9157 4237 563422
8161 5448 1397884
4547 8311 1767662
1826 9580 526250
1834 1749 2053392
4112 4562 1288843
8826 5004 2495266
1159 8191 699136
9541 916 127014
9467 3003 290862
7268 9379 2226007
2089 2325 200659
8526 350 281178
5798 1330 1903609
3197 4553 822703
1834 3261 879490
4338 6474 2542626
3029 8429 429913
689 6317 38065
5269 9321 805269
4156 7804 1616619
919 7953 710351
6338 3156 854727
4419 4583 5268163
9491 3237 641966
5738 519 2383727
3414 156 1417476
7267 6206 3385640
8566 7209 1684177
3443 1037 91779
5773 2729 896536
6746 8302 3348589
3673 4261 1220513
3180 1050 149934
8625 5449 1196177
3885 9665 1027961
7720 9436 4372894
6962 6522 263289
8695 4964 5099662
7866 7586 11003
