165
4853 8333 226972
8316 8398 549556
8839 4893 34740
6494 9779 68526
9018 8984 464656
1418 5461 387976
4041 4443 81239
9241 1345 2560852
558 1305 82141
14 6398 409079
8807 792 253786
300 2887 937658
6152 3139 1574273
9635 6267 279602
9283 587 278694
2462 9169 1343047
8419 817 776052
6026 6519 1490604
7038 3368 24236
9282 9090 1127361
5431 8554 683923
670 4893 288904
3424 5885 270723
918 6989 365452
4438 5325 1116466
772 4053 1355836
877 830 219043
8041 6899 187034
2331 1800 138151
9029 1675 898560
9754 3045 879650
3182 905 373837
1312 6304 1143468
9874 3189 347160
1910 8379 55411
4934 3517 293991
6873 5854 509845
298 6897 884727
3498 5184 634513
2449 3435 902595
7901 8035 1613513
1714 9121 1268556
6142 146 132538
1340 8807 338010
1732 7890 517853
7412 1534 2268499
9172 1767 275056
8709 3423 519784
1173 630 697155
8916 3707 144186
2602 1901 950841
567 9514 426699
1804 4107 566123
9447 9020 306729
8100 931 818960
6624 3256 210254
2641 1134 260445
7445 4041 233178
6856 415 224800
2681 8552 202537
9181 1635 89030
1892 6902 957796
8966 3947 74701
7506 1831 431177
9225 2349 519502
8046 6178 2105443
1141 2615 254431
862 7289 1300416
4392 5128 658977
8814 4981 1616382
3382 8633 398483
6332 3807 2288984
358 5779 504852
4350 3155 54266
1729 8437 290091
8303 6065 645031
9200 93 533121
1169 7159 671388
2595 9769 93577
5518 1191 230126
6501 512 263854
3453 3976 109345
5942 2423 135040
1871 7039 526861
6857 351 159751
9807 4957 291398
2384 8877 320691
5906 2902 395047
5737 3874 1857424
5953 127 993057
1106 4710 180945
7090 7134 196792
4504 3605 782306
318 7022 339883
2435 4755 2192243
3853 4364 433555
8863 7773 2525
4042 390 503969
6045 6146 710480
5652 5375 276411
848 6797 57642
5742 4271 64121
5753 9631 656204
384 8344 232943
8481 3388 1063667
9473 2992 1145741
203 9468 445275
4839 5191 2703632
1955 6286 29067
5181 3364 60897
8137 9072 1003101
5261 8755 244581
4757 9832 897879
2529 2356 787408
8804 8295 367107
2604 9629 1388781
2829 2809 283647
8143 5002 377468
4705 7039 712008
3085 8998 1447766
624 8613 30639
5901 8271 280803
697 8675 238868
1439 1879 1187502
8464 5068 1076515
555 8517 493396
1268 8366 332166
632 5390 1471867
4017 1068 1449545
42 5727 262477
8482 7792 1096862
6693 94 1310289
9478 8027 797038
8905 7259 1552827
9970 8342 897526
8816 5536 64752
5188 2736 421769
8887 3731 1119609
9282 6565 931351
5599 6664 349899
2758 3869 189036
2127 6839 1392120
9566 2615 935378
6954 8158 30843
2817 4176 166964
5391 1483 176270
6235 6897 261034
1710 9596 493554
4930 7414 126577
382 9891 425841
7650 1123 1206422
3070 3144 617673
257 260 26991
647 9355 23675
5747 1787 541552
4697 4585 292908
9618 7201 87140
1632 429 46539
2230 4540 1448181
1764 4880 367379
6373 6735 274763
8385 4882 172952
3398 7751 122491
8944 4905 84936
8195 1203 288740
