64
7131 4596 1673940
8902 9505 667237
1527 2642 2528569
4985 5077 2013604
2779 2050 1895836
1769 5581 231648
3914 1257 1738581
5553 2961 2314399
4437 71 551434
2802 2727 1794959
3927 5681 1478340
6978 7266 156848
9243 4569 2927837
1088 4821 1532043
3065 3243 2147391
8523 1165 1255019
3389 8310 2622143
8147 3709 2132
3249 5067 18184
6149 2503 806699
3055 9722 821979
8976 2224 342041
7018 441 1211434
9724 1964 2242053
8391 9455 1701601
1774 7595 403917
2857 811 2130122
5156 4833 886987
2537 2498 1398825
6474 169 1069901
9462 4787 1535451
9191 2272 1861070
8666 542 95212
9983 9830 2924110
1964 2374 164317
5425 1570 263506
872 9428 2124049
9698 659 1701154
2199 9938 1562832
4795 3796 11272418
9807 7832 2408104
417 176 809096
8928 4314 212668
3444 7928 1149157
7796 5102 368574
3629 3490 691675
1491 3427 636394
8776 4540 3920192
6407 1126 1077598
4109 6137 652389
1153 4029 1375379
2321 8454 1050551
0 6135 3432322
8410 297 64958
7354 1764 1069985
5915 741 4446261
765 2852 2641241
3613 1024 1192435
3243 574 1064934
2423 1158 27805
3688 8839 4190390
2265 386 1470495
154 3281 1589653
4695 5806 387922
