192
8564 710 32018
7732 3042 65521
2274 9752 1708015
7482 4326 380094
418 1430 851386
7458 8740 1372251
8021 8401 139670
536 8747 1478665
1510 5323 375003
8804 6488 578608
5545 3301 396227
1057 141 571243
3501 5569 187854
1013 7513 91198
1471 8406 409650
8249 3848 230975
1328 1033 525666
7990 6961 298789
7870 891 924807
2362 8936 36367
7216 9723 466831
635 5939 518498
3391 9563 314061
7879 702 1290308
1871 3378 290087
9903 9101 688966
913 2315 463775
6171 1786 531727
1706 7627 108733
6396 5584 773902
4644 1424 510835
3801 1254 286869
7880 5454 586902
388 1485 447503
7714 5354 934898
2709 7055 336696
336 8645 517057
7680 2851 163578
9361 9230 444978
3378 9050 141818
3978 4879 686120
6499 7320 296406
6445 1496 5694
5350 9130 591501
2196 9586 544155
4430 9334 1308197
2259 4357 1523581
9307 7589 423975
438 1005 44996
3842 8776 155103
6951 5944 1780264
3582 2686 521466
3187 8321 16235
5387 8574 575948
8848 6385 1174651
4694 1263 144088
1748 1530 135979
1352 8339 530068
7196 53 90748
2974 1467 38589
9996 119 604214
2676 5362 833668
9453 3078 472501
1495 6667 48670
883 5687 65438
2169 6020 332720
5464 4353 773352
9869 1042 130738
7323 1119 120847
3160 9754 756948
1065 2515 53757
825 2955 174737
2387 5572 108794
4170 1887 371283
5134 975 39699
3150 2796 715280
6403 9382 543966
2521 8034 912692
7139 188 448420
5370 8183 582708
9267 5267 212431
5002 8781 98776
3114 4796 509298
6356 6216 367272
9385 6068 639235
2857 824 1028627
3490 8313 1533681
2547 4320 300797
1248 279 602005
5711 9378 20547
5309 6673 23458
7860 420 1175005
5590 5295 434148
8868 907 580950
5191 74 160319
3441 6754 645126
5045 1242 1295278
7042 5152 724634
3967 2076 1022065
6759 3552 1766470
2071 7370 188212
770 4382 671373
5006 2500 14258
9691 5170 386499
3742 2453 623928
8460 3220 122056
4902 462 425526
1025 5519 264358
9475 3011 165790
6899 6844 715728
2843 2672 1226802
9431 8020 873355
6986 3268 554236
6149 5183 368769
6159 4482 54812
3120 4397 333218
6872 7185 122506
9061 498 409693
1243 8160 43354
3635 5252 1442147
2629 4266 307050
7842 1096 14204
4845 1607 666295
4064 35 115361
9436 8572 152035
6564 4279 315094
9290 1738 364607
7775 1697 232716
6988 7677 48374
2587 1743 80925
8898 8245 296368
5350 1325 518288
1605 7205 985639
8008 9374 796203
7151 4292 1153224
4654 7544 269988
7329 5370 651545
7803 7355 882475
8717 4444 954484
2045 1334 542487
2907 3314 991925
7322 9270 19886
714 5066 201630
7265 1819 3037687
1316 7365 322061
2352 6502 709720
7448 6455 973273
7926 1890 1351419
8353 4581 688965
9187 2083 302623
2132 9513 728805
3670 3064 27605
7742 750 74075
4181 6247 106128
2861 5970 690040
3847 4814 268099
3467 5213 782747
9730 3760 265661
7832 917 423785
1209 2295 116256
411 6760 1539499
2795 7911 299960
3613 3524 763581
2499 7349 321926
5365 9644 1952925
4921 3080 194535
8700 6511 1666281
3939 3485 1414307
7481 2172 19383
5646 4045 540346
6420 7262 169537
1990 4649 259587
6113 665 29075
6661 730 548649
3660 344 942644
8326 9312 55399
9912 5786 62299
157 7935 416991
5781 4518 638662
4378 1317 674390
958 9590 452213
4220 5340 73155
4341 4280 1601090
6823 2192 2872
7923 5133 95289
1294 2354 1129148
8206 7530 661226
6504 214 222701
1266 8595 82894
8969 4568 11271
4074 75 174470
3852 3042 256976
