194
7106 8210 653552
538 6141 443469
6113 7710 16952
5235 3105 1560
2880 3359 908881
290 6091 1043639
3881 8514 300767
1608 6407 24195
9229 5319 548980
5911 8187 167508
5866 6369 2139022
8651 2792 2001057
2129 954 208531
815 7989 147602
3192 9576 152321
653 3048 100923
5858 9668 773483
7311 8626 654461
5581 277 471344
3712 1756 528159
1870 8950 43077
1869 364 347970
4377 2970 56761
7876 3187 805226
9146 4488 95573
7121 6477 10705
6806 4333 179368
4124 4558 77587
9646 4 80733
7211 9206 117298
4732 7944 531100
9627 7087 453522
2610 1167 998115
5086 1692 539162
1771 7184 603645
8847 2653 419391
3144 5602 607116
4809 5731 758273
1369 3717 1323372
5822 233 687344
4347 7803 425609
136 9507 668331
1464 6721 141174
9320 7807 1317011
8647 7091 104352
60 8073 733897
5596 8971 593100
1186 1762 1443501
7011 2950 221355
12 7768 1799500
1213 4508 153997
7367 4300 278586
3590 4529 963984
3754 7964 271701
390 7016 672639
4216 652 172741
4039 6548 859272
2713 8726 93027
7692 7843 260938
4058 4523 499572
7682 6434 398585
8419 9773 497701
5388 7723 430413
3354 621 166817
4492 7253 151515
4860 1473 14000
1555 3207 8892
7297 7897 9567
1793 315 2138745
3677 6372 61199
9872 5259 561680
6443 8558 179011
1383 1481 126859
2041 8720 811569
5645 4154 352084
3239 6521 30726
7023 6327 189476
4549 5070 193037
8524 2281 304874
3652 6409 134181
9924 45 301653
3764 3618 554356
1644 3342 203328
8370 6113 598179
9590 9863 602158
5318 2130 297834
962 2910 458553
1475 5457 245916
4963 7837 622252
6860 24 537160
8709 184 648938
655 5749 1365704
1839 336 308539
613 1674 712781
5529 7514 310759
609 1156 148567
7576 2419 278295
9224 3664 298497
1305 4571 394473
2063 1781 107405
3627 8148 220548
411 5319 130280
3469 2679 543676
8662 3549 755459
6027 7186 92362
3113 593 484105
6368 9141 2258390
2109 892 476261
5939 6863 350310
4585 9770 170214
6352 3749 273818
743 4768 429509
6338 9944 437573
932 8331 916895
9659 9993 1141461
8885 6420 304534
4101 7815 18563
4243 6663 2384070
9198 5505 223615
6523 7014 1041323
415 1220 1226118
5529 1929 276442
6683 6563 192267
2069 9535 242207
1487 3391 918576
5828 9146 720824
7406 7253 1087
5736 7891 138733
4684 7557 927777
3608 9705 88733
1232 5630 1439198
110 4116 15094
7209 1890 248190
1490 2987 18407
1329 469 825563
4921 1951 1430069
9111 9476 85766
3319 5314 884727
4419 7244 213717
1141 9905 186278
2950 8225 312871
5131 1837 539106
1689 5659 908970
639 7090 371599
2330 324 1739624
3364 8136 508946
3906 4819 74725
7751 1395 1920361
1948 322 5507
8301 951 90185
8552 5431 1178123
285 4096 316119
5239 4552 627615
4917 5572 784956
3578 4870 759274
6999 7468 529897
5994 7014 246405
9912 1239 515034
7864 9248 757217
6730 8220 746136
8458 1812 352064
5450 6165 491885
7824 1532 1368243
2736 799 1122581
7685 452 315236
2795 4191 533170
4241 2367 266932
516 6696 808406
1788 6547 89102
8690 6602 540741
8145 8087 279196
9412 8722 595319
4288 1761 416799
9990 9539 302753
8239 7825 208165
3429 4619 245858
1774 817 18688
705 3327 355996
6352 7119 14286
9060 8252 88
3884 6341 1284334
6474 8853 14718
7690 5285 1147211
1298 8476 97650
8576 5309 700367
1293 9114 58273
7133 4198 145729
6885 3699 370100
6992 6818 1093543
7357 1245 1449018
8880 6691 176853
4223 2753 380684
6435 573 190747
1350 3283 1447547
