59
3782 8477 321088
8846 1384 1972322
4163 5952 180982
4041 2252 519016
2173 2309 4900004
3028 4055 2253289
4293 5872 1112029
2268 5340 488609
7556 3024 1639878
5561 7195 872431
5855 7013 2212893
5883 627 691371
6960 2719 4713904
539 2655 46725
611 3668 3532126
6596 6328 2138359
9221 3037 1666138
5790 8059 466731
1426 1646 951257
2071 6745 9748319
6408 6851 39064
1677 5067 1705277
4182 3538 179110
7697 919 655556
4516 4227 4971230
2033 3612 1399381
3353 1531 758348
9361 817 971984
2053 705 303809
433 9132 3137189
5014 6285 1799234
9919 3746 1879487
6225 6874 439313
2824 2679 3914853
4486 1352 1584933
448 6172 658772
4655 149 2352374
7048 1442 3901316
5536 9014 689527
5645 8470 1186921
18 6778 2292648
1545 1213 15778
6046 9310 1485049
6372 4308 259702
3669 9047 2337717
2757 60 1506488
3484 2465 2411903
3306 9168 397212
9351 909 762240
9859 4012 726362
5747 3290 4642970
3424 6822 2001128
519 2725 961644
7393 3396 12600
4226 9843 2249860
6054 8620 1212623
9698 7409 950977
5396 8426 2254944
8319 7460 563006
