92
1220 9841 280118
1636 442 465103
5668 6412 1445036
2732 9114 1389987
4004 7572 1265496
5367 6150 171465
6796 8294 873518
8188 6663 1277805
4906 3456 1279011
7518 1598 109392
2670 6554 1526639
715 7233 1337516
9949 5561 2229787
9527 762 402807
2023 7631 521554
2875 6980 3001961
1353 8962 1156421
2178 7369 1458205
2568 4830 678841
3024 6125 1079559
398 6254 3593192
5682 5565 1390908
3786 4299 977250
879 1993 359227
3345 4253 611449
7012 2636 298287
6103 8293 2832354
7458 8446 1265179
4138 7154 186118
1862 2774 565490
4456 6355 540679
2634 1599 1303326
7842 7794 524974
194 5007 874642
7587 9705 545839
9083 7772 2935266
6051 7087 854549
3238 2727 1467653
2582 4162 338465
8085 3226 1111504
6162 8552 634015
1980 5122 1899305
9896 1485 97913
650 8090 21504
6926 5442 163163
3030 9576 244933
7158 9669 605366
3625 7554 338398
4168 771 358443
4854 4539 186258
1152 6363 4124856
7742 3 1593119
4927 2709 441224
5282 1828 47478
7376 1677 233274
3652 1885 523838
3918 566 1583348
6127 4874 739172
2473 3039 188347
4683 1282 50792
3281 5137 2797124
8375 5778 4500764
2450 4595 269869
8785 871 32796
167 9756 1818973
7491 3531 831637
6925 6604 424810
6045 6222 406759
4685 4111 4070446
5655 5554 784313
5845 5487 33701
2614 9730 234965
8467 9506 525861
5638 9953 133802
7931 2900 2188327
6427 6804 5299
2932 9848 2518068
2997 7973 1351834
4633 5726 207175
1549 7848 2549840
5604 153 1198494
5717 625 225292
3046 829 430126
208 7888 199928
998 6688 2503984
6308 4168 98022
5877 4312 892089
1958 1313 5578606
7170 5674 95140
711 2852 2621158
8683 3506 1182662
8059 990 686818
