109
6322 1965 1093684
6579 486 1011275
6745 1564 1447457
2325 5577 1377411
4323 2826 344779
7109 4137 1202613
4262 1014 73344
5246 7219 69216
7006 6438 2064048
2064 6782 596234
5328 1267 315081
6008 9478 991476
2448 2145 280986
8053 5300 221963
3963 7937 77482
5593 7829 315566
3411 5903 634606
1502 109 229118
158 3398 753091
997 1190 1625041
2484 5750 1834087
8120 2512 2297469
6603 2963 1504536
215 3547 71390
2229 1179 2188501
4714 3181 417974
736 6091 2088588
2136 1305 197513
8662 35 478284
2218 4761 1448740
1745 8837 768114
9986 2246 2126523
9285 8630 500816
8005 7466 140117
8949 8869 1229477
6368 3994 2055984
4580 7870 49914
6163 2441 313680
2388 1062 164212
7345 1437 4501244
268 6556 4209017
5816 5616 589996
6860 1777 331964
4584 4181 1315063
638 7935 1531404
8772 9119 22136
3791 2924 1515319
2008 7891 362841
2474 9430 1508275
9877 2273 888317
4199 2801 617958
4256 9872 705202
7235 5533 167434
2874 9848 1611236
9752 4714 889203
9718 5255 1329910
1533 8553 3093841
6016 1127 1187718
4361 5268 1507785
2346 3954 516793
5408 8566 196943
1847 2195 2280704
4306 5117 206438
2678 5633 2320160
2029 1402 739833
4404 5865 192343
1683 3801 26047
8163 1922 383025
8036 9678 1537870
119 9835 652781
7599 4095 605710
5953 8072 755857
4802 7424 874423
9766 9158 2906261
8557 1406 575851
54 1667 821839
5747 9680 215507
8874 459 869409
3811 2650 46993
2409 2195 1162801
9363 2813 2407875
6741 9436 463751
9884 1247 291105
5802 6832 487652
4604 5841 203054
297 5821 1720738
5761 7918 81618
2127 4169 332830
7447 1082 2137110
9175 256 415333
5477 2065 837095
9350 6131 684302
6105 4657 434978
576 8580 832397
4571 4745 794317
5832 3340 537772
5891 2059 340894
8062 6830 252044
4481 2833 1267222
738 8127 65430
6088 2298 242242
2655 1786 759669
4338 4696 1097322
1817 4805 54326
3382 4405 610722
6414 5303 404769
2216 326 105367
4418 4585 947674
5939 9963 816551
