54
8242 3364 411766
8055 7656 4392692
3821 1492 95823
9853 7602 109883
7901 3362 1569054
815 2219 890889
6645 5171 1787526
5999 981 1246540
5689 263 1127346
405 4585 2917438
6264 6753 2053578
3589 9611 483992
8801 5162 944200
1952 2802 133645
9288 9587 2087384
7270 642 1525058
756 9083 120331
7893 8115 2769781
822 226 5745726
1134 2914 5441928
1059 1107 4005013
8351 2464 331395
1371 5543 6246007
7771 490 1099643
3019 8889 7335686
4882 9784 789935
1492 4516 477338
5638 8041 654102
9506 8320 59629
758 9054 816206
133 7800 2677652
5855 4465 1201019
1441 2438 1026257
9501 9884 1805889
3234 249 2839490
8481 8215 222984
8574 1884 168235
6530 1833 3479087
1830 9772 1616902
3267 9885 2301550
5833 4943 4123815
9549 2837 436484
2569 1060 7858306
3890 5105 1053108
2665 3909 1747589
7061 1787 779070
8690 2792 343020
975 4682 1887543
823 1603 363405
5986 6017 775552
4951 5272 130967
6255 6746 3980146
9835 4844 42124
4490 6135 1470272
