159
8681 4577 689174
4360 6623 67955
9379 6148 1308506
7035 8647 163294
5802 2447 858851
3410 3928 1389218
4124 4618 909600
2265 4550 128578
2345 1639 23016
5875 5762 168049
5399 2218 193
1053 5954 1011890
7098 2627 774272
6786 8269 69970
9568 6399 128027
8313 2922 1471872
5484 5096 2324733
5522 4611 439814
8367 9367 484680
5403 6904 158843
9419 3353 359256
5372 8255 286651
8266 7359 258187
3354 9001 863481
1973 5868 1838307
2145 6462 357921
2010 2916 748784
3128 238 298304
7256 2897 1362463
1984 6743 40025
4083 6350 1384958
4911 6621 289110
5372 5885 127712
3711 5162 141919
8389 5876 1168217
1445 9698 193113
7887 870 1809971
4158 709 705895
9114 1931 378078
2444 9974 9638
7841 8670 110415
9718 8439 269461
1672 9133 441184
8198 5895 117839
6705 2383 265192
529 9127 127508
8657 1122 840872
7682 9072 90245
1919 3655 403795
6096 5576 295997
5455 3826 1299724
8403 1869 441873
1394 5150 83322
9962 6900 1311086
5930 987 340223
2473 7271 663831
860 8140 282541
8358 7796 762500
2082 3279 267821
9283 8843 261553
4453 9131 1513048
8932 6807 2252596
1625 5237 63345
5449 1690 1800144
5470 5097 874261
1613 3123 2278602
5247 491 267867
230 2675 178388
9526 3741 1031034
7325 481 1079076
1669 2549 3131510
1948 7031 966798
6385 1216 1554086
8522 9164 10261
9989 6392 513738
5121 7662 871942
2410 3789 257654
5638 4896 422221
4583 6744 1243471
8806 8075 16503
3129 4523 1667175
626 1944 999622
638 2738 528041
318 6144 101419
5749 3296 631092
2186 6742 928909
8400 7236 1060366
402 7273 495275
1185 248 456304
8444 2224 472340
8363 7287 72328
5629 209 2907512
5379 6565 881317
4611 9112 793109
4814 5333 2303633
3761 5907 436570
2953 4608 1010053
4862 6030 70550
3674 1403 150681
7608 9749 32515
3138 7175 271886
1273 3716 280817
6096 3104 36873
311 7775 501267
9929 769 416965
841 3130 2129416
5938 9538 293209
4139 3636 190302
4096 7307 429856
5361 3215 212751
6681 7917 644121
1694 8430 1799486
9220 8470 210407
8926 8905 287725
8008 9013 802450
716 399 209437
9290 8364 483153
5904 1889 446680
8833 2779 1425851
6160 7826 814496
9678 6793 230407
4118 9020 129316
1503 8783 64701
7847 1463 353857
1008 4229 1547076
603 9198 721961
4616 1718 72265
4847 2894 327076
8730 5144 5184
429 8664 275468
5366 9159 801509
9690 2187 318551
260 4660 242659
9513 8621 460723
4492 6542 279795
2791 391 97275
7805 1230 375963
5542 8874 224702
5121 8694 516805
3814 3853 148156
3447 1070 82243
4674 323 556142
7970 1308 2391873
8209 5011 283004
3931 8492 1233595
2961 837 148663
8747 5911 233208
6985 9201 1385301
2793 1314 440006
9221 1901 158612
503 8636 819655
5824 6851 480952
7917 3732 840098
7299 1392 147597
3233 6162 28760
2975 1792 108227
2805 2712 1091220
2978 4245 68765
3810 9092 226619
