60
3567 1284 2809261
2933 1535 324537
9747 5963 2056926
9263 5735 926698
8955 3446 941378
1725 9805 99563
8754 2663 2710096
4200 8222 5625140
9721 9601 788910
4074 6453 158179
6471 5007 791585
334 6627 346016
8741 4524 471935
670 5708 542267
9243 9149 9049393
8932 5475 578757
6742 8250 1477386
9719 1805 2627577
9984 5115 3531788
969 9805 522486
4487 3328 657768
4822 6392 877110
7060 3541 2535270
2424 1554 205066
7340 7715 1104475
1517 7 1535627
2574 8085 1442910
2160 6848 300506
7079 6367 396600
565 4151 1986038
2765 2906 1419948
4653 7021 274000
2235 3590 47812
3257 8152 3072829
1521 2062 4130508
8016 4100 2349550
8881 2376 1451886
906 7486 2658283
1308 4549 937302
2124 4820 698398
3830 2257 2014731
464 9373 1294387
2203 7055 4252904
9644 284 4009752
5492 3508 71217
1839 7535 985725
3705 9958 229229
647 4120 3041500
4175 2066 807926
3414 2867 1719084
1605 3657 6670836
4772 9239 1195269
186 4772 816289
6184 731 1082636
4175 5359 877203
4200 453 138606
3809 2656 970372
9226 816 1313044
9375 7056 159397
8326 9933 3888129
