119
3085 2407 807295
6714 9323 324368
2730 830 260190
1157 6997 184667
9346 5422 380097
4769 6880 81432
9911 4346 960064
4354 5158 1330082
22 5085 1477895
2885 7363 303147
5641 3816 959218
5970 1973 202743
2010 4335 265957
1832 9428 681510
3936 6777 492718
2535 1604 177533
4481 2997 576010
7856 2970 1086259
2214 8243 3124395
2831 5500 2649671
4133 1988 653468
1351 2158 2943235
1865 3326 693755
8002 6060 986211
2383 133 1497159
7473 7203 30081
1650 44 469652
1984 4068 60405
8549 6303 1808296
1262 7446 550469
3977 287 1533363
2039 2962 569992
9983 3698 600669
4103 9707 911941
9855 6755 315659
918 4509 141902
4108 6580 77686
9293 5782 344182
8433 5998 564910
3649 8669 1335344
7592 2999 641068
662 7985 171738
2427 9728 1941046
4495 815 1229967
8440 5484 962008
5431 8047 35374
8408 3199 1575217
8459 6371 273337
3277 7177 872657
2452 153 765925
4803 7377 53756
6159 6184 160775
3561 3498 549061
2647 5356 1321264
4572 5477 85661
9424 5950 962527
1213 9608 1437473
9619 3267 781192
6236 5436 310763
6818 1210 1191538
804 5739 1244967
5750 7236 320162
4984 7586 222450
456 5152 129615
4984 6260 1091698
3563 4127 2069066
2630 3442 364395
5207 1284 128629
6628 9499 109899
4473 9249 1727656
3081 813 507135
3051 2837 1380131
4385 5388 3199092
4608 8516 392863
9146 6678 99348
4417 4847 4064511
760 409 587624
9481 2028 975675
3069 5294 348799
5214 9297 1641385
9698 6371 551284
414 854 308760
4487 2339 30758
5804 8401 130336
4484 7852 641028
5517 6305 1076395
7296 3729 815146
2514 6230 902543
3264 4637 1806391
5458 2799 507689
9345 4583 356925
658 7862 1512234
442 7366 144001
8018 4224 1383801
7649 1885 1998395
1494 2241 494238
8087 3083 743059
259 8018 324314
1123 6017 1045810
6666 6944 1611403
8846 7704 109546
7399 618 178778
9782 2485 714092
8460 1686 583673
9647 1415 222947
418 5136 1475245
575 5556 1612575
2222 8751 1288152
215 6348 1946258
9268 8084 496994
2582 9005 966792
2411 4378 2735236
663 9544 65673
5267 9506 175984
2356 7935 226889
3252 6986 483730
5750 7086 117621
2142 5720 439202
6945 4921 1435026
