155
7156 6549 1867
3042 5114 349651
6704 4994 468359
9864 5473 1157470
6133 5902 1338338
3081 430 466230
8266 9739 334297
8754 5249 46994
6820 4965 102153
2477 1537 80603
1994 2821 494724
258 271 168126
9208 3660 205569
2263 5820 289526
156 3475 630992
9169 4134 871600
77 7958 2211775
5913 8649 255519
656 789 518447
1445 5418 923864
7939 5429 2042523
4810 5550 1740245
9194 6003 278770
3053 1686 999581
4280 6702 1449104
3911 5118 735391
1969 5507 830680
8906 6078 59249
2047 8956 707735
3414 2139 204582
6316 6609 434923
8733 2204 156360
8288 2918 398882
891 9840 577204
3664 6013 3988
1595 5848 1027545
172 7197 377485
8497 1498 889633
2232 2036 1239793
3167 6876 64298
3301 4025 140427
1859 862 220120
7351 9137 493486
6059 3365 1759254
7648 4965 420634
2763 5953 764013
9985 5784 129401
5090 9921 4237699
302 1264 1111108
5106 1338 249969
9457 9536 559109
2729 6456 499254
3852 5111 818
9580 94 547232
8388 1647 937432
7462 9783 338129
513 7086 835502
8568 8990 328923
1692 8049 1069149
2133 2916 52179
5439 4560 3623959
8917 7376 755941
3982 805 178715
802 1985 371685
539 6028 259190
6549 7071 225677
9286 7995 1201417
2657 3552 30803
1026 4513 615629
624 6546 57390
2027 6115 168110
9014 1376 1235217
9746 5572 273598
375 6124 310685
3228 5988 25129
2384 4260 208189
3450 6339 937066
2155 7031 777768
1340 8415 54510
2753 3433 325543
3973 2858 955035
5497 2328 1446350
3563 3923 328559
7382 212 779338
8938 4708 2489694
6386 3009 214914
108 2633 259668
8001 678 2483950
5136 3068 990971
6191 8859 560964
4327 6669 1000792
3782 906 561950
8343 677 609651
7593 5611 593525
3685 4763 635167
3309 3223 297010
8472 659 613926
4473 3686 252998
3247 9426 247401
6243 6333 202526
152 6710 1148183
9992 7557 778
9536 7513 291914
3191 6434 693646
6658 968 419820
7195 7934 657475
4620 5745 156447
2630 1972 4058836
1965 346 741672
9172 9203 83936
21 9645 136858
7435 9841 726475
2022 2212 452070
3960 7818 795825
4479 9126 1131071
6813 5605 895500
4209 3511 61211
552 222 258017
4182 6345 89759
9850 8380 1588995
1573 9783 1030781
2784 2330 288773
4901 8044 395306
1298 2922 241331
4939 4592 15561
8991 3721 244920
3551 998 945467
3406 4547 822451
5468 1189 56468
4300 9723 1041855
4670 9253 773814
2597 4101 674619
3498 4596 126457
6138 9777 821954
7571 2576 1271951
3550 1306 259933
1593 9972 455332
6534 440 37251
4991 8763 333904
3629 746 233129
4156 7991 691549
1599 2817 158769
9429 3248 315042
17 8164 1214307
2744 7324 28746
3972 2767 86785
4134 752 282710
4602 5061 715042
8265 3499 338557
9626 1858 1613356
8336 7789 121913
6401 3028 890088
6642 1383 244000
8650 1820 979557
6635 4639 871311
