183
4703 4837 871141
432 2146 657786
7464 8871 742373
9948 864 633761
8599 6123 761106
5683 6622 301473
4985 8365 802814
8380 8368 81567
1495 8842 368786
5189 6782 97261
8454 1111 247334
1492 8314 54234
8152 9432 529836
956 1747 953977
2864 3548 70885
8988 2011 600850
487 4022 520339
632 9619 462447
2523 8158 165283
6381 4840 936015
79 8261 60033
9573 6782 35220
666 4147 666534
8578 4185 744851
6546 366 461614
1759 9522 144470
692 5786 561534
2722 4991 372825
1402 2004 1298028
4314 6380 68588
2005 6723 477562
6957 2353 190103
3754 1907 30812
366 9480 355279
5652 7492 1298842
9518 3978 576717
1089 598 915118
8709 9183 401100
8250 1223 3060522
1858 8007 792194
4498 4869 250298
8054 5541 452629
9810 3314 559365
1174 3011 2094770
7760 275 1350245
4165 5156 8224
3049 5135 589144
4414 9718 709707
7969 2920 2087110
1755 9186 1022572
1704 5571 481573
353 4875 222148
8941 4958 595022
6348 1300 297578
9185 6739 141196
2586 1958 806908
5545 8606 482558
7621 2853 502947
2305 7727 24365
5436 4494 166016
4831 5527 596310
4995 6840 80602
1153 1659 147888
4953 4651 472866
1664 9001 70053
8867 1966 556182
2946 1690 174865
7187 785 1543536
2843 7013 251139
4718 4316 366281
1721 5863 649160
707 6603 103623
3689 7346 1529046
7443 4570 454907
4981 1047 42394
5314 5649 1520868
7668 8818 1303809
2075 7635 213086
4330 7592 1235998
5883 6265 529928
5458 4134 224988
4428 3262 844215
771 63 190074
2903 6755 1024
1468 2494 1023310
4196 9615 131787
4844 2112 1595420
188 6324 373457
5514 5082 76019
2069 7872 789731
2676 4944 90761
4753 7479 213171
5814 493 228188
1884 3006 477003
6078 9365 118448
3671 1086 1379849
5981 7203 358891
6195 1403 260474
9626 6741 1389298
6133 8707 142946
5218 2310 332696
3316 7420 692803
1127 4354 781938
2835 8945 286091
1925 9909 704286
3301 9188 560100
5246 523 1224998
65 4285 1209978
124 9686 244263
1943 3205 297992
2323 4786 354591
8279 4183 1105372
967 3258 109563
8618 8295 172500
329 1856 102940
69 4378 525676
6292 3819 311074
8980 4183 93178
1849 9348 608279
8561 1835 292346
2649 6795 394260
1142 4619 326648
2931 6133 1446656
5385 2470 248995
2371 1545 134546
8712 6350 595471
7339 3458 121849
9728 9328 238986
2542 1598 135179
5720 8328 663143
2591 4085 785321
3410 4522 1222163
57 3543 424763
7184 9068 2412514
8711 4265 57400
9079 8048 986324
7645 5886 964167
886 358 601038
5450 2753 485231
3381 8517 43223
5326 9219 104170
1407 1446 129090
2945 1439 219931
2958 1528 315924
5426 6255 365696
6265 8324 215762
2763 3627 693451
8404 6667 305734
3573 6200 562181
5209 991 465064
4572 7861 121628
1615 8047 404997
6342 6583 491064
9508 8116 513881
2075 2789 132389
8274 9828 686399
5104 5526 675888
2213 1640 1285657
1221 9548 175561
1171 8498 938842
8651 1168 116832
1309 1138 329203
3199 9697 301910
515 5170 1054974
8300 2122 255700
9825 9405 1419448
7815 3040 891841
9911 8696 86546
4184 9465 988296
9372 1011 123765
1870 8049 540174
6001 7065 2445416
1675 8746 647745
2333 8188 110220
6683 4459 142731
9868 7761 935320
6599 8890 353987
3340 8774 24387
6969 8868 71606
1337 2067 78082
6351 9207 226324
2503 6724 400394
9949 8130 386065
