121
1628 7775 541059
8803 7283 749174
5394 5420 448120
3114 5146 670323
1665 6495 583128
7383 6715 1654934
8764 1533 290338
1614 4027 498353
6312 6742 1075377
7600 7294 2983778
2188 937 50852
4038 9804 235065
8740 2014 390019
7644 4984 267554
3178 6483 486111
166 7014 2353070
2328 7534 84097
555 1866 322106
7759 1095 1452331
3127 4376 1626422
7865 1169 908718
8182 1646 1942887
5334 3603 2076207
1542 1662 4884888
6380 501 687954
5213 1578 370957
3602 3952 1085530
4875 4610 1166675
8885 1835 28497
5292 2353 13016
8440 5190 54665
7950 3835 1008320
6263 2380 216925
1272 2122 736667
9485 3637 203282
7915 8308 139106
3864 4822 643494
4435 1676 511941
856 1699 445251
496 8952 2598765
5577 1076 987884
32 2136 357138
385 1651 1280769
3677 2034 741564
5226 1974 793048
5725 9266 36171
1808 8980 684053
1779 1975 51202
6384 8168 563754
7259 7991 652787
3450 4754 357183
472 1600 521888
1433 3779 423502
340 545 13684
4992 842 1781422
1317 3986 704721
9190 4291 594894
7556 2606 2168198
5809 701 715712
9198 4478 984693
4797 6289 248206
5392 4374 570972
1073 4532 452981
3687 5873 407024
5988 3708 83497
8302 6298 1594263
6470 453 497829
537 7910 221770
9998 6058 646828
536 2979 424864
592 6398 354365
4689 7518 486325
6441 3622 879378
405 1362 175171
2682 6101 4067884
5916 8067 1364740
21 8783 1115463
8445 4204 294879
1009 5315 190211
2376 6416 210713
5986 461 1128868
9112 9346 49823
3966 1246 1383190
6176 6406 1359056
8854 7928 714935
6377 9419 2473938
1222 2885 1738595
756 2732 273465
6 3083 1896495
9704 1138 624389
5633 5606 1793
7848 2623 2072248
5066 9309 1300231
8967 2887 143356
1515 3937 903879
8370 1082 617464
2193 3131 222841
7486 483 793376
9019 1249 448421
8355 8910 1430727
116 2520 2267083
7867 4805 2086640
799 8723 564695
7556 4285 871247
3039 5788 199534
8059 1634 68933
3275 3206 335539
9294 9864 174098
3960 888 740601
4026 9491 1018659
1612 2440 285781
7102 6258 78262
6036 1836 648987
3312 7354 2254876
9312 3193 266143
1866 7587 101413
1215 5247 452540
66 5113 543898
3845 7635 258357
934 6506 1492383
8569 1088 525655
