99
9389 6111 2395259
6663 9070 1192256
9540 6551 530941
8584 9599 480452
3736 8535 175499
2402 4615 144225
4719 381 752266
7969 8863 610876
7967 6824 645341
1044 5186 11247
163 9698 722819
566 6628 1031941
6914 6179 462189
4339 3716 176680
1136 2518 1770652
2362 6500 93476
8464 5044 19687
6714 5722 147984
703 4118 66907
3874 9516 274694
3288 5886 246144
6938 7816 328605
4591 9438 1394184
2457 4405 2335605
3530 6831 198763
4867 3106 1483621
2430 8808 1652317
4895 4371 484034
4410 895 669059
8958 9693 86728
459 7647 959010
9575 5168 205131
2767 5283 64569
4002 7048 394712
3875 9182 985557
7696 8156 195413
8739 8209 1390179
1830 1994 525138
9960 384 453583
6086 2085 609442
3940 4673 2599887
5237 9009 2990420
1325 8630 2234718
3541 7928 564110
5252 7971 121795
6531 1658 1949174
3075 2120 37039
6952 2570 185732
5778 42 1825780
9859 644 471481
2654 432 943338
4021 71 710594
6654 7900 2228533
1467 655 184296
8890 2999 1248604
763 6908 220832
6605 3815 1791155
673 7853 142871
5676 38 4063905
6576 1030 913893
4941 7831 1532357
868 9674 962489
5120 5116 34292
4178 3064 221068
7358 5243 4040867
7315 5784 70348
4085 8330 4341971
5714 7293 738414
1921 5981 144026
2645 9802 2630434
1452 2268 1328918
2692 4920 437884
4287 4780 207245
675 8450 169717
5606 6294 1417796
9779 463 537619
9389 9063 155742
1107 2939 2756379
2535 4082 3362328
6671 1020 2002643
456 4387 415039
7988 1969 3236377
6189 4105 1871775
8612 5182 157053
4945 1440 776061
4539 8889 410414
1282 1181 1301089
5056 4011 1733694
4884 6091 1640030
5357 7073 162692
1168 5057 946872
1244 4127 583810
6724 6269 1855681
2732 5439 12829
9053 6862 1901640
5178 4158 1085509
3567 8933 1564870
8458 843 375636
6484 7649 1081050
