79
5569 6519 2598188
840 875 988165
9221 5660 405781
7475 7362 1619744
1601 8195 1799203
8679 1196 36045
761 9473 1828940
4270 3575 275590
1110 808 907508
2851 3985 4477768
5829 1230 2020325
1249 9632 1325313
3611 2467 2668821
3703 2517 821011
2147 4342 104369
7689 9349 1066099
4399 1513 582127
6032 8521 345558
6406 573 19507
9383 6682 114021
245 8316 1123278
5336 1581 3529990
4966 2135 253481
7131 4569 569042
1397 6346 685272
9271 3362 1668724
8277 6052 1057389
7303 4113 192720
4493 66 1250753
3175 152 830756
45 5062 108927
2510 3083 3160618
1504 549 1017632
7143 6559 1434762
9712 2882 198098
2751 1385 1013759
5807 4656 3275386
6048 3331 1865502
8394 4517 951453
5620 3077 324270
6558 3955 3103243
349 5961 270352
322 6158 1019483
1283 8701 384071
3541 3887 1617179
3652 6413 1938136
1439 8738 259583
8465 9894 2806131
8364 7142 2217291
4987 5635 71989
4409 6057 1513412
5347 373 2792770
7826 693 1932143
9854 2897 116227
7497 9064 567475
4000 2095 1929521
5712 8993 1175793
8018 5222 1207396
851 877 2951203
2300 565 2235670
6142 6902 2760943
9300 4422 3352658
6573 8785 270010
2926 2400 1996413
803 2474 317920
5126 2668 306806
8100 3015 1026607
9135 7062 322650
6309 4356 265820
4159 7848 14394
1853 4733 1473916
4632 7717 138205
8026 7560 2709634
3190 5042 4768630
4575 9527 101978
3811 9295 28767
7820 2941 116865
1734 6696 1317622
8562 1831 85199
