169
692 1652 687879
3927 4470 106719
6452 9808 258643
5311 5295 97045
3176 1430 176171
259 2879 318521
998 8223 7424
5852 1769 1364313
2849 2866 32644
5166 4262 111895
9554 9534 186742
4032 8333 170901
3433 3437 17261
6721 9749 26727
2874 7833 292940
812 9298 296810
3127 3258 716941
8216 8899 1183315
5007 2653 757863
9171 8715 766027
8965 4841 468431
4725 2798 468515
9744 6883 83766
6448 8666 1121345
7959 2462 172274
2888 75 661294
4366 4727 53307
2647 5768 2438904
4640 637 2709
7177 9101 321803
4574 5836 609022
6350 4419 1783186
4890 8384 250373
9165 4687 227862
7767 7299 603500
1131 72 377821
635 2903 51106
5431 8650 714919
6404 4880 652400
6837 8389 559223
3291 4884 670559
7102 9569 1159860
6085 268 486562
9531 7628 50582
7788 3788 415667
2089 1784 35477
9477 4391 325525
9230 7652 180454
8295 8472 190966
1465 4707 1101238
8836 8837 182004
537 7256 237042
4684 4558 954590
2089 2717 2146465
4420 7449 1763548
4046 6325 1235485
3253 7581 1010144
7214 9219 418982
4169 9631 1966241
9933 2760 387033
2371 3679 888045
9270 2510 274103
8599 4454 331871
3455 1047 27143
8472 9206 354744
8106 8901 435893
2838 3956 222301
6008 9254 1643451
7947 3209 186442
1193 7327 638684
189 4676 928027
1297 6355 238395
7937 289 64419
10 1976 376702
4506 4661 5916
5767 4925 760331
5825 2921 2353633
9763 6197 144283
1566 6791 1499547
4925 5960 267637
9491 635 821363
7856 5455 687331
1875 8639 867566
2426 4694 300814
6584 3113 74398
5448 6784 701993
4567 8698 214456
6270 1994 383636
3104 6856 480107
181 3500 991610
1115 381 498389
532 5053 151100
1908 7661 762099
9989 7244 102600
8797 5384 20005
2498 4045 1196545
1463 6798 724465
878 8064 169540
131 1845 84233
9326 1013 1439866
8947 1273 582523
6605 9247 1579348
9460 7560 188712
1852 2952 96805
9249 5503 1464549
1328 3687 1692254
455 3152 1454341
3454 9352 38358
910 354 37900
2843 3670 1502106
6500 8941 336220
9985 5683 359882
8526 1679 518151
1626 9829 161344
9045 2477 80358
4067 776 1395670
360 3379 208201
8617 132 467585
1949 6209 234065
8433 8327 1007316
9593 731 1342643
3332 6356 878652
8430 700 517375
7231 5835 98116
9374 7118 695374
640 256 336638
7230 7945 2342550
1309 5643 199094
490 7359 635772
8761 1293 142879
331 6379 132474
3350 6168 2434
9859 1273 1674601
3456 7818 548281
3033 7530 1380828
2844 5517 716778
2302 8283 95736
1526 5585 270926
1136 136 191443
3042 6430 1166527
7378 4006 149056
9482 7876 929639
8668 2180 368553
5859 4837 344126
7577 1786 18764
1530 9772 229120
4891 1960 644630
3247 1050 283086
2719 3558 2901914
3072 2879 384662
5571 3281 1627892
638 3800 432433
5355 1181 133035
7581 9053 582849
6086 6474 1205448
7367 3969 281615
273 5592 206155
2114 239 1139084
9998 1770 683458
7557 435 151917
9181 7746 25345
3208 3648 138417
8368 5554 71840
5861 8696 904392
6051 655 1956984
5724 3395 187716
6517 7986 32250
7191 8766 20305
1170 7865 759858
