52
2379 1374 3926
2538 9086 1179505
2245 3276 147675
2873 3107 201197
7667 7593 1819547
3544 3978 2629677
929 6076 1311554
1335 296 162048
8726 3674 85803
1354 4746 1852170
7478 7544 77216
3862 8533 1922252
4210 5761 699763
3610 5652 2967614
4325 4706 2888501
7282 7544 1025335
1114 4134 436154
6364 6012 4490795
8444 6149 5748072
8478 2742 1847648
9010 3152 107270
8439 967 183976
4031 959 3715939
7015 6923 2193924
5537 3946 3079634
4042 1298 39342
6213 3099 3797700
6274 3005 801943
6995 5927 638644
3670 5598 382599
6429 7064 1786203
6594 486 927005
4003 7513 321728
4310 1602 1664413
1427 3378 1960837
7434 8437 435826
6537 8024 639836
9061 3564 2481454
4391 9317 1296639
5464 7257 10312193
166 3462 1078327
3425 218 1098371
5323 8831 1906921
4379 4142 6442063
9521 8540 5839039
5541 7747 1502410
7401 4564 162732
8241 7864 8298612
8855 8879 1813586
4379 8021 1652513
7825 2304 1936072
1994 7112 5797
