50
770 9457 1665437
7610 3774 1595860
5660 6761 2549174
7647 9557 3436406
2888 6019 2158418
7958 5356 39397
9550 6282 1598644
9572 1929 3439781
2626 5611 53433
8166 36 142530
9523 2848 1690461
5240 6319 1847558
8636 5202 5451834
5687 674 3151020
9142 2597 1013061
6604 8950 1168829
6577 2803 3194772
178 6826 2133669
298 27 5623539
285 1008 240815
7558 4566 915638
7955 3990 1361249
8748 4978 476959
5754 6127 6065806
5434 8558 8650411
1054 8366 688423
902 9610 3396668
2445 432 321251
6047 2209 958006
5249 7032 1813782
902 2175 405471
1441 3695 496543
6090 5395 533303
5602 9367 4761830
6162 2339 29416
4032 6056 3450955
9130 2796 1428662
1726 6925 1830878
5420 8220 1883666
3248 9689 1915389
9587 5665 694636
6105 2981 2387228
1902 7280 276833
5085 5989 591869
4104 3193 1782530
5451 6354 1840785
4670 3222 4938191
9479 2196 774236
8639 9474 4588
808 5282 3130160
