156
9770 1459 1490502
2514 9232 339192
6736 5315 1083279
3510 9808 107056
4138 2853 1568009
1577 2239 1667388
180 5951 159767
1651 7735 743517
1133 739 267763
9863 5796 662548
4004 4085 1333036
2944 1833 14430
1489 9509 565580
1510 9025 1031093
8890 4120 1377195
7513 3185 44847
7811 1419 18973
7711 6202 1739671
4369 3437 477384
1511 2794 421485
6555 1246 474920
3583 1437 711647
1358 6378 57290
6790 6657 115854
6725 3878 289345
9109 1411 1582655
7818 911 2400842
4255 3130 494423
8438 5057 1182475
1592 4256 36240
2341 9462 658496
8049 4926 406938
5097 5555 625546
584 8464 74434
802 4515 1323023
4432 8112 553169
4134 5127 615538
5258 5304 297470
3660 4702 704312
3225 4881 1884851
4494 5905 33117
547 1042 265668
9793 5974 2941
3260 8693 622029
1884 3641 613374
9692 3789 86633
8720 9690 140295
9507 6171 1871505
8342 2148 996182
56 7319 298430
1992 6769 143681
1642 4107 2178998
9830 3918 236883
3082 878 416221
913 445 1463
2422 6300 50571
4101 7295 299818
4548 1942 2362294
3224 3944 2311079
4725 9203 172540
5705 4168 1454450
5460 4256 50074
7684 5735 640459
5961 8868 174424
297 6488 501736
9820 6124 1073481
1927 4035 223414
6764 5440 1211305
7576 9318 976358
1304 5034 528077
5283 227 1845434
780 4872 639053
987 5506 164719
8346 6381 165708
5392 5053 25889
7650 6267 928034
6683 3390 921560
9379 9608 631831
7259 5857 153574
4405 5824 782720
5600 1378 29186
8266 9343 1015753
2834 3425 687518
650 2702 35233
4052 3328 1586921
1155 1229 644183
1662 8952 647360
8967 3557 161593
5930 8230 225773
8763 5750 895184
1582 6181 804291
7276 8056 30500
509 1642 97325
2672 5366 128733
5015 8966 310273
8035 4562 1264516
5168 3933 1080566
1751 4966 280065
7774 7887 1022554
9049 2767 59556
8079 50 635716
1403 946 327844
8350 9327 296218
3979 8962 163099
293 3085 196648
7799 2980 1151376
7458 6446 1601078
8566 7460 1541450
4742 3789 285745
4206 8389 113408
1436 8437 92593
9641 2885 927430
4622 8589 1213290
8697 6417 19446
593 184 1030344
5761 2140 501864
7829 1606 33816
5082 6306 467947
9009 366 1595016
7463 1388 881796
3961 3145 3294846
5868 3421 1780269
8925 5703 255752
9299 7693 401731
4126 2127 1082080
8527 1576 94959
6010 9147 450068
3446 2559 310981
8616 5847 298763
499 9484 392969
3143 7091 150219
132 741 136237
6898 5095 591447
1960 3599 430627
6529 552 2851358
3668 331 31610
4405 2284 74276
5943 2142 880578
6444 9941 25856
1313 810 910374
5122 7742 28687
2726 7255 359372
3139 5856 1417168
7674 5941 941845
6112 7927 66832
2180 5842 185464
1084 46 309488
8624 5556 578247
3545 5223 17091
2518 3349 241218
9020 5499 7977
1200 7082 52030
5188 2546 524847
7062 2586 195221
8748 4067 541294
7100 8673 206807
