56
8365 5091 1845305
2927 4740 945419
7897 4974 1226131
4499 5120 616097
191 6716 2396738
578 4913 1436668
9181 751 651494
3636 9032 1861732
4389 9362 3144368
4324 133 125661
5170 5716 284966
1223 2227 677196
4563 6378 605424
1088 4696 1763136
8615 3890 276085
3090 7161 3131907
6716 4935 4483120
6917 5946 402286
5985 8560 2238736
2862 3623 400882
9708 2396 1490798
7116 8936 1217675
2900 6286 2270381
3498 1221 2299199
5546 120 674466
1885 1513 5955818
5979 3138 943954
2556 727 1324674
3804 2306 3869423
816 4465 299389
811 1177 237326
2352 6162 1594347
3797 3923 2401129
1103 4220 624601
1126 3103 6211995
4030 8694 39749
9446 9054 682898
9280 9503 526239
7431 7631 33824
6511 1161 691535
8126 9767 2407853
7617 2095 692543
3106 9797 1090446
6422 3366 3010589
1610 4737 241235
4749 2715 1242179
4065 2375 2067213
6194 6895 769625
6898 5393 3920699
2332 5439 2197495
6769 4455 36467
8536 3137 1261943
3291 6122 8960110
4671 8652 3044257
5383 4068 3196767
8309 2829 3957808
