54
9534 2022 852764
4266 2967 1506137
6391 3930 1407520
4757 7088 126509
6279 5916 1566791
7084 776 1333333
5998 6636 1681078
3770 2249 2532129
6117 1890 32090
7260 3446 1368739
9876 4168 1613474
6571 940 188727
7468 5491 224197
4022 2307 1656172
9755 1225 1668219
7592 6346 352666
235 8359 5899966
4634 8051 1440533
4330 7577 3311971
4819 4254 584339
3231 4076 595776
3590 8770 844833
8089 5876 2162565
6538 7317 300269
454 2533 2140882
3901 7792 582402
1937 7192 2229250
3972 1492 908901
8346 6581 1965
3627 9280 2227048
652 6457 216246
2495 4078 1989074
699 3799 1346225
9576 8108 3091911
5025 5547 1328738
9511 4730 4453855
8400 8443 1227969
7414 7842 3597868
9437 5552 553958
8226 1914 2163291
1925 9471 124686
9052 8313 3036377
9733 6948 791730
4400 4064 1451206
3690 400 1376292
2137 8394 2861727
8893 4425 479975
7724 7744 2191827
8020 7517 5839912
3697 9810 580477
7426 8413 3043087
572 1591 864572
1034 2069 13360814
5207 7212 2686938
