95
5981 4079 852639
901 2340 622707
7915 9243 898983
9684 8797 40411
4174 5240 1020504
5943 4353 626106
3401 1256 474080
5198 6 167555
8591 9133 32681
4117 7744 7896403
1189 6580 344733
4848 6186 716931
3516 1492 506602
9124 6714 86725
6464 5632 335235
6672 1944 1228895
9178 6430 108626
4839 9096 1112093
2807 3867 218462
9436 4623 1032599
1359 9804 663501
2626 6792 454987
5761 8810 453052
8898 218 33799
2101 6452 442958
7955 6038 588215
5126 2621 1991803
5924 3920 451059
7836 3481 820606
7073 3598 523417
5554 8737 1533089
8925 6128 1515531
7798 1159 2656596
5643 5263 243471
4177 7747 184839
3560 2406 244600
4056 2627 559810
9146 8051 547018
5184 8225 232461
7064 3638 125644
8858 4321 252660
271 9417 1475582
8499 7271 687249
1662 6751 547733
597 6240 424831
3108 722 3483199
7580 7024 1986141
6629 6532 535346
6917 8497 559584
4768 1117 515727
8317 4350 812521
4809 2723 3289388
4334 174 677264
7655 3645 634543
9430 5351 249391
939 1765 307196
3350 2997 1838795
1726 1874 2284303
7089 7658 748549
5590 8719 286927
5321 2214 1550889
3210 8860 880105
8216 2606 929748
2935 5490 2693864
724 8795 684962
8032 5501 52418
1483 1158 1839102
584 594 2707927
527 3120 2459739
6622 2770 1672879
5434 5848 178423
5737 3001 1894304
1129 76 153180
8471 3255 163445
9072 2247 890831
5868 1585 1233519
2573 9367 885129
2805 2914 118338
759 3478 198814
8204 5564 1536317
2328 4404 657071
4108 3695 3200254
6162 4319 1965413
9307 5628 927488
1062 7346 205552
5315 3177 136658
4475 8906 2136608
4698 8163 2903376
4518 53 3255853
935 8632 1310312
3980 5854 263167
8025 7781 1255329
201 1766 1254470
7142 3738 1932490
8929 3450 1685671
