198
5768 2897 958448
9240 2663 328911
6754 6933 638311
7802 1785 701855
3906 9961 555909
7919 689 83529
9462 3413 621912
5401 125 143478
3878 4610 1269713
3728 2737 1553169
7453 1310 1121765
4278 8199 339540
2498 1725 127213
3196 2589 625514
6222 6683 89539
3920 8094 8286
2728 2160 1331473
3066 7513 1012301
4636 5212 18304
180 6288 1134119
4626 8049 246477
9064 7098 772561
8846 9220 114640
7953 4967 66528
5151 3959 1231116
317 7440 75625
1078 1382 346721
4231 4309 209717
3061 6196 46485
963 9985 20671
5014 3005 39543
8156 300 1174709
1111 7814 860256
9540 2735 29670
9871 6031 272179
1381 9034 81550
5429 7904 462349
785 3436 166338
1077 6744 307283
1892 5876 13694
6749 9082 67368
6911 9953 157351
2322 2181 807968
7274 2087 272533
4767 1762 174204
6254 4634 534614
7467 9893 708165
6118 4731 433100
6991 3667 58848
3967 8841 148271
584 4295 813987
4124 4585 376252
8404 5100 213676
2729 4550 1611592
5701 9335 75957
5041 3066 537677
181 275 623653
995 3058 43641
3877 2879 584193
6469 5714 620693
2576 7801 542224
5854 2442 325631
3735 8476 749973
8794 2925 563700
8909 4458 216356
9411 9086 820076
1342 7353 196945
70 6622 141058
783 5966 1202791
4260 3129 229274
3323 4137 638059
4566 9409 184533
9646 8175 3253
5559 549 887097
8615 9391 168370
4748 493 294845
6954 9270 14852
6100 8189 283850
8151 4046 14597
1719 7349 315955
5829 9199 13858
9394 531 121323
3029 4249 29273
5275 6270 813768
4321 9739 163052
4235 740 175779
1563 5343 676349
8790 3414 35849
6367 311 423362
723 7138 980076
6916 5879 169524
2411 2279 144621
2630 9653 820467
5102 3621 55006
729 2019 912261
414 2133 543488
670 8752 1050373
3823 8361 598608
6607 2598 84014
8597 5332 552305
4126 5833 438311
9230 6935 71856
8422 5665 83376
1034 6811 1135160
3779 715 587087
5332 880 487166
2660 9104 345543
9427 9157 456294
6443 5863 451035
9031 7358 703916
8335 4689 156255
3749 2626 1038432
1567 5103 43174
7545 9880 976679
2525 4840 216139
5345 6025 8780
3140 1765 343214
3549 6740 75229
6276 5619 232267
3420 5037 1139676
8907 4951 1747464
7919 7163 86411
1760 2991 360196
5674 1845 23958
7247 6223 170545
7247 7126 329542
6492 3855 1108653
5821 3273 673355
2355 2790 56286
7539 1200 35343
2614 8818 208701
8064 4445 671807
3122 8558 53530
1061 7500 123261
6292 1521 687556
4893 7878 1619526
4084 8487 189414
128 2330 374137
7290 1252 466681
877 2421 2130018
343 5172 2665385
9431 7118 41764
1253 8716 630775
6046 7326 353795
2259 1303 378189
3397 7616 511813
573 1565 5827
2100 2421 313783
2758 5342 515596
8850 2162 2564654
8927 2568 756352
6164 2132 104912
4517 7330 347328
7675 7882 932008
8922 2350 348072
2831 4203 68932
5943 8379 259571
9225 1082 38861
1688 6586 621630
9801 6230 599309
6616 7172 446109
5549 4834 814105
2468 9578 3058374
9614 6691 539653
5296 7560 332122
965 8139 222644
121 4670 748700
7387 3836 222026
1095 1946 563273
954 7950 1073782
163 3017 256680
7947 562 122806
4698 986 386987
8827 7891 1402701
1094 7447 285180
7015 7198 218955
2108 2433 26314
1164 3448 356803
2644 11 896500
8353 757 1393063
8607 941 814637
5583 5716 1184439
2914 8753 228221
9599 9174 827485
765 6518 543650
5934 9272 609903
2979 5770 1174833
2206 1985 161467
2030 2772 376609
6408 6123 10814
2801 4229 386484
954 3894 464658
7175 2220 353644
1441 2880 132173
9893 6123 1944928
1782 6611 378473
8108 9883 151654
3978 315 502683
