128
5589 9667 3516953
3616 6019 453908
1831 2948 1321804
8047 8109 285361
5753 6981 2464940
4088 8557 24291
8457 3562 140927
328 7834 471257
6381 7702 586833
655 2991 298178
4861 9118 33793
8841 7095 144294
2489 3349 1174739
4966 3295 697084
8088 2665 65669
2688 3742 1105734
9178 8367 815348
5386 1530 1175539
5564 4529 170619
3080 5284 1885347
8242 5496 5503315
9958 5280 506003
8065 3010 42806
360 2114 724984
6999 8082 480285
4759 896 369043
2803 947 76484
7765 9272 2916915
2340 6348 267504
1577 6372 712793
4423 301 146037
858 5269 861200
7342 5441 1389495
9860 7 17429
3285 3454 1395272
2680 312 15780
8130 9124 347581
6368 5660 105686
4686 1469 894595
3208 653 54434
9274 5835 290403
5999 5613 81961
1094 9133 598946
7493 4534 24051
7419 711 80549
6746 1604 19431
2556 2001 1287441
1697 407 315722
7203 529 730836
7385 9520 481320
7762 1311 647551
2233 4352 648642
249 4345 1191369
4629 5113 1396699
5024 5093 664340
7779 2979 243223
7025 7910 1882533
7477 9976 11327
1034 650 384752
1536 2704 18823
6215 3879 816279
251 2683 708953
1548 8554 782730
5369 6593 415531
4827 1298 210849
9243 3853 158498
1804 3361 1199126
1041 9711 86460
2499 9678 198544
5882 419 146232
5799 6478 174951
2765 1183 108891
9738 6137 1874022
9998 6312 34112
6552 3195 594319
9982 2053 623492
6616 2117 2993
3911 2864 442059
3298 6510 80863
1523 9299 1289114
6223 7747 1751544
7542 4772 2558115
4765 770 188816
6745 24 976644
3726 3728 747735
8035 4414 148153
6455 3327 427298
9283 4710 1451399
2630 1592 1025185
1210 5379 2511974
3978 2297 699440
5213 3303 650572
1638 7917 182557
2035 3048 457257
7481 6666 3306166
2938 8051 2701668
2028 9037 1201574
763 5841 499411
1525 5367 977780
8648 4471 539689
3060 1296 276467
7715 3002 9971
6884 504 1052326
9682 6093 1154991
9006 8504 701425
9934 3546 159522
6844 5606 250258
6240 3351 997045
9086 9757 951761
3298 8657 112965
8891 3055 224913
5477 153 2615826
6415 2981 1797537
1576 9186 147085
3962 7916 507602
843 4505 640903
7599 6056 2948086
4206 1179 91693
8978 960 732825
8559 2376 25945
2922 3628 841860
6175 1503 1080835
4362 378 2929947
3878 583 828685
9178 3805 197571
8942 6591 12650
9498 5845 716924
7191 536 381209
