122
9223 8023 534168
3344 1717 883543
8762 8685 1283477
419 565 801729
4825 7175 1051297
7480 2662 257801
9610 1804 34861
9497 2 1670264
1264 1202 2433051
6339 8655 450487
1016 1395 1053730
1710 349 1914717
3662 9067 1747703
6372 3504 155105
7839 92 134674
2076 7195 140898
1204 1797 291923
3608 5240 1484360
1118 938 1043190
9501 3367 108298
2046 8306 3210911
3384 9138 944577
4325 1290 1762967
2253 1750 2051374
2327 8423 898054
4072 4475 1459841
1320 489 511492
9001 9518 1016138
5038 2433 140535
6307 3743 199527
5003 7277 122788
7321 3138 1802772
930 903 1156098
8738 9968 2002975
5319 7798 191843
5591 703 205936
4135 1808 124287
7088 8536 421108
58 9355 2236895
5315 7601 534910
285 759 349716
649 6222 100926
2450 5644 222176
2128 3268 1588016
3627 2137 928334
577 2374 1498060
94 9624 68280
8281 7495 412408
9327 5018 568278
9352 3462 827037
3282 4312 114563
627 1562 804310
3766 8790 531261
4913 1447 482824
8982 3796 204362
3410 1769 1355538
4065 7126 238307
4217 5961 400010
781 8462 1441538
1247 2285 745462
712 5751 314434
6967 240 542081
7858 5576 1550667
456 1202 1970576
7890 9547 754543
7616 3060 671263
7114 5363 230822
4700 8540 203333
2171 241 213582
6449 4175 360857
4339 2332 827083
4027 3847 1092251
3578 489 689515
6256 7533 130265
6891 3354 1094816
8009 7527 1579696
8845 2052 369761
3652 4099 286201
2920 9855 740757
9168 3178 1821683
7798 9382 492484
6333 473 1532784
2709 8366 739101
1933 7244 417148
9027 1155 428080
3399 9424 1119492
8078 4520 1432813
5626 6547 610501
6028 6022 574238
8319 6299 1107074
854 5406 477800
648 766 695618
4805 5066 1169304
8163 3564 216768
8449 8163 1443982
5190 675 900052
1248 8298 1119290
8701 1423 807485
5651 5301 373075
8371 2381 1493553
1980 8485 1489964
3081 8162 318189
3474 4611 526465
8671 5332 855823
3469 5816 767959
9754 5563 151893
7515 7141 177096
6037 6004 637994
8571 8320 772405
8160 4648 610560
571 5960 650216
5470 2122 852334
9822 2775 269598
502 2194 389857
9986 8041 1166729
1630 4070 61544
8671 2307 163978
2248 3430 20711
4330 5623 943177
155 631 2323400
8628 833 1646322
6496 8076 1257248
