166
4964 7433 102918
5316 1503 991301
7429 8029 386380
4708 7933 1616762
3170 9429 1341394
4538 7615 708386
3953 223 239652
6325 3859 192395
1493 1526 1005880
8412 4633 215015
2460 4667 777174
7735 5151 699860
7500 3699 315180
3541 5800 212958
5583 2947 156597
6984 1391 241440
1867 8251 175608
693 4509 2785411
1090 4916 476476
331 3848 409129
3849 8700 23655
5478 8382 424097
7937 9364 899
9499 1898 129041
1112 627 107456
1157 4907 1581560
951 9119 98270
1911 1557 616239
7580 3863 189662
6926 6724 920988
6998 1491 521709
7127 2192 339623
6417 8350 1884
6778 2116 34520
2405 3918 110387
5998 6045 1445495
2611 8973 43146
5427 3770 192633
3431 3469 1519345
9306 3860 366717
1669 3055 19047
7290 8924 150297
5209 1479 401171
6406 7063 287975
284 8965 1349344
8698 121 246188
8154 2237 552193
9903 374 480451
9013 2261 2084231
3413 7239 967470
718 2348 88103
394 1990 447231
1231 6559 1592241
171 2970 373017
5139 3960 265967
5737 2662 1760918
1262 7561 697473
5077 4481 316772
4356 6540 547369
6762 7135 615026
2751 9261 830603
9461 6729 5410
4435 4420 281439
2204 1087 261200
7991 2723 62419
9363 7723 781124
4488 489 255528
1129 8676 519814
7723 5064 498571
4911 2866 929968
4317 5953 12698
395 2570 680609
9788 1918 428758
704 1437 1753560
5454 5109 114853
9928 6909 234709
9124 4296 468599
1012 7231 565735
2661 2079 309551
9487 2536 809194
7677 8713 1184586
5754 5351 2056676
8474 7861 2199804
3894 5768 747003
1524 4406 172352
5795 340 228744
5378 6610 55330
3845 1954 110237
3995 8830 1780678
7373 402 2800862
915 763 491897
7544 4928 931606
1250 7921 716709
2689 5304 1337407
1508 8923 578865
3807 378 332944
5755 9538 466042
9636 8679 1608970
5111 8322 297544
5154 5160 1232609
413 294 289773
9918 9498 143360
3809 8712 22010
1622 1312 127932
7793 617 339934
6538 4771 837339
5870 2638 1199828
3204 2160 886682
1277 409 45897
2612 7118 295532
3228 4038 1170004
5158 8455 599308
510 2982 184540
2369 9467 1488484
4300 718 859817
7554 7009 142436
3027 2747 201398
9148 8687 243351
8257 9268 388724
2237 4973 152257
7469 2558 293707
2968 1939 1083484
620 8440 1799697
6020 1589 479787
5901 5004 892770
7998 7596 113690
4568 1495 189037
8870 6735 71049
9223 673 336598
8490 4114 926189
9939 7683 202773
2984 5302 465664
4359 8199 960272
7539 7998 1195412
8849 7241 1893568
5279 9268 586157
2771 4423 274258
8694 8924 603270
5361 8743 339438
511 407 117100
7796 6417 766190
8315 8547 343989
8536 9238 170426
5623 4451 1128614
5391 4131 374238
3456 7259 38868
1020 355 978605
4318 143 486433
1348 2442 173416
6096 5108 77864
2939 757 371625
8489 9265 153116
2460 6589 22102
3833 1888 568975
2037 9352 651914
4308 1010 496998
7944 7882 1101413
5433 6292 91048
2532 1216 451023
4050 5144 126207
4564 8117 989895
5574 667 638185
1310 9172 362475
6677 7998 297231
2291 5158 1092737
2115 141 1508954
