83
8711 1552 1152727
6721 8750 236980
4352 285 718942
5545 8771 457476
6871 5709 1012529
6273 9614 209305
6038 8783 111789
4799 9767 567796
9774 607 855338
5723 9278 1328153
3556 47 2704148
9473 9646 132503
8273 6702 3234187
4128 8855 1726026
3388 1059 2068718
1543 8253 758994
1448 3724 190016
894 7709 1658879
1283 6747 1237379
7676 5959 1310634
4264 7809 1328989
1709 5067 5803948
2760 8366 2454484
5303 850 81141
7538 2571 396888
6517 6337 486477
8527 8847 946609
3969 5036 612257
9545 1165 1718689
5472 684 289113
586 7331 2731415
5436 4240 1309641
8697 7068 1368378
1650 9118 1216356
2182 6553 465995
3677 2893 1526614
331 9914 1060761
7605 1844 1021726
2959 7072 172675
3910 8302 1354678
678 3803 70435
2027 7247 358012
1386 7025 931256
3428 9295 861041
5928 8730 1069675
3582 7049 2752656
3066 9189 299821
3316 6096 3228849
9079 1743 78963
3728 9698 472112
8992 2111 402164
2034 1065 112153
4350 6403 1924655
9788 9879 1316533
8813 577 1344727
6519 1212 1826020
7927 5007 2210004
292 1665 86983
6781 4443 30138
7277 4581 2135583
273 340 263501
6736 7904 1782602
5243 3383 1631494
4529 2406 5162940
5906 7872 1581934
8577 9708 991704
398 4016 848268
6822 429 109751
2072 1821 3809578
1007 415 2133453
9565 8579 559316
1528 321 288691
3054 4356 396199
2197 6901 1903099
1910 375 1103950
6090 7137 704107
2018 3866 611370
3523 2873 1819772
2693 6202 2204388
4999 4954 1642312
4976 5364 628860
8646 4692 82766
2817 6344 208812
