69
9344 6073 1210890
7112 1173 3164180
112 9926 268826
9963 1882 2179218
5920 7735 1183438
5884 6128 4267103
1020 7514 323982
773 1302 1488743
7667 6623 245726
2560 8199 340835
7918 7022 728871
7662 8716 2601704
2342 1250 2244553
6777 6 656039
2049 100 549117
1024 6730 2633718
6522 6881 2123176
4744 4277 2801859
6988 6386 201407
8958 4587 43687
138 7349 1409514
2485 5231 936570
6728 8574 317084
4162 6641 1324500
9642 7804 3125332
8416 9235 2230820
3999 4226 2238535
4102 9389 3490945
2242 7669 2352094
9425 750 712943
3283 4466 1030171
4711 6143 635241
7659 419 388894
9177 3019 4963691
9296 6767 2018937
7777 9392 707652
2190 7327 642820
5373 5072 136387
9115 9850 241891
2423 1688 2637372
4978 779 2577651
9520 9812 5622567
807 3020 955693
5830 6559 1036722
7567 9287 2718914
3567 1029 508908
5669 6699 1107147
5670 9769 2490396
7972 5185 271340
6172 8329 1305457
5809 1577 825215
3424 9997 1827038
230 5477 1449261
8540 2099 1145947
5715 4266 1174846
7914 2248 1550720
1664 5971 1995424
7694 1071 2630614
1968 6931 779319
9899 5161 1995742
587 3080 1214415
4339 443 268078
6950 3114 188855
6973 8545 144509
6437 2099 332898
1436 3428 105798
7061 2346 315254
1162 4441 2511924
9755 743 150883
