87
2637 8144 1268910
3126 9226 1269510
7265 9035 1895775
8027 6616 642969
2032 1984 1132880
3370 1447 2110931
1740 1601 246100
7350 9412 165439
9308 1812 149475
7586 9350 1073
7755 9368 6043801
3897 6199 851779
6964 616 564612
1334 2486 106265
2624 5381 240271
7733 8581 1434874
9272 9435 1683062
4246 7209 1504564
120 3343 744429
6626 9327 233531
9778 1764 491523
3624 7462 1204315
8146 321 304469
4058 7030 666108
320 2421 1717391
5063 5594 7535498
7393 9002 372920
1447 9636 118436
7576 6817 73820
4163 8754 331335
6051 4993 445175
4432 5201 865298
2466 6673 1715943
3940 6475 205792
3777 3262 2098298
2260 3200 68801
6406 4346 1030139
3279 6678 366480
5691 5970 231361
412 5398 808727
789 3223 30641
2421 7832 2176409
8757 1799 1661940
1595 8842 685485
5203 8635 852561
7121 4540 2474249
2124 2023 2316076
4448 6058 1413097
7460 5938 332570
9306 4741 308999
4625 3687 1123567
2474 6015 801490
4744 6143 821839
9233 3306 775560
1439 7340 873083
7293 6367 3977813
8095 9251 170545
4900 6944 1965696
9778 3165 1451260
935 8915 1554684
5723 6011 1199453
2967 4475 1750484
3029 5045 294415
6754 7106 506867
8921 4189 1223225
6351 419 216848
7431 2375 348204
5993 3478 1867653
5576 961 1903469
3428 4185 172682
877 295 1972648
8398 5754 79383
6636 3938 232943
6283 1636 446828
4018 2613 3988511
8738 3890 12637
1173 2101 1814528
6534 1592 1065364
1508 2001 1048734
3132 1291 1055465
8083 9503 127152
2708 1481 2350439
3360 9254 329093
6384 1914 3505129
6878 1301 601997
5397 1303 1307560
7489 1784 1868646
