115
1741 2303 2316728
1341 4187 1973942
5887 4759 135332
8993 1330 701465
9457 7792 791807
8359 342 1659102
5869 1123 1027789
1047 2023 755757
2082 1564 264146
4155 8599 157695
9432 2126 1204348
6924 4670 1503081
8361 8568 3510664
3820 6178 201431
3443 9774 1788048
705 9353 602958
9027 4091 2232352
409 4678 2689645
3184 6924 1483398
7944 3011 1238731
5936 7575 298685
5212 5404 827448
4369 8570 1626164
6115 8658 704524
5042 3829 1539367
8734 4492 197624
5517 5259 709727
8557 9844 65436
3155 551 100499
1455 2247 701945
7863 6551 1105376
3889 9525 364342
9768 3480 71089
6977 8391 165939
424 3102 860136
5845 1006 9671
6167 3820 510258
4217 8023 1079550
9668 4318 434878
498 644 837110
5394 9568 1001448
2515 1510 1812437
6433 7916 643000
6155 6824 118658
4566 2752 1409776
505 2431 87696
2798 5511 1322729
7179 2536 746201
4505 2265 28022
5178 1222 508350
979 5452 137303
4318 6673 1153085
1349 6064 1726528
6997 557 1547235
5585 4234 489586
1701 7178 1052631
1323 942 618125
6307 1086 553042
2758 6305 174999
3317 9880 624639
8285 8414 221728
8282 1119 1209927
2107 9651 37197
8951 1707 268620
6310 9081 2150078
6240 1212 1681322
5289 4451 1064487
4822 3069 675662
2529 7861 442559
8928 7328 102622
7690 7806 144570
1848 7574 40872
1967 5315 935589
5576 3442 602335
7029 4246 149250
9948 686 13422
5678 2333 2193655
8387 3313 1296275
7761 5256 199415
6730 1648 12285
9632 7947 81835
4878 6020 500025
1766 1347 1280605
8032 3974 2732534
930 4222 1106349
3402 4772 401296
6026 6406 959739
8315 5045 172164
1684 8649 898544
8852 5424 20523
5605 1609 1953464
4663 9009 53665
4193 7974 1504967
5539 8237 312618
3102 6461 380306
2968 7333 703658
4342 3372 194256
1351 2142 361938
7199 5187 1030685
2613 3656 2045234
3486 2250 4171297
769 5813 1158369
592 3320 210738
8665 1760 342432
3833 1496 1764460
9766 397 1261498
4098 5107 154450
6791 389 169922
5409 9764 2483201
1931 2938 716119
5454 9510 1034000
9194 5313 1448140
4750 5568 40038
9540 3574 129290
9732 1028 576094
