51
4817 474 913437
4991 7188 2412521
7632 8904 4485566
3028 5775 448764
1985 6172 1470175
4900 7311 3322933
6878 2653 2160894
5838 1908 3316954
1587 9016 1285391
4054 8847 338979
8277 2722 1262788
9764 8710 703563
7555 4386 1508948
8568 9950 6326319
7214 1885 5081759
6793 2397 1231845
7253 8956 1038154
4497 8146 1604195
5458 5718 3351005
875 3894 2904654
7208 2477 2682643
3440 4045 440693
7050 8768 2262835
9652 308 4562649
250 5148 1543465
4364 1887 2529761
484 1592 1020785
2677 4054 2866437
7526 7076 6029670
8272 6633 2418400
9347 4651 2840899
3354 4394 621414
3195 9470 565118
4928 8777 140243
7699 5495 4990146
298 1528 662546
9761 8752 629528
4211 4055 1403745
4145 5746 3392424
2578 4917 2226489
4189 5451 112869
944 5097 233735
439 2391 1277809
9662 9995 1289547
7903 9890 1200451
2679 8026 3596420
6282 8259 1551975
8919 6334 1029882
8280 5017 334408
7037 7482 29615
5669 4181 344555
