181
3810 1933 265223
5846 3635 1069216
9542 9220 2258211
5975 383 544769
4589 8334 219972
9056 7116 104438
4953 6493 1222611
6183 5353 223669
9672 8998 971173
9870 3548 1004951
5692 7416 762290
9835 4535 171780
8990 5803 979436
5707 552 449020
2056 1901 43135
1909 7797 407702
9832 7546 240293
770 3474 160801
6772 1482 508995
845 910 235533
6973 5583 58872
8345 8224 36089
7629 8084 554657
2455 370 544995
1232 1317 372061
4153 632 141355
875 8309 1644024
3211 8758 309562
9788 8724 479513
4661 86 2106526
1429 6339 640493
934 4597 180653
6787 8161 198058
4748 7472 280730
8199 8666 1373907
7481 7170 10744
7029 1606 721729
1363 316 282776
7029 443 337843
5202 2826 10289
7808 3073 1268393
7318 9243 218706
4583 9509 2897872
8072 3704 575723
9099 5663 1231352
9939 8444 458457
2423 118 1301597
1353 9406 212054
3528 3204 1308994
7618 4216 780018
7999 7188 362123
5677 8274 99913
9024 6493 313722
2918 5120 98224
647 8138 72389
569 8483 546431
5990 4248 1581804
5801 899 405149
5956 5942 134521
7375 8093 232054
666 9960 248807
2731 1882 485789
8284 7809 25830
4878 7606 459932
9567 865 562746
8265 6150 58250
6083 5536 960044
9899 885 402928
3936 9754 316446
1195 6645 192300
6203 7446 447942
8494 7426 178475
3538 7927 249695
1372 6332 1122430
6060 4671 383887
1482 7770 71184
423 1423 876356
846 2064 165122
2387 9334 604896
1080 9366 1390931
5724 5193 345579
6812 4820 70442
8438 216 585506
1230 438 597637
7270 6902 310173
9336 6871 1887027
8844 798 575681
9472 9382 551468
945 1626 1126057
9328 8871 941086
5645 4495 690415
881 9569 2033236
3248 7427 592595
8015 4696 758635
4716 4088 532963
6926 2598 192097
4507 5741 309184
826 7936 237262
6561 5656 522054
8489 2907 94820
9338 6513 281405
3587 4848 850211
579 2008 155521
7286 99 502869
2246 9863 469139
6264 6297 98841
6110 8146 199381
9191 8446 508904
9052 8366 133398
1801 8291 376962
4770 4976 223522
8172 3831 274870
7365 418 389212
6972 4654 582112
5709 8767 1387411
8390 6988 248617
4886 9079 874482
5222 9376 599745
4238 6616 823010
5768 1403 372877
376 134 753927
3482 8131 2459648
2825 4386 320301
2566 1978 1097713
1698 1809 593043
6074 1368 470661
8062 2280 453284
3677 4348 2571173
8382 3434 255955
7174 7354 679179
1319 3349 48123
5482 276 255796
3382 8197 187762
4636 5143 297980
1880 7964 103187
3318 8694 98751
5883 6990 888131
6086 6370 34545
3655 5341 572562
143 6216 156102
1312 2029 280349
1906 3905 134020
4064 6648 261702
2963 9525 217286
7282 1946 780262
6161 2853 602920
2774 5088 153670
8790 8771 6319
4347 3966 234506
3154 6427 923669
7184 8510 111599
9114 9027 921417
5844 6047 1700551
2664 9087 8946
2838 8837 205826
3473 4012 267933
3506 3662 319940
4243 5523 391297
9369 2999 139150
9553 3819 697248
2990 156 1558787
6788 8507 44253
6962 4029 342964
9202 9462 166624
3715 5776 661916
1561 2352 121018
3629 8312 1229767
4137 8609 88871
7331 2827 823303
2855 166 1020134
6783 6374 165323
7115 4131 162352
5106 1036 255853
6065 6734 1528033
382 551 291327
3412 2641 452532
9184 8661 413450
3846 174 1140160
4327 9271 130607
8833 9158 601544
7749 6620 406763
