191
7031 1216 1616682
9738 4952 697507
1779 2309 21543
6873 6904 629214
4057 7284 539362
3531 6236 13664
6660 1282 1024339
6319 7068 502039
5757 7802 445356
1523 663 1348594
7223 5480 385825
842 9016 335703
6205 1623 889986
4091 3388 198432
8094 4662 13263
4581 1516 587381
2149 2853 523754
8803 2781 41036
5377 5623 497362
9133 7962 58234
21 4655 446005
5619 1410 1119720
4618 6668 155672
5219 8598 309917
7436 493 317752
7831 5645 48859
7028 6345 63733
1372 3596 526157
4371 5517 733662
5206 7337 512690
8649 8546 99753
4036 7671 71558
1974 7964 381727
2091 9289 439
9851 9396 15318
12 8380 1653620
9304 267 483888
452 3588 1614651
9840 1131 1045617
3396 6434 875701
668 307 1347711
608 9482 630239
6310 7482 96157
5672 436 88080
877 3117 586950
6557 6424 28096
4066 9281 555573
2862 9825 618482
9015 1492 2744062
8721 8462 458338
9486 8585 545930
6586 831 272113
5317 9747 278372
1448 8230 234628
5247 4608 13859
3721 4718 319578
717 557 436582
8744 8329 23200
7571 2746 581134
4733 4301 427101
1928 6454 439600
1794 6965 245725
2067 8198 471806
5588 9200 1704464
308 8962 466832
8775 3885 99151
6421 6842 78414
2773 8233 2055
1921 7592 1270866
525 3305 319856
6291 5902 196496
1604 9842 38329
3371 8036 216376
7709 9965 652732
3064 2724 91525
1878 2048 486949
2834 5428 1114462
9006 5358 237013
2428 8067 434987
4761 9016 996583
4651 4083 156748
6991 9685 864214
407 5513 378665
3809 1832 73598
4565 2275 121908
7899 2820 129768
2903 2935 1898035
7133 7310 222555
4884 3163 1490395
2067 6600 768560
2771 3412 277223
9181 9322 699
3463 6795 707931
1599 3753 134722
6661 4510 149611
4589 9724 1057127
282 5075 259757
5830 4188 744098
5564 4857 170225
436 3589 762069
1968 5698 113073
1949 9470 505459
1715 4497 885318
8128 1166 242047
8557 9041 264062
6395 1997 1764244
4342 6146 332097
4667 7582 611032
2249 5835 436416
2488 6776 1233334
701 5026 1981666
7621 7149 34921
733 1135 165402
3465 531 191373
2575 1290 3906344
8286 9574 880394
1457 7629 450014
2932 4413 480928
3225 1198 690633
3532 2517 242203
2930 8867 246269
3785 7769 362698
4675 8589 386508
687 7117 50097
5478 2525 116199
2046 4522 723030
2423 549 258982
5708 4219 72094
2580 9443 1294061
1398 3960 646481
9933 4203 80372
865 7720 72063
7330 5190 605955
195 7336 194839
9441 4434 9194
6221 5088 268870
3135 7853 793946
5260 3395 6863
6587 7928 903581
9540 3460 421347
5219 2879 2993
9096 65 12700
1043 1011 930122
6367 2720 403816
9239 4310 740896
9694 3440 762843
3587 8582 275231
5482 8631 277332
8010 5871 85547
2980 9612 834001
638 8840 1222882
8325 1584 1475107
472 1091 459182
7970 234 485271
9239 1685 358464
1634 9511 1097029
3052 6554 95666
7513 3229 186268
7211 1874 167519
4851 6551 189701
465 3020 435228
2245 9274 374454
3792 2823 807687
7408 173 60170
890 5523 60822
5160 4602 846067
9041 7886 731097
4080 3827 559011
2405 5050 231221
322 4083 808245
9483 2688 1077984
9975 6666 893861
2994 7012 428853
2030 2226 736390
1444 8217 426093
3847 5354 559711
4074 4035 17153
605 2093 18056
5616 4407 123784
5699 6141 368223
6462 7505 229619
8229 2607 791772
5186 5344 1243316
4345 6684 657248
509 5731 156865
2191 8581 93049
5087 9808 456816
956 8978 523081
1144 9416 428543
7270 718 1652109
8258 8873 152464
