64
9641 7266 141996
2826 5750 1878173
7960 2801 2830005
5731 752 474363
2910 1415 431681
4514 2045 1221099
3606 1864 969339
6342 5677 7262453
1371 3552 1364505
131 5758 711566
8633 5694 3904748
4068 4247 970436
3976 1479 484262
4805 1866 258593
5099 8073 649594
7615 9162 569529
6613 4195 1300425
169 1296 458432
2937 1650 362181
2260 1775 1554046
800 9423 1354044
8797 761 866346
8265 2358 1891211
4173 3408 1506404
5552 7688 86425
158 4522 26576
2454 7418 4861178
899 0 133338
1922 6946 1106513
737 4343 800006
544 7390 5337712
9697 2774 1219244
4308 7459 1026617
3655 9084 751564
7158 3113 513935
2584 2726 1559111
8231 1451 2546027
4121 6404 2019884
7459 3172 551905
688 9027 1226012
4151 2847 818965
1059 6608 75760
8906 7252 3972525
5870 1444 1592624
2000 6227 2130706
7329 7885 5350605
7908 8577 535905
9575 1351 11810
9624 720 1042925
3463 9000 398265
4503 734 1141492
7469 8676 574512
3826 5540 480720
9601 4988 5347952
9918 3341 5794158
4697 256 672668
3286 2202 2169442
8386 7196 181409
2750 5252 892737
8539 7107 1301869
8464 9995 1120331
3287 7872 4447916
4958 9224 857165
9752 1792 1906061
