92
1312 6844 1270328
4872 1757 2860223
9173 7375 216842
5500 8103 134031
4308 9237 1463011
4277 4235 125016
7201 964 256805
8072 201 498185
1144 4219 654328
9060 3257 1313428
2642 9568 302322
3083 3680 235789
9542 5871 1408663
8796 8838 598907
2908 2683 347161
7939 5834 2284945
2961 2523 560396
6783 1676 478088
3176 1852 655539
6659 8086 114367
3475 5854 295547
2806 6398 710411
7832 8027 912638
7305 9297 21843
8867 5811 33165
9345 2258 1095375
5978 7180 723551
5913 1528 123289
2399 8001 1167786
9907 668 4304403
9566 8786 1021035
3522 7778 142907
3035 6272 170028
7401 4016 1293218
995 4387 504940
320 9866 607232
8010 4229 1892228
246 9769 1378613
8318 9094 375483
8641 6803 145418
3469 5958 2295891
4042 6786 2444896
1071 858 82170
872 5994 743010
4776 3976 624684
2992 2442 5424555
6124 2770 573791
8319 3582 837501
670 5293 324921
5833 9451 160586
9560 4285 1299019
8342 6276 158557
98 774 649245
3039 4310 1418696
8755 7230 458887
5584 8044 74519
1237 2939 1554857
6851 9175 2126646
8905 9000 1960650
7156 9381 703346
2670 4249 1036570
4538 2412 2837125
980 5464 84391
6136 2488 569662
2152 939 1056422
3941 3977 1137478
8288 2732 705751
8102 7013 631690
5639 631 518217
6717 4121 3302233
5292 5116 436211
6080 5004 637152
916 8887 1085500
7867 4954 2993546
7533 9050 424521
3740 5079 1634892
2510 6537 667028
7131 2491 1352163
6111 5834 1782827
9425 1837 1308390
2247 7907 2608274
7010 4590 277418
9180 2204 732216
9127 7419 954434
6221 743 2984293
578 8252 441663
7040 8736 1559147
5767 3177 2488121
4396 3491 1395695
5585 7974 624083
6783 2234 4047571
7442 8455 1071405
