188
9218 4221 32054
4375 5622 349202
8103 5515 706861
1743 4376 319298
8228 9495 1088769
9392 5741 70684
390 8594 122136
1524 809 316723
206 7663 1147294
5879 885 685321
9929 7515 418387
8397 6678 1087516
4442 7382 567777
141 9548 1682303
9812 2000 668
1173 3314 101652
3212 2015 468131
5373 1990 1289182
2998 7493 343814
1772 2389 792661
4654 4840 631190
2022 7167 279874
9931 3267 879190
1362 5084 513471
4436 2265 79578
7362 9090 120984
2782 5317 211589
5731 4170 972826
4463 7989 490082
2854 312 463012
5253 4034 483090
3024 8582 1178552
5638 170 943244
8453 2092 536759
2823 2888 229074
1796 6254 1279769
3891 1117 483381
2513 4011 1104237
541 6408 684999
4808 9989 172826
6628 1912 226382
9322 6178 53368
4451 2116 328930
6800 5043 649174
3765 1571 367783
250 6390 670111
5511 7378 931791
6676 1025 1974927
2965 2087 534433
1102 9105 878061
9894 3940 509815
7366 7633 30248
6998 6063 360587
57 9790 384792
8322 6431 398756
5945 1846 130512
6292 1319 189569
9050 1025 468198
2818 6150 814813
8968 829 740205
5965 5132 339941
9165 5409 507900
8335 4066 425559
7691 326 440200
4320 3673 511399
7636 8473 290173
9420 8078 534174
9069 7262 1195385
6022 4320 77444
829 644 436318
85 7808 41348
8015 3376 337568
8720 6185 259562
4502 9791 1372146
1746 4044 653974
9873 6290 342338
8137 4122 75851
4815 3496 74403
7590 5006 469853
1202 7941 134657
9158 5240 86627
8298 3096 321908
9356 8391 20105
7867 4399 1243071
4802 819 97204
3449 9146 73745
3719 8989 1092785
7096 5275 455927
389 1240 44649
1630 3498 650344
2359 7223 2078550
8170 4057 988573
6166 3718 1000786
9158 2042 159450
5279 1359 401061
7353 4878 1908634
2382 6031 15845
8182 8778 84844
843 1868 569081
2708 7587 690497
9054 5419 34000
1364 7721 211760
9875 8181 513601
9192 4345 348883
2787 9822 375880
7061 6915 565923
4391 1453 24949
4244 5015 21186
7837 4696 742637
7269 699 250979
959 7811 749368
3413 8391 1302428
3537 8479 570326
678 5812 160120
3681 3781 518730
6096 9451 80645
6064 3844 178606
9164 422 1896366
2981 2803 216557
3464 8165 70407
8823 1697 499151
4775 4842 244080
396 1215 553994
2518 6459 684856
2917 7934 387301
5852 8143 48463
596 7114 778317
2776 5195 820728
2210 8784 50188
952 4101 495919
219 9475 215412
9706 9839 148159
9816 8561 2631736
4902 6869 72647
2868 9484 265428
1668 2201 291652
1052 2420 588893
5640 2775 60240
9881 2368 193463
2546 4096 142515
7848 4827 39061
8866 9176 228162
4344 9265 2600934
9378 7340 563712
3555 7482 1107057
3280 1005 655752
7181 9068 202293
6166 5086 255601
9835 7392 166816
9122 8999 53335
6585 4500 766282
5625 9324 612476
5826 6750 151964
6484 9548 118907
9449 8912 556816
4974 1472 421667
5568 126 793614
5936 3768 987033
4506 6059 1189737
9911 1065 1158972
2586 9545 1370966
4885 1694 623019
1785 9536 271511
6148 5731 178937
3636 4138 863991
2080 1244 305862
5077 6865 1341015
2960 1939 352237
2049 7252 349595
7481 6810 186965
7680 2677 1021931
4867 6608 761346
379 4427 1010055
7220 7934 660906
713 2511 135058
9289 4204 40532
7597 23 777561
5549 6995 179601
8672 593 229405
574 1151 207014
5799 9108 123365
6282 3487 517525
2159 9612 1359525
8627 8693 393632
8028 8871 420917
3282 4226 76564
4545 6500 990880
4600 8890 138907
