173
5895 3150 1535560
3102 2825 1858058
2518 5788 493752
8770 325 438456
3264 7623 286601
3180 7074 101016
9505 3890 407633
9523 4417 333248
2332 5057 16080
3053 6617 166473
2070 1280 360366
5330 4933 688178
296 2957 605891
3299 5973 175338
3744 4365 153443
6141 6293 721941
8244 980 1295672
3940 8873 396651
751 6080 757973
2772 3418 489350
4775 5806 734617
447 7488 388900
7247 1140 1318780
4055 7035 747358
5854 689 1806377
5327 602 207016
1465 133 768328
6836 9975 1022424
8623 3975 327968
3385 7726 83782
6890 8722 108736
2612 5738 300294
1300 9666 2283982
8748 9496 222291
3928 8632 380634
6389 3043 734302
4858 2427 68916
8819 3809 1380764
6957 7293 38815
2705 426 196690
3975 4422 897104
2362 8077 3161
9698 1360 3392
3206 7120 225292
625 1770 1096941
4391 188 236415
1326 4735 200012
1228 950 92814
3905 3505 64550
9682 2030 584294
4593 4306 882423
5561 2313 19035
5243 4898 807241
2866 2154 10006
1022 3743 1629857
5921 3178 723842
2549 2111 147552
2995 4827 716914
2379 6812 1265204
7481 5082 125914
95 9388 946888
244 8041 267496
7076 155 290741
2336 1261 1229474
4673 8520 464312
8536 1815 284931
5735 3614 1437484
5529 6755 149466
2762 6531 1815603
970 4402 206476
8456 1906 484960
1360 6690 277499
2517 4772 970164
4286 2075 77789
206 3681 93785
7724 1448 367323
9503 5366 279533
1804 2125 480036
3370 3126 182916
5324 3066 1957047
8334 8138 1187251
1434 3149 395281
6292 550 2218
9188 601 1547049
4673 1970 570189
6292 2145 757763
478 8050 443243
7681 9449 11501
1605 6405 85647
4765 2666 197695
1959 8642 25331
3709 5477 177161
7799 4343 385858
3815 7255 605169
842 4232 541395
6429 1035 173645
2647 3384 137617
9789 8382 232186
8739 3053 1076103
2234 8079 1527328
3994 8171 46855
8645 6344 152027
1070 5189 716157
6391 5880 1468821
4368 330 829096
101 7152 2031676
9446 6777 401402
1131 7113 125177
8515 9128 575210
2781 5976 627376
4201 1100 207705
721 7577 77819
3996 9849 182458
2231 7904 714899
6180 858 641301
8675 3406 121057
8751 4462 5207
9065 7598 244602
7486 9676 11252
5251 9208 1205377
502 6971 377858
9259 7024 153409
6743 5518 940436
6883 4639 680125
7707 722 90695
6974 5957 984924
8642 1060 230811
3669 7317 1214921
716 2222 1263173
5113 9308 58163
9643 4813 234496
7974 1827 775095
8579 7528 117941
695 7798 74184
5634 3125 614764
4249 7600 173330
6254 6247 431203
2062 2929 851147
3922 4877 1041481
4908 1645 748811
6774 2541 1133461
868 375 383117
5620 4065 1551777
8817 8810 257871
3946 7515 351270
5812 3946 613702
307 5813 451978
4209 5050 165124
3968 6708 216727
1812 8926 1084394
7345 8942 57599
3256 1458 177685
6596 1784 1032897
4545 3079 1813135
7460 1681 170978
6848 9353 570493
9031 9224 1040772
1793 3406 1347811
2767 5520 1807387
9191 3533 1861553
7108 9863 415105
4662 6027 175490
721 5533 573674
1279 7621 508098
9725 859 15301
4251 8086 541516
6054 2465 271498
9990 7776 130816
475 8176 811664
8190 8140 661734
7521 5419 652718
22 1263 106897
7998 8534 1125147
