112
7516 2988 484333
9214 8067 441765
7758 9326 197194
4855 4285 913400
7471 9850 2219625
8219 9683 153353
954 1843 101112
7550 6835 340819
7837 5003 620128
6717 4797 141011
3607 5778 1926022
2902 741 208140
5400 9860 335307
746 9956 1413605
5619 7695 197599
6763 4645 1377955
9439 1383 59653
6982 9457 449775
5777 295 1419917
7003 7669 2005506
3344 924 403949
1136 7483 1779476
3048 5827 2533479
5102 6538 1488659
1678 6360 359382
9217 8864 1794254
3729 412 1920938
5903 2489 143046
683 8651 2713293
2976 3097 110791
8551 767 3075458
5724 1933 1204452
9086 9149 119579
5692 4769 65522
2430 6585 1199004
2295 3994 552064
782 5497 426260
8032 3257 1469494
9046 6796 958582
9949 5683 286402
715 8762 437218
3669 1395 397561
8661 7773 1424459
6400 1882 1655251
1529 24 68422
4069 1752 301634
3956 5686 863024
8682 7519 244307
3944 9549 255012
2937 9327 109284
6881 352 1302235
1210 9926 555919
1909 1012 914838
6313 4013 642740
6779 7588 311832
5007 5183 1148359
8643 7317 1777346
936 8626 903997
7012 2975 99222
724 5026 1736379
512 2355 1010527
2435 7778 2798779
8282 81 103433
2166 7500 33149
2135 8405 565145
8695 3868 2885451
1028 9448 228063
1658 9652 1649447
8516 4206 171370
6167 3447 129260
290 7073 77724
2193 1034 752163
3771 4812 2550847
6689 2749 960827
4412 9516 831465
452 6891 1562899
9517 7479 922184
5956 3662 833503
4788 6877 169013
8907 7497 2648404
4747 6451 41824
1982 48 1430965
4886 4102 1436475
7801 7848 231090
6042 5965 734154
6002 6175 37358
5176 3087 268987
2089 6361 860290
9852 3674 255875
4125 9536 1283323
9001 1504 1073360
3177 3008 90315
4233 2960 285003
7779 5139 911814
4015 4055 1091546
5160 8191 1044098
9125 3622 1211524
5887 6174 3243168
1101 8415 22150
3397 9097 436804
4904 6355 20576
274 8602 2010594
2340 1423 333630
3071 5834 130703
2468 3514 458270
4199 3457 448855
3777 1955 9589
6032 9140 77366
8899 4520 663938
5931 2380 2657253
321 3955 3333864
440 6553 222244
