148
4009 9677 118414
7523 745 156865
5993 292 210704
1849 5318 4478851
4348 2059 1517666
2879 5769 1308088
3652 8413 1782467
7010 7363 1156270
3152 9796 1415398
5601 2898 1048674
6027 3654 87176
3769 8897 342715
7407 9721 189675
4863 2280 966387
9419 752 9081
9432 9542 1959422
9216 1150 2251722
8145 2864 552596
7832 2388 22839
6460 353 752514
4214 9354 253097
6633 9825 696191
477 6291 2579550
7856 5094 345539
2304 4686 409199
9698 9973 164308
7080 3619 1597037
8227 3687 325784
4237 9535 184423
9726 3793 192799
7860 4945 648223
4705 3434 10577
3905 8033 1916241
3468 8651 694681
2871 6904 259724
3409 6266 97121
5587 1291 815816
5745 6811 2518505
1658 2180 177286
9540 2151 315656
3385 6198 133913
5720 2320 1294313
7463 2779 516814
4820 792 1509705
6131 4847 95584
8920 3978 454564
8659 3896 37089
3546 8321 1924045
2999 967 624094
5021 6135 179484
8413 3936 433357
4232 4016 3267193
2702 6946 313027
7027 5929 563122
6295 7357 716176
2316 9111 18289
4944 8905 505682
501 4318 624334
9410 957 844204
2732 2299 227962
7988 4997 77975
9057 740 612886
7757 5370 209376
1244 8000 1954931
386 1747 110860
2194 7627 53879
1782 2546 317483
8336 770 76320
7790 5208 884265
6294 5670 815491
2358 4702 112935
5964 2401 184922
824 2569 551662
1089 3161 630445
1891 4875 482188
7288 3038 804001
298 1095 37985
8616 3663 2033619
3214 8121 390653
3034 5033 200255
8548 1733 2311105
3239 7744 656774
595 2621 653934
748 3194 878448
3046 7927 53619
6812 9974 257310
1829 6234 377464
217 9826 182921
5238 8942 650457
9845 2466 156431
8024 351 680029
8486 3072 987214
8451 4935 2983349
7262 4677 429813
7740 1106 101452
7623 2889 314478
7987 8297 359611
6210 1595 1082954
3627 2143 266374
4500 9144 934301
2583 1986 57640
2048 2120 452668
3980 5920 655532
8504 8984 316567
1110 5930 897990
9042 4981 161348
2490 2734 300751
638 5651 131986
1367 8672 513293
3191 9560 244338
359 7944 1149011
970 3114 202829
2949 1431 1796614
4888 2602 320783
2400 3172 762709
3961 6239 538061
9873 3614 659061
408 5657 87728
8890 3362 265926
9120 6995 217637
5277 7069 1545875
7794 133 215347
540 8253 745922
3294 418 329373
9229 8076 452638
9625 4566 238558
6088 2448 178445
5417 4465 2055361
8797 7028 893486
6608 9092 513298
9984 1164 9616
3679 228 316713
3110 9931 967047
4571 5754 4500
6445 1943 293625
3253 3129 1131589
3524 1144 81111
4796 3419 755848
5432 6512 56737
2486 7677 544778
8071 4525 458175
5941 8846 1440560
7793 3744 302513
2083 6470 312372
7946 1098 98617
4635 3188 1161317
9286 2719 210212
8856 5664 1281494
