78
175 1260 1896458
8072 402 954019
565 6404 6689835
5145 7991 626830
8878 1053 565868
434 4107 100398
7663 3239 17025
6089 3366 1297504
2304 4720 888130
817 4324 1001
9141 3119 743335
1122 5192 1541061
1613 8919 756244
4535 4585 1863664
5735 1510 96607
770 3993 2210446
6091 1589 3474054
9189 1493 445763
5806 7936 34613
7994 859 1483519
4326 9142 1707667
8171 8589 48994
565 9662 2223624
7429 3585 499956
6903 3193 2294642
5906 3364 453032
613 5795 577272
140 4643 1689752
2446 1971 473629
867 8869 1724808
2946 6153 151594
8786 2783 1203822
8834 2383 870209
6125 9820 1880648
8567 6488 411241
5131 2250 1716041
9164 7205 3721628
7971 2185 1626942
2124 8871 560914
2115 6192 1075564
5246 5368 1542920
9238 4567 2264508
3802 3801 2509291
7576 7421 1008539
4545 3445 1135998
3944 2804 6762013
9045 9849 682744
2671 2416 9910
6011 5711 654664
3545 1491 459950
959 7442 115770
4052 3571 15517
9385 8408 599073
5691 3304 855179
9102 5309 6599381
765 2401 997951
1665 3330 590133
4773 1540 59463
7822 8923 1959218
8558 5388 1165768
8692 466 1307342
6084 3185 3040826
6354 7201 216886
7699 3366 2400359
3192 9710 2615175
7684 1363 2671205
7928 8133 412078
6278 2632 391149
6114 9163 313515
2155 9204 100303
9354 3984 430538
6728 7116 1289267
2407 8901 447120
840 2325 142485
5915 4816 472872
8178 7158 2327313
2979 9981 64538
9793 6944 770686
