110
5576 3424 712172
9382 9210 919542
6999 6262 556252
2483 3637 1718283
8133 4784 1621488
4442 4234 258227
8884 2768 852899
7341 7085 1793395
6230 1852 694652
329 1467 1439572
1536 5369 584809
8818 9914 1988437
6084 2405 270850
4032 9899 105528
8470 2678 260938
8029 8507 289476
7754 7599 2555951
1835 9377 523447
2539 2592 920422
7279 9894 418718
8955 9453 351511
5175 5499 269688
3816 5190 12172
3641 3132 1306426
9897 882 3693502
9607 3361 52200
5486 1287 653338
9291 4979 95478
3351 3188 759370
409 8620 508997
1634 2961 280246
5430 2583 938048
9975 2262 2679912
5179 2219 853630
2929 450 2432302
1215 2066 1269
1881 4809 226426
4946 5324 602050
6807 2453 537713
7689 2526 1743056
5583 8905 1813547
2444 3092 456629
653 7307 630466
7458 800 1505161
2520 4777 1004257
2462 6386 2068941
115 303 829479
8730 7491 1483359
1828 1580 78585
3618 1323 455079
6318 29 1886091
6421 5802 22837
6250 3801 2157866
3152 4614 1483564
7331 6977 2157383
660 4809 605282
8958 7167 901121
5556 5574 382038
5377 6200 147139
8353 920 544173
4949 4102 313803
3535 2386 904816
1016 3645 791572
3451 6940 817861
8476 599 985627
2941 5753 820134
1875 7525 239206
257 9062 523845
5178 6610 84387
7536 3699 728569
5254 6719 1164228
4393 176 933031
3005 7 415669
1787 2045 1437458
6328 8944 1391038
4380 3166 1620254
6339 4281 329745
5806 4258 390600
3148 3247 1320029
6573 6315 415705
8730 490 725020
2655 704 111127
7076 8070 1641794
663 2890 919746
2768 1108 139526
5562 2629 275786
6473 4220 2271839
7588 5327 1064657
8765 3361 107652
6875 4739 1414026
7152 521 1440201
6594 8245 194419
3364 6490 313141
962 2208 831107
6509 5262 203974
6164 7859 813914
9084 9099 816264
2858 5463 960667
7627 4781 732099
5488 2241 1936595
9512 4250 1819457
6650 6258 3432423
7098 1442 722565
9722 7987 263547
1720 9128 786257
2010 5330 355749
6940 573 1404316
3283 5704 197353
9481 9524 830605
2224 4713 551208
