188
4257 7669 990026
4206 647 207824
3564 9222 1244996
1627 7765 294847
6931 8234 39159
5079 3512 333425
1542 9984 461982
4547 3028 147668
1738 4330 197287
8323 9223 274492
2327 8092 405105
3155 3874 885843
4109 9135 209112
5020 591 23042
2991 3133 180510
8254 4663 787282
6029 2478 100051
9749 5382 379404
9761 5536 2551560
6893 4579 297796
3918 8650 167047
9752 6209 670449
879 5690 986368
6817 9075 51905
3810 75 348445
3825 4360 708056
851 5772 1863254
3137 4561 303917
4807 8201 811885
4468 6488 1741812
2816 2357 1513937
1236 156 96503
1833 2203 218432
7452 8361 40335
2083 6426 749909
1734 8183 522901
9126 240 186524
6369 1311 86428
8360 4958 1378823
1991 5422 193340
8472 716 1433669
705 6664 125271
9166 5206 656674
4282 5090 1255922
5052 1015 56676
4617 7070 252234
420 2485 130483
7337 7703 421461
6694 9999 249826
3814 7295 7007
6431 4842 619043
3153 9508 925649
119 1512 467420
188 6044 379028
8669 2126 53525
7473 9664 1332981
8858 428 1069125
9277 6827 426660
6600 1342 567050
5553 3169 963145
9105 2004 120618
2480 1153 266786
2575 9745 1330359
2227 4609 565767
3902 9490 555075
485 5398 52605
2725 1208 312327
4883 6592 1052502
4067 4318 548376
911 7075 14605
7577 8230 85730
3599 5754 458885
6358 827 281751
6658 6982 81407
4132 2133 259365
8533 9239 91742
8362 9047 980100
2603 783 532025
2845 153 2672936
473 277 285015
9596 4841 711026
7009 763 833058
7031 2710 2368058
5606 2795 1661145
7362 7874 706694
9227 6498 180929
5276 1717 353621
6660 8857 146750
3449 354 79316
5754 5317 373796
3100 4349 844920
353 7994 473156
4217 726 57752
2000 6970 232999
8704 2512 154367
9623 9033 643844
5756 6192 145597
4342 7537 301920
1889 6442 110657
2260 2190 221767
2243 5316 742091
9687 1254 2588524
3189 2931 153709
1112 6891 842136
8657 691 54916
1889 384 334997
5017 5741 298774
5939 6938 336229
2875 9226 695737
341 1917 32175
1336 1181 970393
6816 6167 298277
5523 6105 855614
5980 2995 374675
2294 7834 233160
649 2882 683984
4032 4458 1114498
2175 3511 871863
8947 1230 864822
7117 2226 470501
7161 8551 156380
9420 4274 76711
7526 8672 987992
4573 9662 119724
317 4080 11275
1829 1505 493739
7901 711 1026515
9364 4801 1239145
7035 6053 142387
6944 3926 4105645
6263 5050 657037
1262 9395 132980
7157 9574 367852
5336 341 18729
8497 3904 391478
4492 7981 111701
9 9152 893908
4709 3853 169452
7336 5461 309704
5948 4089 914712
6210 1530 674571
578 5633 90742
7790 3813 58005
3413 6383 699130
4550 9848 58020
7103 5706 206405
2611 1644 316578
6887 7168 432601
7897 2238 602028
9701 1711 97940
8461 7888 300961
1605 3269 225620
3458 4698 560154
1618 2187 2656
4100 6090 178979
4741 4624 581831
2261 6822 192904
9410 6675 1113197
3831 5512 501326
1714 6997 418513
8569 8559 945884
2752 3682 295445
5349 7305 56734
2832 4130 556292
4781 4245 59071
5110 2293 1101939
1147 6787 682847
3778 6370 290899
3607 923 780812
2425 5844 1032252
9331 1421 662105
1216 4098 26238
8283 7087 63900
3891 7253 127841
6090 3908 21845
9786 5845 126913
5267 3945 352956
4478 7237 61446
1732 6545 68662
7598 9507 1385060
2952 4968 57595
4163 7180 255862
6059 1556 68241
476 2622 370744
8124 4980 1054988
7298 7589 529163
28 4425 110889
8364 5636 1203197
